3 1 1823 1524 258 395 -1 -1 -1 -1 
4 1 1823 1524 258 395 -1 -1 -1 -1 
66 23 1453 761 70 64 -1 -1 -1 -1 
67 23 1435 770 79 68 -1 -1 -1 -1 
68 23 1416 781 87 75 -1 -1 -1 -1 
69 23 1387 800 101 86 -1 -1 -1 -1 
70 23 1361 812 107 90 -1 -1 -1 -1 
71 23 1325 829 120 110 -1 -1 -1 -1 
72 23 1283 856 135 123 -1 -1 -1 -1 
73 23 1199 886 191 164 -1 -1 -1 -1 
74 23 1113 920 228 206 -1 -1 -1 -1 
75 23 989 971 293 262 -1 -1 -1 -1 
76 23 989 971 293 262 -1 -1 -1 -1 
138 36 496 947 175 123 -1 -1 -1 -1 
139 36 415 975 187 133 -1 -1 -1 -1 
140 36 350 1009 195 134 -1 -1 -1 -1 
142 36 350 1009 195 134 -1 -1 -1 -1 
