3 1 581 168 17 18 -1 -1 -1 -1 
4 1 582 168 17 19 -1 -1 -1 -1 
4 3 513 149 16 16 -1 -1 -1 -1 
5 1 582 168 17 19 -1 -1 -1 -1 
5 3 513 149 16 16 -1 -1 -1 -1 
6 1 584 168 16 21 -1 -1 -1 -1 
6 3 514 149 16 15 -1 -1 -1 -1 
7 1 584 170 17 21 -1 -1 -1 -1 
8 1 585 172 16 20 -1 -1 -1 -1 
9 1 585 172 16 20 -1 -1 -1 -1 
10 1 585 174 18 20 -1 -1 -1 -1 
11 1 585 174 18 20 -1 -1 -1 -1 
12 1 586 174 18 22 -1 -1 -1 -1 
13 1 586 177 19 21 -1 -1 -1 -1 
14 1 586 177 19 21 -1 -1 -1 -1 
15 1 586 178 21 22 -1 -1 -1 -1 
16 1 586 178 21 22 -1 -1 -1 -1 
17 1 587 179 21 24 -1 -1 -1 -1 
18 1 587 179 21 25 -1 -1 -1 -1 
19 1 587 179 21 25 -1 -1 -1 -1 
20 1 588 181 21 25 -1 -1 -1 -1 
21 1 588 181 21 25 -1 -1 -1 -1 
22 1 589 182 22 27 -1 -1 -1 -1 
23 1 590 186 22 26 -1 -1 -1 -1 
24 1 590 186 22 26 -1 -1 -1 -1 
25 1 591 187 23 28 -1 -1 -1 -1 
26 1 591 187 23 28 -1 -1 -1 -1 
27 1 592 188 26 31 -1 -1 -1 -1 
28 1 592 190 30 34 -1 -1 -1 -1 
29 1 592 190 30 34 -1 -1 -1 -1 
30 1 594 193 28 33 -1 -1 -1 -1 
31 1 594 193 28 33 -1 -1 -1 -1 
32 1 596 194 27 36 -1 -1 -1 -1 
33 1 597 198 28 34 -1 -1 -1 -1 
34 1 597 198 28 34 -1 -1 -1 -1 
35 1 599 202 29 37 -1 -1 -1 -1 
36 1 599 202 29 37 -1 -1 -1 -1 
37 1 599 204 31 39 -1 -1 -1 -1 
49 1 599 204 31 39 -1 -1 -1 -1 
51 4 612 233 27 61 -1 -1 -1 -1 
52 4 612 233 27 61 -1 -1 -1 -1 
53 4 614 240 25 61 -1 -1 -1 -1 
54 4 616 247 23 67 -1 -1 -1 -1 
55 4 616 247 23 67 -1 -1 -1 -1 
56 4 621 251 18 76 -1 -1 -1 -1 
57 4 621 251 18 76 -1 -1 -1 -1 
96 4 621 251 18 76 -1 -1 -1 -1 
98 5 1 277 99 191 -1 -1 -1 -1 
99 5 0 256 142 196 -1 -1 -1 -1 
100 5 0 256 142 196 -1 -1 -1 -1 
101 5 1 218 180 225 -1 -1 -1 -1 
102 5 1 218 180 225 -1 -1 -1 -1 
103 5 1 207 209 267 -1 -1 -1 -1 
104 5 1 196 240 278 -1 -1 -1 -1 
105 5 1 196 240 278 -1 -1 -1 -1 
106 5 5 188 260 274 -1 -1 -1 -1 
107 5 5 188 260 274 -1 -1 -1 -1 
108 5 1 183 290 251 -1 -1 -1 -1 
109 5 3 175 307 230 -1 -1 -1 -1 
110 5 32 160 297 225 -1 -1 -1 -1 
111 5 32 160 297 225 -1 -1 -1 -1 
112 5 77 155 264 208 -1 -1 -1 -1 
113 5 77 155 264 208 -1 -1 -1 -1 
114 5 116 158 242 189 -1 -1 -1 -1 
115 5 147 159 223 171 -1 -1 -1 -1 
116 5 147 159 223 171 -1 -1 -1 -1 
117 5 180 157 199 159 -1 -1 -1 -1 
118 5 180 157 199 159 -1 -1 -1 -1 
119 5 206 156 182 148 -1 -1 -1 -1 
120 5 226 154 171 139 -1 -1 -1 -1 
121 5 226 154 171 139 -1 -1 -1 -1 
121 6 250 142 19 33 -1 -1 -1 -1 
122 5 226 154 171 139 -1 -1 -1 -1 
124 7 499 165 24 20 -1 -1 -1 -1 
125 7 501 164 24 20 -1 -1 -1 -1 
126 7 501 164 24 20 -1 -1 -1 -1 
127 7 505 163 21 18 -1 -1 -1 -1 
128 7 505 163 21 18 -1 -1 -1 -1 
129 7 507 161 19 19 -1 -1 -1 -1 
130 7 509 159 19 20 -1 -1 -1 -1 
131 7 509 159 19 20 -1 -1 -1 -1 
132 7 510 159 19 18 -1 -1 -1 -1 
133 7 510 159 19 18 -1 -1 -1 -1 
134 7 511 158 19 19 -1 -1 -1 -1 
135 7 512 157 19 18 -1 -1 -1 -1 
136 7 512 157 19 18 -1 -1 -1 -1 
136 9 0 324 131 145 -1 -1 -1 -1 
137 7 512 155 20 19 -1 -1 -1 -1 
137 9 0 305 175 136 -1 -1 -1 -1 
138 7 512 155 20 19 -1 -1 -1 -1 
138 9 0 305 175 136 -1 -1 -1 -1 
139 7 514 156 19 17 -1 -1 -1 -1 
139 9 28 287 188 124 -1 -1 -1 -1 
140 7 516 154 18 17 -1 -1 -1 -1 
140 9 79 273 169 109 -1 -1 -1 -1 
141 7 516 154 18 17 -1 -1 -1 -1 
141 9 79 273 169 109 -1 -1 -1 -1 
142 7 517 154 17 16 -1 -1 -1 -1 
142 9 125 257 152 101 -1 -1 -1 -1 
143 7 517 154 17 16 -1 -1 -1 -1 
143 9 125 257 152 101 -1 -1 -1 -1 
