9 1 209 320 167 137 -1 -1 -1 -1 
10 1 209 320 167 137 -1 -1 -1 -1 
11 1 209 320 167 137 -1 -1 -1 -1 
13 2 331 258 103 87 -1 -1 -1 -1 
14 2 357 245 90 78 -1 -1 -1 -1 
15 2 378 234 79 67 -1 -1 -1 -1 
16 2 396 224 70 62 -1 -1 -1 -1 
17 2 396 224 70 62 -1 -1 -1 -1 
18 2 410 216 65 56 -1 -1 -1 -1 
19 2 419 211 62 51 -1 -1 -1 -1 
20 2 428 205 57 47 -1 -1 -1 -1 
21 2 438 200 51 44 -1 -1 -1 -1 
24 2 455 192 43 38 -1 -1 -1 -1 
25 2 461 188 40 36 -1 -1 -1 -1 
26 2 461 188 40 36 -1 -1 -1 -1 
27 2 467 186 36 33 -1 -1 -1 -1 
28 2 472 183 33 31 -1 -1 -1 -1 
29 2 475 181 32 28 -1 -1 -1 -1 
30 2 479 177 31 29 -1 -1 -1 -1 
31 2 483 175 30 28 -1 -1 -1 -1 
32 2 483 175 30 28 -1 -1 -1 -1 
33 2 485 173 30 25 -1 -1 -1 -1 
36 2 492 169 26 24 -1 -1 -1 -1 
37 2 492 169 26 24 -1 -1 -1 -1 
38 2 495 167 25 23 -1 -1 -1 -1 
39 2 496 166 25 25 -1 -1 -1 -1 
40 2 498 165 23 22 -1 -1 -1 -1 
41 2 498 165 23 22 -1 -1 -1 -1 
42 2 499 163 23 21 -1 -1 -1 -1 
43 2 501 162 22 20 -1 -1 -1 -1 
44 2 504 160 20 19 -1 -1 -1 -1 
45 2 506 159 19 18 -1 -1 -1 -1 
46 2 508 158 18 18 -1 -1 -1 -1 
47 2 510 156 18 19 -1 -1 -1 -1 
48 2 510 156 18 19 -1 -1 -1 -1 
49 2 511 156 17 17 -1 -1 -1 -1 
50 2 512 156 18 16 -1 -1 -1 -1 
51 2 513 155 18 15 -1 -1 -1 -1 
52 2 513 155 18 15 -1 -1 -1 -1 
53 2 514 154 18 16 -1 -1 -1 -1 
54 2 515 153 17 15 -1 -1 -1 -1 
55 2 517 151 16 16 -1 -1 -1 -1 
56 2 518 151 15 15 -1 -1 -1 -1 
57 2 518 151 15 15 -1 -1 -1 -1 
58 2 518 151 16 13 -1 -1 -1 -1 
59 2 519 150 15 14 -1 -1 -1 -1 
128 2 519 150 15 14 -1 -1 -1 -1 
131 5 0 330 173 137 -1 -1 -1 -1 
132 5 23 311 186 125 -1 -1 -1 -1 
133 5 23 311 186 125 -1 -1 -1 -1 
134 5 69 294 170 114 -1 -1 -1 -1 
135 5 109 281 156 104 -1 -1 -1 -1 
136 5 146 269 142 96 -1 -1 -1 -1 
137 5 180 255 128 88 -1 -1 -1 -1 
138 5 209 247 117 78 -1 -1 -1 -1 
139 5 234 237 107 73 -1 -1 -1 -1 
140 5 257 230 99 66 -1 -1 -1 -1 
141 5 278 221 89 64 -1 -1 -1 -1 
142 5 296 216 83 58 -1 -1 -1 -1 
143 5 313 211 76 54 -1 -1 -1 -1 
144 5 326 205 72 53 -1 -1 -1 -1 
145 5 339 200 67 49 -1 -1 -1 -1 
146 5 339 200 67 49 -1 -1 -1 -1 
147 5 351 195 62 49 -1 -1 -1 -1 
148 5 362 197 58 40 -1 -1 -1 -1 
149 5 371 193 54 39 -1 -1 -1 -1 
150 5 381 189 50 39 -1 -1 -1 -1 
151 5 387 187 49 37 -1 -1 -1 -1 
152 5 395 185 47 35 -1 -1 -1 -1 
153 5 402 183 43 33 -1 -1 -1 -1 
154 5 409 180 42 32 -1 -1 -1 -1 
155 5 413 178 42 30 -1 -1 -1 -1 
156 5 419 176 40 30 -1 -1 -1 -1 
157 5 425 174 36 29 -1 -1 -1 -1 
158 5 429 173 35 29 -1 -1 -1 -1 
159 5 433 172 33 26 -1 -1 -1 -1 
160 5 438 171 31 25 -1 -1 -1 -1 
161 5 438 171 31 25 -1 -1 -1 -1 
162 5 440 169 34 27 -1 -1 -1 -1 
163 5 444 168 32 26 -1 -1 -1 -1 
164 5 448 167 29 24 -1 -1 -1 -1 
165 5 451 166 30 24 -1 -1 -1 -1 
166 5 451 166 30 24 -1 -1 -1 -1 
167 5 454 165 29 23 -1 -1 -1 -1 
168 5 457 164 28 22 -1 -1 -1 -1 
169 5 460 162 26 22 -1 -1 -1 -1 
170 5 463 160 24 21 -1 -1 -1 -1 
171 5 463 160 24 21 -1 -1 -1 -1 
172 5 466 159 23 21 -1 -1 -1 -1 
173 5 467 158 23 20 -1 -1 -1 -1 
174 5 469 158 22 19 -1 -1 -1 -1 
175 5 473 157 20 18 -1 -1 -1 -1 
176 5 473 157 20 18 -1 -1 -1 -1 
177 5 473 156 21 18 -1 -1 -1 -1 
178 5 476 154 21 19 -1 -1 -1 -1 
179 5 478 154 21 18 -1 -1 -1 -1 
180 5 479 153 20 18 -1 -1 -1 -1 
181 5 479 153 20 18 -1 -1 -1 -1 
182 5 482 152 19 18 -1 -1 -1 -1 
183 5 484 151 19 18 -1 -1 -1 -1 
184 5 485 151 18 16 -1 -1 -1 -1 
185 5 486 150 18 17 -1 -1 -1 -1 
186 5 486 150 18 17 -1 -1 -1 -1 
187 5 488 150 17 17 -1 -1 -1 -1 
188 5 490 151 16 15 -1 -1 -1 -1 
189 5 492 150 15 15 -1 -1 -1 -1 
192 5 493 149 16 15 -1 -1 -1 -1 
195 5 493 149 16 15 -1 -1 -1 -1 
196 5 496 148 17 14 -1 -1 -1 -1 
197 5 496 148 17 14 -1 -1 -1 -1 
197 6 579 150 14 13 -1 -1 -1 -1 
198 5 497 147 16 14 -1 -1 -1 -1 
198 6 579 151 14 13 -1 -1 -1 -1 
200 5 497 147 16 14 -1 -1 -1 -1 
201 6 579 151 15 16 -1 -1 -1 -1 
202 6 579 152 15 16 -1 -1 -1 -1 
204 6 579 153 15 17 -1 -1 -1 -1 
205 6 580 154 15 15 -1 -1 -1 -1 
206 6 581 159 14 13 -1 -1 -1 -1 
206 8 215 327 163 130 -1 -1 -1 -1 
207 6 581 159 14 13 -1 -1 -1 -1 
207 8 262 304 140 109 -1 -1 -1 -1 
208 6 582 160 14 14 -1 -1 -1 -1 
208 8 299 284 120 93 -1 -1 -1 -1 
208 9 0 273 144 170 -1 -1 -1 -1 
209 6 582 160 14 14 -1 -1 -1 -1 
210 8 326 265 108 84 -1 -1 -1 -1 
211 8 354 254 93 71 -1 -1 -1 -1 
212 8 375 242 82 65 -1 -1 -1 -1 
213 6 584 165 16 15 -1 -1 -1 -1 
213 8 388 231 76 62 -1 -1 -1 -1 
213 10 3 243 236 160 -1 -1 -1 -1 
214 6 584 165 16 15 -1 -1 -1 -1 
214 8 388 231 76 62 -1 -1 -1 -1 
214 10 3 243 236 160 -1 -1 -1 -1 
215 6 584 166 18 15 -1 -1 -1 -1 
215 8 403 224 71 54 -1 -1 -1 -1 
215 10 33 233 223 153 -1 -1 -1 -1 
216 6 585 166 17 17 -1 -1 -1 -1 
216 8 409 216 70 52 -1 -1 -1 -1 
216 10 69 227 204 143 -1 -1 -1 -1 
217 6 586 168 17 17 -1 -1 -1 -1 
217 8 422 209 62 48 -1 -1 -1 -1 
217 10 97 219 193 139 -1 -1 -1 -1 
218 6 587 171 17 16 -1 -1 -1 -1 
218 8 430 207 57 41 -1 -1 -1 -1 
218 10 126 216 178 128 -1 -1 -1 -1 
219 6 587 171 17 16 -1 -1 -1 -1 
219 8 430 207 57 41 -1 -1 -1 -1 
219 10 126 216 178 128 -1 -1 -1 -1 
220 6 588 174 17 15 -1 -1 -1 -1 
220 8 436 203 56 37 -1 -1 -1 -1 
220 10 147 211 168 120 -1 -1 -1 -1 
221 6 587 174 19 18 -1 -1 -1 -1 
221 8 444 198 52 35 -1 -1 -1 -1 
221 10 171 205 154 117 -1 -1 -1 -1 
222 6 588 175 19 18 -1 -1 -1 -1 
222 8 456 194 42 34 -1 -1 -1 -1 
222 10 193 202 144 109 -1 -1 -1 -1 
223 6 588 179 21 18 -1 -1 -1 -1 
223 8 461 190 40 33 -1 -1 -1 -1 
223 10 212 198 136 103 -1 -1 -1 -1 
224 6 588 179 21 18 -1 -1 -1 -1 
224 8 461 190 40 33 -1 -1 -1 -1 
224 10 212 198 136 103 -1 -1 -1 -1 
225 6 591 182 19 18 -1 -1 -1 -1 
225 8 468 188 35 30 -1 -1 -1 -1 
225 10 227 194 130 101 -1 -1 -1 -1 
226 6 591 184 20 18 -1 -1 -1 -1 
226 8 471 184 36 30 -1 -1 -1 -1 
226 10 246 190 115 95 -1 -1 -1 -1 
227 6 593 185 20 20 -1 -1 -1 -1 
227 8 475 181 33 29 -1 -1 -1 -1 
227 10 260 189 112 87 -1 -1 -1 -1 
228 6 594 187 22 21 -1 -1 -1 -1 
228 8 479 179 32 27 -1 -1 -1 -1 
228 10 274 186 104 87 -1 -1 -1 -1 
229 6 594 187 22 21 -1 -1 -1 -1 
229 8 479 179 32 27 -1 -1 -1 -1 
229 10 274 186 104 87 -1 -1 -1 -1 
230 6 594 189 23 23 -1 -1 -1 -1 
230 8 479 176 33 27 -1 -1 -1 -1 
230 10 284 182 102 84 -1 -1 -1 -1 
231 6 596 190 24 26 -1 -1 -1 -1 
231 8 483 174 32 25 -1 -1 -1 -1 
231 10 298 182 95 77 -1 -1 -1 -1 
232 6 597 193 26 26 -1 -1 -1 -1 
232 8 486 173 30 23 -1 -1 -1 -1 
232 10 307 181 93 71 -1 -1 -1 -1 
233 6 597 193 26 26 -1 -1 -1 -1 
233 8 490 172 28 22 -1 -1 -1 -1 
233 10 317 178 86 71 -1 -1 -1 -1 
234 8 490 172 28 22 -1 -1 -1 -1 
234 10 317 178 86 71 -1 -1 -1 -1 
235 8 494 170 26 22 -1 -1 -1 -1 
235 10 327 176 82 67 -1 -1 -1 -1 
236 8 496 168 25 22 -1 -1 -1 -1 
236 10 336 173 78 67 -1 -1 -1 -1 
237 8 498 167 24 21 -1 -1 -1 -1 
237 10 343 173 75 61 -1 -1 -1 -1 
238 8 498 167 24 21 -1 -1 -1 -1 
238 10 343 173 75 61 -1 -1 -1 -1 
238 12 604 204 35 34 -1 -1 -1 -1 
239 8 499 166 24 18 -1 -1 -1 -1 
239 10 350 170 74 61 -1 -1 -1 -1 
240 8 501 165 23 17 -1 -1 -1 -1 
240 10 357 169 70 58 -1 -1 -1 -1 
241 8 505 162 20 17 -1 -1 -1 -1 
241 10 365 168 64 56 -1 -1 -1 -1 
242 8 505 162 20 17 -1 -1 -1 -1 
242 10 365 168 64 56 -1 -1 -1 -1 
243 8 507 160 19 17 -1 -1 -1 -1 
243 10 372 167 61 54 -1 -1 -1 -1 
244 6 592 163 16 16 -1 -1 -1 -1 
244 8 509 159 19 16 -1 -1 -1 -1 
244 10 378 166 60 54 -1 -1 -1 -1 
245 6 593 165 16 15 -1 -1 -1 -1 
245 8 511 158 19 15 -1 -1 -1 -1 
245 10 388 164 55 48 -1 -1 -1 -1 
246 6 594 167 15 14 -1 -1 -1 -1 
246 8 512 157 19 15 -1 -1 -1 -1 
246 10 392 163 55 47 -1 -1 -1 -1 
247 6 594 167 15 14 -1 -1 -1 -1 
247 8 512 157 19 15 -1 -1 -1 -1 
247 10 392 163 55 47 -1 -1 -1 -1 
248 6 595 167 15 15 -1 -1 -1 -1 
248 8 514 156 18 14 -1 -1 -1 -1 
248 10 398 162 52 47 -1 -1 -1 -1 
249 6 594 167 17 18 -1 -1 -1 -1 
249 8 514 155 19 14 -1 -1 -1 -1 
249 10 403 161 48 46 -1 -1 -1 -1 
250 6 594 168 18 18 -1 -1 -1 -1 
250 8 517 155 16 13 -1 -1 -1 -1 
250 10 407 160 47 45 -1 -1 -1 -1 
251 6 594 168 18 18 -1 -1 -1 -1 
251 8 517 155 16 13 -1 -1 -1 -1 
251 10 407 160 47 45 -1 -1 -1 -1 
252 6 594 170 20 18 -1 -1 -1 -1 
252 8 518 153 16 14 -1 -1 -1 -1 
252 10 412 158 45 44 -1 -1 -1 -1 
253 6 594 170 20 18 -1 -1 -1 -1 
255 14 252 237 109 78 -1 -1 -1 -1 
256 14 252 237 109 78 -1 -1 -1 -1 
257 14 277 229 102 70 -1 -1 -1 -1 
258 14 297 222 90 63 -1 -1 -1 -1 
259 14 297 222 90 63 -1 -1 -1 -1 
260 14 316 217 82 56 -1 -1 -1 -1 
261 14 332 212 75 52 -1 -1 -1 -1 
262 14 332 212 75 52 -1 -1 -1 -1 
263 14 345 206 71 52 -1 -1 -1 -1 
264 14 358 203 65 48 -1 -1 -1 -1 
265 14 358 203 65 48 -1 -1 -1 -1 
266 14 369 200 60 44 -1 -1 -1 -1 
267 14 380 198 53 40 -1 -1 -1 -1 
268 14 380 198 53 40 -1 -1 -1 -1 
269 14 390 195 50 36 -1 -1 -1 -1 
270 14 397 191 51 37 -1 -1 -1 -1 
271 14 405 188 48 35 -1 -1 -1 -1 
272 14 405 188 48 35 -1 -1 -1 -1 
272 15 231 356 157 119 -1 -1 -1 -1 
273 14 409 186 47 34 -1 -1 -1 -1 
273 15 278 328 136 113 -1 -1 -1 -1 
274 14 414 182 46 33 -1 -1 -1 -1 
274 15 317 301 113 100 -1 -1 -1 -1 
275 14 423 179 41 33 -1 -1 -1 -1 
275 15 344 285 102 85 -1 -1 -1 -1 
276 14 423 179 41 33 -1 -1 -1 -1 
276 15 344 285 102 85 -1 -1 -1 -1 
277 14 430 177 36 30 -1 -1 -1 -1 
277 15 365 268 92 77 -1 -1 -1 -1 
278 14 434 176 34 29 -1 -1 -1 -1 
278 15 383 253 85 71 -1 -1 -1 -1 
279 14 439 174 35 27 -1 -1 -1 -1 
279 15 403 244 74 61 -1 -1 -1 -1 
280 14 439 174 35 27 -1 -1 -1 -1 
280 15 403 244 74 61 -1 -1 -1 -1 
281 14 441 172 35 27 -1 -1 -1 -1 
281 15 412 237 70 52 -1 -1 -1 -1 
282 14 444 171 35 25 -1 -1 -1 -1 
282 15 429 230 57 45 -1 -1 -1 -1 
283 14 450 168 31 27 -1 -1 -1 -1 
283 15 434 222 58 45 -1 -1 -1 -1 
284 14 451 167 32 26 -1 -1 -1 -1 
284 15 442 214 51 43 -1 -1 -1 -1 
285 14 451 167 32 26 -1 -1 -1 -1 
285 15 442 214 51 43 -1 -1 -1 -1 
286 14 454 166 30 25 -1 -1 -1 -1 
286 15 452 209 44 39 -1 -1 -1 -1 
287 14 460 166 25 23 -1 -1 -1 -1 
287 15 459 205 44 37 -1 -1 -1 -1 
288 14 462 166 26 22 -1 -1 -1 -1 
288 15 467 200 38 36 -1 -1 -1 -1 
289 14 462 166 26 22 -1 -1 -1 -1 
289 15 467 200 38 36 -1 -1 -1 -1 
290 14 464 165 24 21 -1 -1 -1 -1 
290 15 469 196 41 33 -1 -1 -1 -1 
291 14 466 163 24 22 -1 -1 -1 -1 
291 15 475 192 36 33 -1 -1 -1 -1 
292 14 468 163 23 19 -1 -1 -1 -1 
292 15 480 190 36 30 -1 -1 -1 -1 
293 14 471 161 22 20 -1 -1 -1 -1 
293 15 482 187 35 29 -1 -1 -1 -1 
294 14 471 161 22 20 -1 -1 -1 -1 
294 15 482 187 35 29 -1 -1 -1 -1 
295 14 474 160 19 20 -1 -1 -1 -1 
295 15 488 183 29 28 -1 -1 -1 -1 
296 14 475 160 19 18 -1 -1 -1 -1 
296 15 492 182 28 25 -1 -1 -1 -1 
297 14 477 160 20 17 -1 -1 -1 -1 
297 15 494 179 27 23 -1 -1 -1 -1 
298 14 479 157 19 18 -1 -1 -1 -1 
298 15 497 175 27 27 -1 -1 -1 -1 
299 14 479 157 19 18 -1 -1 -1 -1 
299 15 497 175 27 27 -1 -1 -1 -1 
300 14 481 158 18 16 -1 -1 -1 -1 
300 15 500 174 26 23 -1 -1 -1 -1 
301 14 483 155 19 19 -1 -1 -1 -1 
301 15 503 172 23 23 -1 -1 -1 -1 
302 14 485 155 18 17 -1 -1 -1 -1 
302 15 505 171 22 22 -1 -1 -1 -1 
303 14 485 155 18 17 -1 -1 -1 -1 
303 15 505 171 22 22 -1 -1 -1 -1 
304 14 486 153 18 16 -1 -1 -1 -1 
304 15 508 169 20 23 -1 -1 -1 -1 
305 14 487 153 17 16 -1 -1 -1 -1 
305 15 509 167 19 22 -1 -1 -1 -1 
306 14 489 152 16 17 -1 -1 -1 -1 
306 15 510 167 20 20 -1 -1 -1 -1 
307 14 491 152 16 15 -1 -1 -1 -1 
307 15 511 164 21 17 -1 -1 -1 -1 
308 14 491 152 16 15 -1 -1 -1 -1 
308 15 511 164 21 17 -1 -1 -1 -1 
309 14 492 152 15 14 -1 -1 -1 -1 
309 15 514 164 18 15 -1 -1 -1 -1 
310 14 494 151 14 14 -1 -1 -1 -1 
310 15 517 163 15 14 -1 -1 -1 -1 
311 14 494 150 16 15 -1 -1 -1 -1 
311 15 518 160 15 17 -1 -1 -1 -1 
312 14 495 150 17 14 -1 -1 -1 -1 
312 15 519 160 15 15 -1 -1 -1 -1 
313 14 495 150 17 14 -1 -1 -1 -1 
313 15 519 160 15 15 -1 -1 -1 -1 
314 14 496 149 17 15 -1 -1 -1 -1 
314 15 520 159 16 15 -1 -1 -1 -1 
315 14 496 149 17 14 -1 -1 -1 -1 
315 15 521 158 15 14 -1 -1 -1 -1 
316 14 498 148 17 14 -1 -1 -1 -1 
316 15 521 158 16 12 -1 -1 -1 -1 
317 14 499 147 16 14 -1 -1 -1 -1 
317 15 522 158 16 11 -1 -1 -1 -1 
318 14 499 147 16 14 -1 -1 -1 -1 
318 15 522 158 16 11 -1 -1 -1 -1 
319 14 501 147 14 13 -1 -1 -1 -1 
320 14 501 147 15 13 -1 -1 -1 -1 
321 14 502 148 15 11 -1 -1 -1 -1 
322 14 505 148 12 11 -1 -1 -1 -1 
323 14 505 148 12 11 -1 -1 -1 -1 
328 14 507 146 14 11 -1 -1 -1 -1 
329 14 507 146 14 11 -1 -1 -1 -1 
367 14 507 146 14 11 -1 -1 -1 -1 
370 14 594 172 15 12 -1 -1 -1 -1 
