13 16 424 205 18 21 -1 -1 -1 -1 
14 16 426 213 19 24 -1 -1 -1 -1 
15 16 427 223 24 29 -1 -1 -1 -1 
16 16 429 236 29 36 -1 -1 -1 -1 
17 16 432 250 33 47 -1 -1 -1 -1 
19 16 432 250 33 47 -1 -1 -1 -1 
27 41 372 193 18 17 -1 -1 -1 -1 
27 42 337 204 26 25 -1 -1 -1 -1 
28 41 368 195 20 18 -1 -1 -1 -1 
28 42 325 208 33 31 -1 -1 -1 -1 
29 41 363 198 22 21 -1 -1 -1 -1 
29 42 310 214 39 38 -1 -1 -1 -1 
29 48 428 182 14 10 -1 -1 -1 -1 
30 41 359 202 23 21 -1 -1 -1 -1 
30 42 294 221 48 46 -1 -1 -1 -1 
30 48 428 182 14 10 -1 -1 -1 -1 
31 41 353 206 26 24 -1 -1 -1 -1 
31 42 267 231 59 60 -1 -1 -1 -1 
31 48 428 182 14 11 -1 -1 -1 -1 
32 41 344 212 30 26 -1 -1 -1 -1 
32 42 267 231 59 60 -1 -1 -1 -1 
32 48 428 182 14 11 -1 -1 -1 -1 
32 53 380 177 11 10 -1 -1 -1 -1 
33 41 335 217 34 33 -1 -1 -1 -1 
33 48 428 182 14 11 -1 -1 -1 -1 
33 53 380 177 11 10 -1 -1 -1 -1 
34 41 319 228 42 38 -1 -1 -1 -1 
34 48 428 182 14 10 -1 -1 -1 -1 
35 41 299 239 52 50 -1 -1 -1 -1 
35 48 428 182 14 10 -1 -1 -1 -1 
35 53 375 181 12 12 -1 -1 -1 -1 
36 41 299 239 52 50 -1 -1 -1 -1 
36 48 428 182 14 10 -1 -1 -1 -1 
36 53 374 182 12 12 -1 -1 -1 -1 
37 48 428 182 14 10 -1 -1 -1 -1 
37 53 371 183 14 13 -1 -1 -1 -1 
38 48 428 182 14 10 -1 -1 -1 -1 
38 53 370 185 13 13 -1 -1 -1 -1 
39 48 428 182 14 10 -1 -1 -1 -1 
39 53 367 187 15 13 -1 -1 -1 -1 
40 48 428 182 14 10 -1 -1 -1 -1 
40 53 365 189 15 13 -1 -1 -1 -1 
41 48 428 182 14 10 -1 -1 -1 -1 
41 53 360 191 17 14 -1 -1 -1 -1 
42 48 428 182 14 10 -1 -1 -1 -1 
42 53 356 192 18 16 -1 -1 -1 -1 
43 48 428 182 14 10 -1 -1 -1 -1 
43 53 351 194 20 17 -1 -1 -1 -1 
44 48 428 182 14 10 -1 -1 -1 -1 
44 53 346 195 22 20 -1 -1 -1 -1 
45 48 428 182 14 10 -1 -1 -1 -1 
45 53 339 198 24 22 -1 -1 -1 -1 
46 48 428 182 14 10 -1 -1 -1 -1 
46 53 331 203 27 23 -1 -1 -1 -1 
46 71 371 187 13 10 -1 -1 -1 -1 
47 48 428 182 14 10 -1 -1 -1 -1 
47 53 321 205 31 28 -1 -1 -1 -1 
47 71 368 186 15 14 -1 -1 -1 -1 
48 48 428 182 14 10 -1 -1 -1 -1 
48 53 312 209 34 32 -1 -1 -1 -1 
48 71 366 189 15 13 -1 -1 -1 -1 
49 48 428 182 14 10 -1 -1 -1 -1 
49 53 296 215 42 37 -1 -1 -1 -1 
49 71 363 189 16 17 -1 -1 -1 -1 
50 48 428 182 14 10 -1 -1 -1 -1 
50 53 282 220 47 45 -1 -1 -1 -1 
50 71 358 190 19 19 -1 -1 -1 -1 
51 48 428 182 14 10 -1 -1 -1 -1 
51 53 257 229 58 56 -1 -1 -1 -1 
51 71 353 194 20 20 -1 -1 -1 -1 
52 48 428 182 14 10 -1 -1 -1 -1 
52 53 257 229 58 56 -1 -1 -1 -1 
52 71 347 198 23 22 -1 -1 -1 -1 
53 48 336 172 12 9 -1 -1 -1 -1 
53 71 339 201 27 25 -1 -1 -1 -1 
54 48 428 182 14 11 -1 -1 -1 -1 
54 71 323 206 35 32 -1 -1 -1 -1 
55 48 428 182 14 10 -1 -1 -1 -1 
55 71 308 213 42 38 -1 -1 -1 -1 
55 82 384 176 8 9 -1 -1 -1 -1 
56 48 428 181 14 11 -1 -1 -1 -1 
56 71 308 213 42 38 -1 -1 -1 -1 
56 82 381 177 11 11 -1 -1 -1 -1 
57 48 428 181 14 11 -1 -1 -1 -1 
57 82 381 177 11 11 -1 -1 -1 -1 
59 82 376 180 11 13 -1 -1 -1 -1 
60 48 427 182 15 10 -1 -1 -1 -1 
60 82 374 182 14 12 -1 -1 -1 -1 
60 107 286 187 19 16 -1 -1 -1 -1 
61 48 427 182 15 10 -1 -1 -1 -1 
61 82 372 183 14 14 -1 -1 -1 -1 
61 107 275 190 21 20 -1 -1 -1 -1 
62 48 427 182 15 10 -1 -1 -1 -1 
62 82 370 184 14 14 -1 -1 -1 -1 
62 107 265 193 24 20 -1 -1 -1 -1 
63 82 368 186 15 14 -1 -1 -1 -1 
63 107 250 199 28 23 -1 -1 -1 -1 
64 48 383 175 12 10 -1 -1 -1 -1 
64 82 365 187 16 16 -1 -1 -1 -1 
64 107 234 205 29 24 -1 -1 -1 -1 
