25 3 1046 793 115 84 -1 -1 -1 -1 
26 3 1031 805 111 88 -1 -1 -1 -1 
27 3 988 826 110 81 -1 -1 -1 -1 
30 3 988 826 110 81 -1 -1 -1 -1 
32 6 730 926 171 102 -1 -1 -1 -1 
33 6 620 969 183 113 -1 -1 -1 -1 
35 6 460 1033 233 127 -1 -1 -1 -1 
53 6 460 1033 233 127 -1 -1 -1 -1 
55 8 1518 719 62 53 -1 -1 -1 -1 
56 8 1511 732 64 51 -1 -1 -1 -1 
57 8 1511 732 64 51 -1 -1 -1 -1 
60 8 1479 745 77 68 -1 -1 -1 -1 
61 8 1466 746 85 80 -1 -1 -1 -1 
62 8 1448 752 101 91 -1 -1 -1 -1 
63 8 1428 766 102 88 -1 -1 -1 -1 
64 8 1410 776 111 98 -1 -1 -1 -1 
65 8 1386 808 108 85 -1 -1 -1 -1 
65 11 1183 764 95 69 -1 -1 -1 -1 
66 8 1357 826 120 97 -1 -1 -1 -1 
66 11 1183 764 95 69 -1 -1 -1 -1 
67 8 1339 828 134 118 -1 -1 -1 -1 
67 11 1143 780 96 70 -1 -1 -1 -1 
68 8 1281 862 162 130 -1 -1 -1 -1 
68 11 1117 792 94 76 -1 -1 -1 -1 
68 12 1401 782 80 77 -1 -1 -1 -1 
69 8 1217 889 188 168 -1 -1 -1 -1 
69 11 1081 797 116 86 -1 -1 -1 -1 
69 12 1379 788 85 86 -1 -1 -1 -1 
70 8 1133 922 232 212 -1 -1 -1 -1 
70 11 1053 814 111 77 -1 -1 -1 -1 
70 12 1346 801 99 96 -1 -1 -1 -1 
71 8 1031 978 281 265 -1 -1 -1 -1 
71 11 1031 821 111 77 -1 -1 -1 -1 
71 12 1294 824 131 109 -1 -1 -1 -1 
72 8 1031 978 281 265 -1 -1 -1 -1 
72 11 989 839 127 79 -1 -1 -1 -1 
72 12 1271 839 123 121 -1 -1 -1 -1 
73 11 957 850 134 76 -1 -1 -1 -1 
73 12 1207 862 169 145 -1 -1 -1 -1 
74 11 905 870 139 90 -1 -1 -1 -1 
74 12 1110 902 212 185 -1 -1 -1 -1 
75 11 854 893 153 75 -1 -1 -1 -1 
75 12 1009 932 257 241 -1 -1 -1 -1 
76 11 812 915 160 91 -1 -1 -1 -1 
76 12 885 972 324 292 -1 -1 -1 -1 
77 11 749 936 170 91 -1 -1 -1 -1 
77 12 885 972 324 292 -1 -1 -1 -1 
78 11 749 936 170 91 -1 -1 -1 -1 
111 30 1680 784 62 60 -1 -1 -1 -1 
113 30 1672 791 73 64 -1 -1 -1 -1 
115 30 1685 807 68 64 -1 -1 -1 -1 
117 30 1684 816 74 71 -1 -1 -1 -1 
118 30 1685 822 74 71 -1 -1 -1 -1 
119 30 1679 823 84 82 -1 -1 -1 -1 
120 30 1685 834 77 76 -1 -1 -1 -1 
121 30 1688 839 78 86 -1 -1 -1 -1 
122 30 1686 839 83 92 -1 -1 -1 -1 
124 30 1687 863 98 95 -1 -1 -1 -1 
125 30 1692 869 90 93 -1 -1 -1 -1 
130 30 1690 912 108 100 -1 -1 -1 -1 
132 30 1690 912 108 100 -1 -1 -1 -1 
134 30 1700 959 109 127 -1 -1 -1 -1 
135 30 1700 965 118 136 -1 -1 -1 -1 
136 30 1699 976 123 142 -1 -1 -1 -1 
138 30 1694 1011 143 156 -1 -1 -1 -1 
139 30 1694 1011 143 156 -1 -1 -1 -1 
140 30 1685 1042 157 162 -1 -1 -1 -1 
141 30 1685 1042 157 162 -1 -1 -1 -1 
146 36 1719 1183 201 256 -1 -1 -1 -1 
147 36 1723 1217 210 277 -1 -1 -1 -1 
148 36 1721 1260 225 285 -1 -1 -1 -1 
