17 5 1695 792 66 67 -1 -1 -1 -1 
18 5 1698 797 66 68 -1 -1 -1 -1 
19 5 1695 801 70 65 -1 -1 -1 -1 
20 5 1693 789 76 87 -1 -1 -1 -1 
21 5 1701 805 68 66 -1 -1 -1 -1 
22 5 1696 796 79 91 -1 -1 -1 -1 
24 5 1700 818 81 71 -1 -1 -1 -1 
25 5 1708 823 76 75 -1 -1 -1 -1 
26 5 1705 837 80 66 -1 -1 -1 -1 
27 5 1703 832 89 70 -1 -1 -1 -1 
28 5 1712 829 81 85 -1 -1 -1 -1 
29 5 1711 822 86 100 -1 -1 -1 -1 
30 5 1707 828 90 88 -1 -1 -1 -1 
31 5 1706 831 95 82 -1 -1 -1 -1 
33 5 1715 844 87 88 -1 -1 -1 -1 
34 5 1720 851 81 102 -1 -1 -1 -1 
35 5 1717 857 85 96 -1 -1 -1 -1 
36 5 1718 857 87 104 -1 -1 -1 -1 
37 5 1717 858 88 97 -1 -1 -1 -1 
38 5 1719 867 87 90 -1 -1 -1 -1 
39 5 1718 867 95 89 -1 -1 -1 -1 
40 5 1720 871 97 93 -1 -1 -1 -1 
41 5 1718 878 101 95 -1 -1 -1 -1 
42 5 1721 889 104 93 -1 -1 -1 -1 
42 7 1711 827 67 59 -1 -1 -1 -1 
43 5 1725 889 103 103 -1 -1 -1 -1 
43 7 1711 823 67 65 -1 -1 -1 -1 
43 8 634 767 116 64 -1 -1 -1 -1 
44 5 1727 894 104 93 -1 -1 -1 -1 
44 7 1704 828 80 62 -1 -1 -1 -1 
44 8 634 767 116 64 -1 -1 -1 -1 
45 5 1727 901 107 99 -1 -1 -1 -1 
45 7 1707 833 76 59 -1 -1 -1 -1 
46 5 1729 906 108 93 -1 -1 -1 -1 
47 5 1726 906 112 105 -1 -1 -1 -1 
48 5 1730 918 112 98 -1 -1 -1 -1 
48 7 1716 841 71 68 -1 -1 -1 -1 
49 5 1729 916 117 104 -1 -1 -1 -1 
49 7 1716 841 71 68 -1 -1 -1 -1 
50 5 1732 927 117 99 -1 -1 -1 -1 
50 7 1718 854 68 71 -1 -1 -1 -1 
51 5 1740 932 113 95 -1 -1 -1 -1 
51 7 1720 861 70 66 -1 -1 -1 -1 
52 5 1744 934 121 116 -1 -1 -1 -1 
52 7 1720 862 71 70 -1 -1 -1 -1 
53 5 1752 936 119 117 -1 -1 -1 -1 
53 7 1718 863 75 73 -1 -1 -1 -1 
54 5 1767 942 117 114 -1 -1 -1 -1 
54 7 1724 869 73 71 -1 -1 -1 -1 
55 5 1768 945 139 123 -1 -1 -1 -1 
55 7 1724 875 74 70 -1 -1 -1 -1 
56 5 1776 958 149 116 -1 -1 -1 -1 
56 7 1723 877 79 77 -1 -1 -1 -1 
57 5 1836 976 123 108 -1 -1 -1 -1 
57 7 1722 887 81 80 -1 -1 -1 -1 
57 13 1415 746 74 69 -1 -1 -1 -1 
58 5 1810 976 173 118 -1 -1 -1 -1 
58 7 1722 892 87 89 -1 -1 -1 -1 
58 13 1395 753 76 80 -1 -1 -1 -1 
59 5 1807 969 153 127 -1 -1 -1 -1 
59 7 1722 894 89 88 -1 -1 -1 -1 
59 13 1371 760 84 91 -1 -1 -1 -1 
60 5 1807 969 153 127 -1 -1 -1 -1 
60 7 1721 898 92 92 -1 -1 -1 -1 
61 7 1720 913 92 88 -1 -1 -1 -1 
61 13 1305 787 110 111 -1 -1 -1 -1 
62 7 1718 917 99 91 -1 -1 -1 -1 
62 13 1270 793 120 134 -1 -1 -1 -1 
63 7 1717 921 104 96 -1 -1 -1 -1 
63 13 1212 822 136 142 -1 -1 -1 -1 
64 7 1721 922 100 101 -1 -1 -1 -1 
64 13 1155 849 162 150 -1 -1 -1 -1 
65 7 1717 931 107 103 -1 -1 -1 -1 
65 13 1043 846 218 227 -1 -1 -1 -1 
66 7 1717 936 107 104 -1 -1 -1 -1 
66 13 912 863 297 318 -1 -1 -1 -1 
67 7 1716 939 108 108 -1 -1 -1 -1 
67 13 736 912 384 387 -1 -1 -1 -1 
68 7 1715 949 109 106 -1 -1 -1 -1 
68 13 632 935 420 439 -1 -1 -1 -1 
69 7 1716 950 108 112 -1 -1 -1 -1 
69 13 398 1011 538 547 -1 -1 -1 -1 
70 7 1718 961 112 110 -1 -1 -1 -1 
70 13 398 1011 538 547 -1 -1 -1 -1 
71 7 1720 974 109 109 -1 -1 -1 -1 
72 7 1718 981 109 117 -1 -1 -1 -1 
73 7 1715 996 110 120 -1 -1 -1 -1 
74 7 1716 996 113 121 -1 -1 -1 -1 
75 7 1720 1012 113 121 -1 -1 -1 -1 
76 7 1719 1015 115 128 -1 -1 -1 -1 
77 7 1719 1013 120 157 -1 -1 -1 -1 
78 7 1726 1034 121 160 -1 -1 -1 -1 
79 7 1721 1048 130 163 -1 -1 -1 -1 
80 7 1724 1077 133 151 -1 -1 -1 -1 
81 7 1725 1086 140 161 -1 -1 -1 -1 
82 7 1725 1086 140 161 -1 -1 -1 -1 
83 7 1730 1124 145 178 -1 -1 -1 -1 
84 7 1729 1148 153 197 -1 -1 -1 -1 
85 7 1734 1175 154 202 -1 -1 -1 -1 
86 7 1731 1199 171 221 -1 -1 -1 -1 
87 7 1731 1236 186 248 -1 -1 -1 -1 
88 7 1731 1236 186 248 -1 -1 -1 -1 
89 7 1740 1335 203 289 -1 -1 -1 -1 
89 33 1688 779 70 68 -1 -1 -1 -1 
91 7 1745 1454 237 357 -1 -1 -1 -1 
91 33 1695 787 68 68 -1 -1 -1 -1 
92 7 1745 1454 237 357 -1 -1 -1 -1 
92 33 1699 787 66 72 -1 -1 -1 -1 
93 33 1701 795 67 74 -1 -1 -1 -1 
94 33 1702 798 65 73 -1 -1 -1 -1 
95 33 1704 805 67 76 -1 -1 -1 -1 
96 33 1706 807 70 78 -1 -1 -1 -1 
97 33 1702 811 77 73 -1 -1 -1 -1 
98 33 1705 817 78 75 -1 -1 -1 -1 
98 38 1748 1193 59 135 -1 -1 -1 -1 
99 33 1704 822 81 74 -1 -1 -1 -1 
99 38 1750 1218 64 140 -1 -1 -1 -1 
100 33 1702 827 89 74 -1 -1 -1 -1 
100 38 1756 1261 77 172 -1 -1 -1 -1 
101 33 1713 829 84 78 -1 -1 -1 -1 
101 38 1765 1305 73 176 -1 -1 -1 -1 
102 33 1715 831 82 87 -1 -1 -1 -1 
102 38 1769 1366 78 190 -1 -1 -1 -1 
103 33 1715 836 85 92 -1 -1 -1 -1 
104 33 1719 850 84 84 -1 -1 -1 -1 
105 33 1719 854 86 89 -1 -1 -1 -1 
106 33 1720 854 85 97 -1 -1 -1 -1 
107 33 1723 854 87 103 -1 -1 -1 -1 
108 33 1720 860 94 100 -1 -1 -1 -1 
109 33 1718 869 96 100 -1 -1 -1 -1 
109 45 808 880 145 97 -1 -1 -1 -1 
110 33 1722 873 97 106 -1 -1 -1 -1 
110 45 756 888 156 113 -1 -1 -1 -1 
111 33 1724 875 97 111 -1 -1 -1 -1 
111 45 670 921 173 131 -1 -1 -1 -1 
112 33 1727 885 98 111 -1 -1 -1 -1 
113 33 1721 899 108 103 -1 -1 -1 -1 
113 45 518 981 209 149 -1 -1 -1 -1 
114 33 1722 901 108 111 -1 -1 -1 -1 
115 33 1721 904 110 117 -1 -1 -1 -1 
116 33 1722 912 109 122 -1 -1 -1 -1 
117 33 1722 929 115 119 -1 -1 -1 -1 
118 33 1727 929 114 128 -1 -1 -1 -1 
119 33 1727 934 118 134 -1 -1 -1 -1 
120 33 1731 943 119 141 -1 -1 -1 -1 
121 33 1733 954 118 147 -1 -1 -1 -1 
122 33 1737 955 117 152 -1 -1 -1 -1 
123 33 1736 971 125 147 -1 -1 -1 -1 
124 33 1737 979 125 159 -1 -1 -1 -1 
125 33 1737 992 128 163 -1 -1 -1 -1 
126 33 1735 1009 137 158 -1 -1 -1 -1 
127 33 1737 1010 145 172 -1 -1 -1 -1 
128 33 1739 1014 144 179 -1 -1 -1 -1 
129 33 1741 1029 147 175 -1 -1 -1 -1 
130 33 1742 1030 158 198 -1 -1 -1 -1 
131 33 1747 1046 163 206 -1 -1 -1 -1 
132 33 1746 1059 172 216 -1 -1 -1 -1 
133 33 1749 1087 172 219 -1 -1 -1 -1 
134 33 1756 1105 178 231 -1 -1 -1 -1 
135 33 1766 1134 174 239 -1 -1 -1 -1 
135 55 948 811 135 105 -1 -1 -1 -1 
136 33 1763 1143 196 256 -1 -1 -1 -1 
137 33 1766 1161 200 260 -1 -1 -1 -1 
138 33 1766 1161 200 260 -1 -1 -1 -1 
139 33 1771 1192 202 252 -1 -1 -1 -1 
142 33 1782 1239 222 328 -1 -1 -1 -1 
143 33 1786 1281 235 365 -1 -1 -1 -1 
144 33 1792 1327 249 373 -1 -1 -1 -1 
145 33 1792 1327 249 373 -1 -1 -1 -1 
147 33 1806 1474 293 429 -1 -1 -1 -1 
148 33 1815 1546 313 357 -1 -1 -1 -1 
150 33 1815 1546 313 357 -1 -1 -1 -1 
