4 3 500 167 24 23 -1 -1 -1 -1 
5 3 500 167 24 23 -1 -1 -1 -1 
6 3 503 165 22 22 -1 -1 -1 -1 
7 3 503 165 22 22 -1 -1 -1 -1 
8 3 505 164 21 21 -1 -1 -1 -1 
9 3 508 163 19 21 -1 -1 -1 -1 
10 3 508 163 19 21 -1 -1 -1 -1 
11 3 510 163 19 18 -1 -1 -1 -1 
12 3 510 163 19 18 -1 -1 -1 -1 
13 3 510 162 20 19 -1 -1 -1 -1 
14 3 511 162 20 18 -1 -1 -1 -1 
15 3 511 162 20 18 -1 -1 -1 -1 
16 3 512 161 20 17 -1 -1 -1 -1 
17 3 512 161 20 17 -1 -1 -1 -1 
18 3 512 160 22 17 -1 -1 -1 -1 
19 3 514 159 20 17 -1 -1 -1 -1 
20 3 514 159 20 17 -1 -1 -1 -1 
21 3 515 158 20 16 -1 -1 -1 -1 
22 3 515 158 20 16 -1 -1 -1 -1 
23 3 516 157 20 16 -1 -1 -1 -1 
24 3 518 155 19 16 -1 -1 -1 -1 
25 3 518 155 19 16 -1 -1 -1 -1 
26 3 518 154 21 16 -1 -1 -1 -1 
27 3 518 154 21 16 -1 -1 -1 -1 
28 3 519 154 20 16 -1 -1 -1 -1 
29 3 520 154 20 15 -1 -1 -1 -1 
30 3 520 154 20 15 -1 -1 -1 -1 
31 3 521 155 18 14 -1 -1 -1 -1 
32 3 521 155 18 14 -1 -1 -1 -1 
56 3 521 155 18 14 -1 -1 -1 -1 
58 4 0 281 77 145 -1 -1 -1 -1 
59 4 0 265 111 161 -1 -1 -1 -1 
60 4 0 265 111 161 -1 -1 -1 -1 
61 4 1 252 138 170 -1 -1 -1 -1 
62 4 1 252 138 170 -1 -1 -1 -1 
63 4 1 242 163 188 -1 -1 -1 -1 
64 4 2 231 190 183 -1 -1 -1 -1 
65 4 2 231 190 183 -1 -1 -1 -1 
66 4 1 223 214 173 -1 -1 -1 -1 
67 4 4 215 232 160 -1 -1 -1 -1 
68 4 4 215 232 160 -1 -1 -1 -1 
68 5 3 418 193 59 -1 -1 -1 -1 
69 4 43 210 213 153 -1 -1 -1 -1 
69 5 0 401 229 76 -1 -1 -1 -1 
70 4 43 210 213 153 -1 -1 -1 -1 
70 5 0 401 229 76 -1 -1 -1 -1 
71 4 79 204 194 143 -1 -1 -1 -1 
71 5 7 383 242 94 -1 -1 -1 -1 
72 4 107 199 182 136 -1 -1 -1 -1 
72 5 41 366 231 112 -1 -1 -1 -1 
73 4 107 199 182 136 -1 -1 -1 -1 
73 5 41 366 231 112 -1 -1 -1 -1 
74 4 134 192 169 129 -1 -1 -1 -1 
74 5 74 351 216 128 -1 -1 -1 -1 
75 4 157 189 160 121 -1 -1 -1 -1 
75 5 107 336 201 141 -1 -1 -1 -1 
76 4 157 189 160 121 -1 -1 -1 -1 
76 5 107 336 201 141 -1 -1 -1 -1 
77 4 182 186 148 114 -1 -1 -1 -1 
77 5 138 326 185 144 -1 -1 -1 -1 
78 4 182 186 148 114 -1 -1 -1 -1 
78 5 138 326 185 144 -1 -1 -1 -1 
79 4 202 184 138 105 -1 -1 -1 -1 
79 5 165 312 171 136 -1 -1 -1 -1 
80 4 223 182 127 101 -1 -1 -1 -1 
80 5 188 301 162 127 -1 -1 -1 -1 
81 4 223 182 127 101 -1 -1 -1 -1 
81 5 188 301 162 127 -1 -1 -1 -1 
82 4 240 178 117 96 -1 -1 -1 -1 
82 5 212 294 150 116 -1 -1 -1 -1 
83 4 240 178 117 96 -1 -1 -1 -1 
83 5 212 294 150 116 -1 -1 -1 -1 
84 4 256 175 109 91 -1 -1 -1 -1 
84 5 232 284 142 110 -1 -1 -1 -1 
85 4 269 174 106 87 -1 -1 -1 -1 
85 5 251 274 129 105 -1 -1 -1 -1 
86 4 283 172 100 80 -1 -1 -1 -1 
86 5 267 266 124 99 -1 -1 -1 -1 
87 4 295 170 92 77 -1 -1 -1 -1 
87 5 283 259 117 96 -1 -1 -1 -1 
88 4 295 170 92 77 -1 -1 -1 -1 
88 5 283 259 117 96 -1 -1 -1 -1 
89 4 308 168 87 76 -1 -1 -1 -1 
89 5 298 253 108 89 -1 -1 -1 -1 
90 4 308 168 87 76 -1 -1 -1 -1 
90 5 298 253 108 89 -1 -1 -1 -1 
91 4 317 169 85 70 -1 -1 -1 -1 
91 5 311 250 101 83 -1 -1 -1 -1 
92 4 328 166 80 69 -1 -1 -1 -1 
92 5 322 242 98 80 -1 -1 -1 -1 
93 4 328 166 80 69 -1 -1 -1 -1 
93 5 322 242 98 80 -1 -1 -1 -1 
94 4 337 164 74 65 -1 -1 -1 -1 
94 5 330 236 94 78 -1 -1 -1 -1 
95 4 344 162 72 65 -1 -1 -1 -1 
95 5 343 230 90 77 -1 -1 -1 -1 
96 4 344 162 72 65 -1 -1 -1 -1 
96 5 343 230 90 77 -1 -1 -1 -1 
97 4 354 161 67 63 -1 -1 -1 -1 
97 5 354 229 80 70 -1 -1 -1 -1 
98 4 354 161 67 63 -1 -1 -1 -1 
98 5 354 229 80 70 -1 -1 -1 -1 
99 4 361 158 67 62 -1 -1 -1 -1 
99 5 362 222 78 71 -1 -1 -1 -1 
100 4 368 158 64 62 -1 -1 -1 -1 
100 5 372 220 74 66 -1 -1 -1 -1 
101 4 368 158 64 62 -1 -1 -1 -1 
101 5 372 220 74 66 -1 -1 -1 -1 
102 4 375 158 59 58 -1 -1 -1 -1 
102 5 381 212 68 67 -1 -1 -1 -1 
103 4 375 158 59 58 -1 -1 -1 -1 
103 5 381 212 68 67 -1 -1 -1 -1 
104 4 379 154 61 59 -1 -1 -1 -1 
104 5 386 213 68 60 -1 -1 -1 -1 
104 9 386 212 68 61 -1 -1 -1 -1 
105 4 388 155 53 54 -1 -1 -1 -1 
105 5 391 210 66 59 -1 -1 -1 -1 
105 9 386 212 68 61 -1 -1 -1 -1 
106 4 388 155 53 54 -1 -1 -1 -1 
106 5 391 210 66 59 -1 -1 -1 -1 
107 4 392 155 54 52 -1 -1 -1 -1 
107 5 397 207 64 57 -1 -1 -1 -1 
107 10 0 223 86 55 -1 -1 -1 -1 
108 4 396 154 51 51 -1 -1 -1 -1 
108 5 402 204 63 55 -1 -1 -1 -1 
108 10 9 217 96 55 -1 -1 -1 -1 
109 4 396 154 51 51 -1 -1 -1 -1 
109 5 402 204 63 55 -1 -1 -1 -1 
109 10 9 217 96 55 -1 -1 -1 -1 
110 4 401 152 49 51 -1 -1 -1 -1 
110 5 408 202 58 52 -1 -1 -1 -1 
110 10 28 214 93 49 -1 -1 -1 -1 
111 4 401 152 49 51 -1 -1 -1 -1 
111 5 408 202 58 52 -1 -1 -1 -1 
111 10 28 214 93 49 -1 -1 -1 -1 
112 4 406 150 47 51 -1 -1 -1 -1 
112 5 413 201 56 50 -1 -1 -1 -1 
112 10 44 208 93 50 -1 -1 -1 -1 
113 4 410 149 45 50 -1 -1 -1 -1 
113 5 417 200 55 48 -1 -1 -1 -1 
113 10 62 207 86 45 -1 -1 -1 -1 
114 4 410 149 45 50 -1 -1 -1 -1 
114 5 417 200 55 48 -1 -1 -1 -1 
114 10 62 207 86 45 -1 -1 -1 -1 
115 4 415 149 43 47 -1 -1 -1 -1 
115 5 422 197 53 47 -1 -1 -1 -1 
115 10 77 202 84 45 -1 -1 -1 -1 
116 4 415 149 43 47 -1 -1 -1 -1 
116 5 422 197 53 47 -1 -1 -1 -1 
116 10 77 202 84 45 -1 -1 -1 -1 
117 4 419 150 43 46 -1 -1 -1 -1 
117 5 427 197 50 43 -1 -1 -1 -1 
117 10 93 196 80 45 -1 -1 -1 -1 
118 4 423 149 42 45 -1 -1 -1 -1 
118 5 432 194 47 43 -1 -1 -1 -1 
118 10 108 194 77 45 -1 -1 -1 -1 
119 4 424 148 42 44 -1 -1 -1 -1 
119 5 435 192 48 41 -1 -1 -1 -1 
119 10 122 191 76 42 -1 -1 -1 -1 
120 4 427 148 43 41 -1 -1 -1 -1 
120 5 438 191 47 40 -1 -1 -1 -1 
120 10 136 188 71 41 -1 -1 -1 -1 
121 4 427 148 43 41 -1 -1 -1 -1 
121 5 438 191 47 40 -1 -1 -1 -1 
121 10 136 188 71 41 -1 -1 -1 -1 
122 4 431 148 39 40 -1 -1 -1 -1 
122 5 443 190 45 38 -1 -1 -1 -1 
122 10 148 186 68 40 -1 -1 -1 -1 
123 4 431 148 39 40 -1 -1 -1 -1 
123 5 443 190 45 38 -1 -1 -1 -1 
123 10 148 186 68 40 -1 -1 -1 -1 
124 4 431 148 39 40 -1 -1 -1 -1 
124 5 446 188 42 37 -1 -1 -1 -1 
124 10 159 183 66 38 -1 -1 -1 -1 
125 5 450 186 41 36 -1 -1 -1 -1 
125 10 172 180 64 39 -1 -1 -1 -1 
126 5 450 186 41 36 -1 -1 -1 -1 
126 10 172 180 64 39 -1 -1 -1 -1 
126 12 587 174 17 17 -1 -1 -1 -1 
127 5 453 186 39 35 -1 -1 -1 -1 
127 10 182 179 58 36 -1 -1 -1 -1 
127 12 587 175 18 17 -1 -1 -1 -1 
128 5 453 186 39 35 -1 -1 -1 -1 
128 10 182 179 58 36 -1 -1 -1 -1 
128 12 587 175 18 17 -1 -1 -1 -1 
129 5 457 184 37 35 -1 -1 -1 -1 
129 10 193 177 55 34 -1 -1 -1 -1 
129 12 588 176 18 17 -1 -1 -1 -1 
129 13 445 146 32 38 -1 -1 -1 -1 
130 5 458 182 38 35 -1 -1 -1 -1 
130 10 193 177 55 34 -1 -1 -1 -1 
130 12 588 174 20 22 -1 -1 -1 -1 
131 5 458 182 38 35 -1 -1 -1 -1 
131 12 588 174 20 22 -1 -1 -1 -1 
131 13 446 146 33 37 -1 -1 -1 -1 
132 5 461 181 36 34 -1 -1 -1 -1 
132 12 588 176 21 23 -1 -1 -1 -1 
133 5 461 181 36 34 -1 -1 -1 -1 
133 12 588 176 21 23 -1 -1 -1 -1 
134 5 463 180 35 33 -1 -1 -1 -1 
134 12 589 176 21 25 -1 -1 -1 -1 
135 5 465 179 35 32 -1 -1 -1 -1 
135 12 589 179 21 24 -1 -1 -1 -1 
136 5 467 177 35 32 -1 -1 -1 -1 
136 12 590 181 21 24 -1 -1 -1 -1 
137 5 467 177 35 32 -1 -1 -1 -1 
137 12 590 181 21 24 -1 -1 -1 -1 
138 5 470 175 33 33 -1 -1 -1 -1 
138 12 591 182 21 26 -1 -1 -1 -1 
139 5 470 175 33 33 -1 -1 -1 -1 
139 12 591 182 21 26 -1 -1 -1 -1 
140 5 471 175 33 31 -1 -1 -1 -1 
140 12 592 184 22 27 -1 -1 -1 -1 
141 5 471 175 33 31 -1 -1 -1 -1 
141 12 592 184 22 27 -1 -1 -1 -1 
142 5 473 173 33 30 -1 -1 -1 -1 
142 12 593 186 25 29 -1 -1 -1 -1 
143 5 475 173 33 29 -1 -1 -1 -1 
143 12 593 189 26 30 -1 -1 -1 -1 
144 5 475 173 33 29 -1 -1 -1 -1 
144 12 593 189 26 30 -1 -1 -1 -1 
144 14 266 164 38 27 -1 -1 -1 -1 
145 5 477 172 32 28 -1 -1 -1 -1 
145 12 594 191 28 32 -1 -1 -1 -1 
146 5 477 172 32 28 -1 -1 -1 -1 
146 12 594 191 28 32 -1 -1 -1 -1 
147 5 479 171 31 27 -1 -1 -1 -1 
148 5 481 171 30 26 -1 -1 -1 -1 
149 5 481 171 30 26 -1 -1 -1 -1 
150 5 483 170 29 27 -1 -1 -1 -1 
151 5 483 170 29 27 -1 -1 -1 -1 
152 5 486 169 27 26 -1 -1 -1 -1 
153 5 486 168 28 26 -1 -1 -1 -1 
154 5 486 168 28 26 -1 -1 -1 -1 
155 5 488 168 28 25 -1 -1 -1 -1 
156 5 488 168 28 25 -1 -1 -1 -1 
157 5 490 168 26 23 -1 -1 -1 -1 
158 5 491 167 25 23 -1 -1 -1 -1 
159 5 491 167 25 23 -1 -1 -1 -1 
160 5 493 167 25 21 -1 -1 -1 -1 
160 12 598 168 13 13 -1 -1 -1 -1 
161 5 493 167 25 21 -1 -1 -1 -1 
161 12 598 168 13 13 -1 -1 -1 -1 
162 5 494 165 25 23 -1 -1 -1 -1 
163 5 496 165 23 22 -1 -1 -1 -1 
164 5 496 165 23 22 -1 -1 -1 -1 
165 5 497 165 23 21 -1 -1 -1 -1 
165 17 615 242 24 68 -1 -1 -1 -1 
166 5 499 164 23 21 -1 -1 -1 -1 
166 12 599 171 15 14 -1 -1 -1 -1 
166 17 617 247 22 77 -1 -1 -1 -1 
167 5 499 164 23 21 -1 -1 -1 -1 
167 12 599 171 15 14 -1 -1 -1 -1 
167 17 617 247 22 77 -1 -1 -1 -1 
168 5 499 164 24 20 -1 -1 -1 -1 
168 12 599 173 15 13 -1 -1 -1 -1 
169 5 499 164 24 20 -1 -1 -1 -1 
169 12 599 173 15 13 -1 -1 -1 -1 
170 5 499 163 24 20 -1 -1 -1 -1 
170 12 599 173 17 14 -1 -1 -1 -1 
171 5 501 163 23 19 -1 -1 -1 -1 
171 12 599 175 18 15 -1 -1 -1 -1 
172 5 501 163 23 19 -1 -1 -1 -1 
172 12 599 175 18 15 -1 -1 -1 -1 
173 5 503 162 22 19 -1 -1 -1 -1 
173 12 601 177 17 15 -1 -1 -1 -1 
174 5 503 162 22 19 -1 -1 -1 -1 
174 12 601 177 17 15 -1 -1 -1 -1 
175 5 504 159 21 21 -1 -1 -1 -1 
175 12 603 178 16 16 -1 -1 -1 -1 
176 5 504 159 22 20 -1 -1 -1 -1 
176 12 604 178 16 17 -1 -1 -1 -1 
177 5 504 159 22 20 -1 -1 -1 -1 
177 12 604 178 16 17 -1 -1 -1 -1 
177 18 1 383 260 93 -1 -1 -1 -1 
178 5 505 158 21 20 -1 -1 -1 -1 
178 12 605 178 17 19 -1 -1 -1 -1 
178 18 68 350 231 128 -1 -1 -1 -1 
179 5 507 156 19 21 -1 -1 -1 -1 
179 12 606 179 16 20 -1 -1 -1 -1 
179 18 135 322 195 149 -1 -1 -1 -1 
180 5 507 156 19 21 -1 -1 -1 -1 
180 12 606 179 16 20 -1 -1 -1 -1 
180 18 135 322 195 149 -1 -1 -1 -1 
181 5 509 155 18 21 -1 -1 -1 -1 
181 12 607 179 16 21 -1 -1 -1 -1 
181 18 188 298 168 127 -1 -1 -1 -1 
182 5 510 155 18 21 -1 -1 -1 -1 
182 12 608 185 18 17 -1 -1 -1 -1 
182 18 233 278 146 113 -1 -1 -1 -1 
183 5 510 155 18 21 -1 -1 -1 -1 
183 12 608 185 18 17 -1 -1 -1 -1 
183 18 233 278 146 113 -1 -1 -1 -1 
184 5 510 155 20 20 -1 -1 -1 -1 
184 12 607 186 22 18 -1 -1 -1 -1 
184 18 270 261 125 99 -1 -1 -1 -1 
185 5 510 155 20 20 -1 -1 -1 -1 
185 12 607 186 22 18 -1 -1 -1 -1 
185 18 270 261 125 99 -1 -1 -1 -1 
186 5 511 154 20 21 -1 -1 -1 -1 
186 12 607 187 23 19 -1 -1 -1 -1 
186 18 299 250 109 84 -1 -1 -1 -1 
187 5 512 154 19 20 -1 -1 -1 -1 
187 12 610 190 21 19 -1 -1 -1 -1 
187 18 323 238 97 77 -1 -1 -1 -1 
188 5 512 154 19 20 -1 -1 -1 -1 
188 12 610 190 21 19 -1 -1 -1 -1 
188 18 323 238 97 77 -1 -1 -1 -1 
189 5 513 154 18 19 -1 -1 -1 -1 
189 12 611 190 23 22 -1 -1 -1 -1 
189 18 345 228 86 69 -1 -1 -1 -1 
190 5 513 154 18 19 -1 -1 -1 -1 
190 12 611 190 23 22 -1 -1 -1 -1 
190 18 345 228 86 69 -1 -1 -1 -1 
191 5 514 153 17 19 -1 -1 -1 -1 
191 12 613 191 23 24 -1 -1 -1 -1 
191 18 361 219 79 64 -1 -1 -1 -1 
192 5 514 154 18 18 -1 -1 -1 -1 
192 12 616 192 23 26 -1 -1 -1 -1 
192 18 377 211 71 59 -1 -1 -1 -1 
193 5 514 154 18 18 -1 -1 -1 -1 
193 12 616 192 23 26 -1 -1 -1 -1 
193 18 377 211 71 59 -1 -1 -1 -1 
194 5 515 155 18 16 -1 -1 -1 -1 
194 12 616 194 23 29 -1 -1 -1 -1 
194 18 388 207 66 54 -1 -1 -1 -1 
195 5 515 155 18 16 -1 -1 -1 -1 
195 12 616 194 23 29 -1 -1 -1 -1 
195 18 388 207 66 54 -1 -1 -1 -1 
196 5 514 153 19 17 -1 -1 -1 -1 
196 12 616 194 23 29 -1 -1 -1 -1 
197 5 515 154 19 16 -1 -1 -1 -1 
197 18 408 196 56 47 -1 -1 -1 -1 
198 5 515 154 19 16 -1 -1 -1 -1 
198 18 408 196 56 47 -1 -1 -1 -1 
199 5 517 154 17 14 -1 -1 -1 -1 
199 18 415 193 52 43 -1 -1 -1 -1 
200 5 517 154 17 14 -1 -1 -1 -1 
200 18 415 193 52 43 -1 -1 -1 -1 
201 5 517 153 17 15 -1 -1 -1 -1 
201 18 424 190 48 40 -1 -1 -1 -1 
202 5 518 154 17 14 -1 -1 -1 -1 
202 18 431 187 46 38 -1 -1 -1 -1 
203 5 519 152 16 15 -1 -1 -1 -1 
203 18 436 183 47 38 -1 -1 -1 -1 
204 5 519 152 16 15 -1 -1 -1 -1 
204 18 436 183 47 38 -1 -1 -1 -1 
205 5 520 152 16 15 -1 -1 -1 -1 
205 18 442 181 43 33 -1 -1 -1 -1 
206 5 520 152 16 15 -1 -1 -1 -1 
206 18 442 181 43 33 -1 -1 -1 -1 
207 5 520 152 16 15 -1 -1 -1 -1 
208 18 452 175 37 31 -1 -1 -1 -1 
209 18 452 175 37 31 -1 -1 -1 -1 
210 18 456 175 33 29 -1 -1 -1 -1 
211 18 456 175 33 29 -1 -1 -1 -1 
212 18 459 171 33 29 -1 -1 -1 -1 
213 18 463 169 30 28 -1 -1 -1 -1 
214 18 463 169 30 28 -1 -1 -1 -1 
215 18 467 167 29 27 -1 -1 -1 -1 
216 18 467 167 29 27 -1 -1 -1 -1 
217 18 470 167 27 24 -1 -1 -1 -1 
218 5 576 155 13 14 -1 -1 -1 -1 
218 18 472 166 28 24 -1 -1 -1 -1 
219 5 576 155 13 14 -1 -1 -1 -1 
219 18 472 166 28 24 -1 -1 -1 -1 
220 5 576 156 13 14 -1 -1 -1 -1 
220 18 475 165 26 23 -1 -1 -1 -1 
221 5 577 156 13 14 -1 -1 -1 -1 
221 18 476 164 27 21 -1 -1 -1 -1 
222 5 577 156 13 14 -1 -1 -1 -1 
222 18 476 164 27 21 -1 -1 -1 -1 
223 5 577 157 13 14 -1 -1 -1 -1 
223 18 480 161 23 21 -1 -1 -1 -1 
224 5 577 157 14 16 -1 -1 -1 -1 
224 18 482 159 23 21 -1 -1 -1 -1 
225 5 577 157 14 16 -1 -1 -1 -1 
225 18 482 159 23 21 -1 -1 -1 -1 
226 5 577 157 15 17 -1 -1 -1 -1 
226 18 484 157 22 21 -1 -1 -1 -1 
227 5 577 157 15 17 -1 -1 -1 -1 
227 18 484 157 22 21 -1 -1 -1 -1 
228 5 577 160 16 15 -1 -1 -1 -1 
228 18 486 157 22 20 -1 -1 -1 -1 
229 5 577 161 16 16 -1 -1 -1 -1 
229 18 489 156 20 20 -1 -1 -1 -1 
230 5 577 161 16 16 -1 -1 -1 -1 
230 18 489 156 20 20 -1 -1 -1 -1 
231 5 577 161 17 17 -1 -1 -1 -1 
231 18 489 154 21 20 -1 -1 -1 -1 
232 5 577 163 17 17 -1 -1 -1 -1 
232 18 489 155 22 17 -1 -1 -1 -1 
233 5 577 163 17 17 -1 -1 -1 -1 
233 18 489 155 22 17 -1 -1 -1 -1 
234 5 578 165 16 16 -1 -1 -1 -1 
234 18 493 154 20 17 -1 -1 -1 -1 
235 5 578 165 16 16 -1 -1 -1 -1 
235 18 493 154 20 17 -1 -1 -1 -1 
236 5 577 166 18 16 -1 -1 -1 -1 
236 18 495 153 18 17 -1 -1 -1 -1 
237 5 577 166 20 17 -1 -1 -1 -1 
237 18 496 152 17 16 -1 -1 -1 -1 
238 5 577 166 20 17 -1 -1 -1 -1 
238 18 496 152 17 16 -1 -1 -1 -1 
239 5 578 166 19 19 -1 -1 -1 -1 
239 18 497 151 17 17 -1 -1 -1 -1 
240 5 578 166 19 19 -1 -1 -1 -1 
240 18 497 151 17 17 -1 -1 -1 -1 
241 5 579 168 19 19 -1 -1 -1 -1 
241 18 498 151 17 16 -1 -1 -1 -1 
242 5 579 168 19 21 -1 -1 -1 -1 
242 18 500 151 16 14 -1 -1 -1 -1 
243 5 579 168 19 21 -1 -1 -1 -1 
243 18 500 151 16 14 -1 -1 -1 -1 
244 5 581 168 17 23 -1 -1 -1 -1 
244 18 500 151 17 12 -1 -1 -1 -1 
245 5 581 168 17 23 -1 -1 -1 -1 
245 18 500 151 17 12 -1 -1 -1 -1 
246 5 581 171 18 21 -1 -1 -1 -1 
246 18 501 150 16 13 -1 -1 -1 -1 
247 5 582 172 18 21 -1 -1 -1 -1 
247 18 502 150 16 12 -1 -1 -1 -1 
248 5 582 172 18 21 -1 -1 -1 -1 
248 18 502 150 16 12 -1 -1 -1 -1 
249 5 582 173 19 23 -1 -1 -1 -1 
249 18 504 148 14 14 -1 -1 -1 -1 
250 5 584 175 19 23 -1 -1 -1 -1 
250 18 505 147 14 13 -1 -1 -1 -1 
251 5 584 175 19 23 -1 -1 -1 -1 
251 18 505 147 14 13 -1 -1 -1 -1 
252 5 584 177 20 23 -1 -1 -1 -1 
252 18 506 146 14 13 -1 -1 -1 -1 
253 5 584 177 20 23 -1 -1 -1 -1 
253 18 506 146 14 13 -1 -1 -1 -1 
254 5 584 179 21 24 -1 -1 -1 -1 
254 18 507 145 14 13 -1 -1 -1 -1 
255 5 584 181 23 24 -1 -1 -1 -1 
255 18 507 146 15 12 -1 -1 -1 -1 
256 5 584 181 23 24 -1 -1 -1 -1 
256 18 507 146 15 12 -1 -1 -1 -1 
257 5 584 182 24 26 -1 -1 -1 -1 
257 18 508 145 15 12 -1 -1 -1 -1 
258 5 584 182 24 26 -1 -1 -1 -1 
258 18 508 145 15 12 -1 -1 -1 -1 
259 5 585 185 24 27 -1 -1 -1 -1 
259 18 509 145 14 12 -1 -1 -1 -1 
260 5 587 187 23 28 -1 -1 -1 -1 
260 18 510 144 14 11 -1 -1 -1 -1 
261 5 587 187 23 28 -1 -1 -1 -1 
261 18 510 144 14 11 -1 -1 -1 -1 
262 5 588 190 24 29 -1 -1 -1 -1 
262 18 510 144 14 11 -1 -1 -1 -1 
263 5 588 190 24 29 -1 -1 -1 -1 
264 5 589 191 26 32 -1 -1 -1 -1 
265 5 590 193 29 35 -1 -1 -1 -1 
266 5 590 196 30 36 -1 -1 -1 -1 
266 21 0 307 135 146 -1 -1 -1 -1 
267 5 590 196 30 36 -1 -1 -1 -1 
267 21 0 307 135 146 -1 -1 -1 -1 
268 5 593 199 30 37 -1 -1 -1 -1 
268 21 0 294 167 141 -1 -1 -1 -1 
269 5 594 204 30 37 -1 -1 -1 -1 
269 21 5 283 188 132 -1 -1 -1 -1 
270 5 595 208 32 39 -1 -1 -1 -1 
270 21 43 270 175 126 -1 -1 -1 -1 
271 5 595 208 32 39 -1 -1 -1 -1 
271 21 43 270 175 126 -1 -1 -1 -1 
272 5 595 208 32 39 -1 -1 -1 -1 
273 21 110 252 151 106 -1 -1 -1 -1 
274 21 110 252 151 106 -1 -1 -1 -1 
275 21 137 242 143 102 -1 -1 -1 -1 
276 21 137 242 143 102 -1 -1 -1 -1 
277 21 163 234 133 95 -1 -1 -1 -1 
277 22 601 225 38 55 -1 -1 -1 -1 
278 21 188 230 124 86 -1 -1 -1 -1 
278 22 601 230 38 61 -1 -1 -1 -1 
279 21 209 224 115 81 -1 -1 -1 -1 
279 22 606 239 33 62 -1 -1 -1 -1 
280 21 209 224 115 81 -1 -1 -1 -1 
280 22 606 239 33 62 -1 -1 -1 -1 
281 21 230 216 107 78 -1 -1 -1 -1 
281 22 608 246 31 68 -1 -1 -1 -1 
