3 2 585 178 22 23 -1 -1 -1 -1 
4 2 586 180 22 23 -1 -1 -1 -1 
5 2 586 180 22 23 -1 -1 -1 -1 
5 3 595 230 39 48 -1 -1 -1 -1 
6 2 586 181 21 22 -1 -1 -1 -1 
6 3 595 234 42 52 -1 -1 -1 -1 
7 2 587 181 22 24 -1 -1 -1 -1 
7 3 595 240 44 54 -1 -1 -1 -1 
8 2 588 183 21 24 -1 -1 -1 -1 
8 3 598 247 41 58 -1 -1 -1 -1 
9 2 588 183 21 24 -1 -1 -1 -1 
9 3 598 247 41 58 -1 -1 -1 -1 
10 2 589 183 21 26 -1 -1 -1 -1 
10 3 598 253 41 64 -1 -1 -1 -1 
11 2 589 187 22 25 -1 -1 -1 -1 
11 3 601 262 38 68 -1 -1 -1 -1 
12 2 589 187 22 25 -1 -1 -1 -1 
12 3 601 262 38 68 -1 -1 -1 -1 
13 2 589 189 23 26 -1 -1 -1 -1 
13 3 602 273 37 74 -1 -1 -1 -1 
14 2 589 189 23 26 -1 -1 -1 -1 
14 3 602 273 37 74 -1 -1 -1 -1 
15 2 590 190 24 28 -1 -1 -1 -1 
15 3 605 281 34 79 -1 -1 -1 -1 
16 2 590 193 26 28 -1 -1 -1 -1 
16 3 605 293 34 87 -1 -1 -1 -1 
17 2 590 193 26 28 -1 -1 -1 -1 
17 3 605 293 34 87 -1 -1 -1 -1 
18 2 590 195 28 29 -1 -1 -1 -1 
18 3 609 307 30 94 -1 -1 -1 -1 
18 5 613 189 18 15 -1 -1 -1 -1 
19 2 590 195 28 29 -1 -1 -1 -1 
19 3 609 307 30 94 -1 -1 -1 -1 
19 5 613 189 18 15 -1 -1 -1 -1 
20 2 591 198 29 29 -1 -1 -1 -1 
20 3 609 307 30 94 -1 -1 -1 -1 
21 2 592 199 27 30 -1 -1 -1 -1 
21 5 617 190 17 18 -1 -1 -1 -1 
22 2 592 199 27 30 -1 -1 -1 -1 
22 5 617 190 17 18 -1 -1 -1 -1 
22 6 0 359 102 104 -1 -1 -1 -1 
23 2 592 201 29 31 -1 -1 -1 -1 
23 5 617 190 17 18 -1 -1 -1 -1 
24 2 594 202 30 35 -1 -1 -1 -1 
24 6 1 317 187 137 -1 -1 -1 -1 
25 2 594 202 30 35 -1 -1 -1 -1 
25 6 1 317 187 137 -1 -1 -1 -1 
26 2 595 205 29 36 -1 -1 -1 -1 
26 5 619 195 19 18 -1 -1 -1 -1 
26 6 30 301 190 123 -1 -1 -1 -1 
27 2 596 207 31 37 -1 -1 -1 -1 
27 5 620 194 19 20 -1 -1 -1 -1 
27 6 77 286 174 113 -1 -1 -1 -1 
28 2 596 207 31 37 -1 -1 -1 -1 
28 5 620 194 19 20 -1 -1 -1 -1 
28 6 77 286 174 113 -1 -1 -1 -1 
29 2 597 212 31 39 -1 -1 -1 -1 
29 5 620 194 19 21 -1 -1 -1 -1 
29 6 119 273 159 104 -1 -1 -1 -1 
30 2 599 214 31 40 -1 -1 -1 -1 
30 5 621 194 18 23 -1 -1 -1 -1 
30 6 156 262 144 92 -1 -1 -1 -1 
31 2 599 214 31 40 -1 -1 -1 -1 
31 5 622 195 17 24 -1 -1 -1 -1 
32 5 622 195 17 24 -1 -1 -1 -1 
32 6 187 252 134 83 -1 -1 -1 -1 
33 2 600 220 36 44 -1 -1 -1 -1 
33 5 622 195 17 25 -1 -1 -1 -1 
33 6 219 242 120 78 -1 -1 -1 -1 
34 2 600 220 36 44 -1 -1 -1 -1 
34 5 622 195 17 25 -1 -1 -1 -1 
34 6 219 242 120 78 -1 -1 -1 -1 
35 2 600 226 38 45 -1 -1 -1 -1 
35 5 623 197 16 25 -1 -1 -1 -1 
35 6 244 234 110 69 -1 -1 -1 -1 
36 2 601 227 38 51 -1 -1 -1 -1 
36 5 623 197 16 25 -1 -1 -1 -1 
37 2 602 234 37 52 -1 -1 -1 -1 
37 6 287 216 93 64 -1 -1 -1 -1 
38 2 602 234 37 52 -1 -1 -1 -1 
38 6 287 216 93 64 -1 -1 -1 -1 
39 2 602 234 37 52 -1 -1 -1 -1 
40 2 606 246 33 58 -1 -1 -1 -1 
40 6 322 210 78 52 -1 -1 -1 -1 
41 2 607 249 32 63 -1 -1 -1 -1 
41 6 336 205 74 49 -1 -1 -1 -1 
42 2 611 258 28 65 -1 -1 -1 -1 
42 6 347 201 72 48 -1 -1 -1 -1 
43 2 611 258 28 65 -1 -1 -1 -1 
43 6 347 201 72 48 -1 -1 -1 -1 
44 2 611 266 28 69 -1 -1 -1 -1 
44 6 361 196 63 46 -1 -1 -1 -1 
45 2 611 266 28 69 -1 -1 -1 -1 
45 6 361 196 63 46 -1 -1 -1 -1 
46 2 612 274 27 74 -1 -1 -1 -1 
46 6 370 194 61 43 -1 -1 -1 -1 
47 2 615 285 24 77 -1 -1 -1 -1 
47 6 381 191 58 40 -1 -1 -1 -1 
48 2 615 285 24 77 -1 -1 -1 -1 
49 6 389 188 56 40 -1 -1 -1 -1 
50 6 397 186 55 37 -1 -1 -1 -1 
51 6 405 184 49 36 -1 -1 -1 -1 
52 6 411 182 45 34 -1 -1 -1 -1 
53 6 411 182 45 34 -1 -1 -1 -1 
54 6 417 178 43 32 -1 -1 -1 -1 
55 6 417 178 43 32 -1 -1 -1 -1 
56 6 424 178 40 31 -1 -1 -1 -1 
57 6 428 176 37 29 -1 -1 -1 -1 
58 6 434 175 35 27 -1 -1 -1 -1 
59 6 434 175 35 27 -1 -1 -1 -1 
60 6 438 173 39 27 -1 -1 -1 -1 
61 6 443 171 38 27 -1 -1 -1 -1 
62 6 443 171 38 27 -1 -1 -1 -1 
63 6 449 169 34 27 -1 -1 -1 -1 
64 6 451 168 34 25 -1 -1 -1 -1 
65 6 455 167 31 25 -1 -1 -1 -1 
66 6 455 167 31 25 -1 -1 -1 -1 
66 9 587 182 46 69 -1 -1 -1 -1 
67 6 459 166 30 24 -1 -1 -1 -1 
67 9 586 184 49 71 -1 -1 -1 -1 
68 6 462 166 29 22 -1 -1 -1 -1 
68 9 588 187 50 74 -1 -1 -1 -1 
69 6 462 166 29 22 -1 -1 -1 -1 
69 9 588 187 50 74 -1 -1 -1 -1 
70 6 468 163 28 20 -1 -1 -1 -1 
70 9 594 192 45 86 -1 -1 -1 -1 
71 6 468 163 28 20 -1 -1 -1 -1 
71 9 594 192 45 86 -1 -1 -1 -1 
72 6 471 162 28 20 -1 -1 -1 -1 
73 2 589 179 18 24 -1 -1 -1 -1 
73 6 475 160 25 21 -1 -1 -1 -1 
74 2 590 180 18 24 -1 -1 -1 -1 
74 6 477 159 25 21 -1 -1 -1 -1 
75 2 590 180 18 24 -1 -1 -1 -1 
75 6 477 159 25 21 -1 -1 -1 -1 
76 2 590 180 18 24 -1 -1 -1 -1 
76 6 480 158 22 20 -1 -1 -1 -1 
77 2 591 183 22 27 -1 -1 -1 -1 
77 6 482 157 24 20 -1 -1 -1 -1 
78 2 592 184 21 29 -1 -1 -1 -1 
78 6 484 155 23 21 -1 -1 -1 -1 
79 2 593 186 23 29 -1 -1 -1 -1 
79 6 486 155 23 20 -1 -1 -1 -1 
80 2 594 187 23 33 -1 -1 -1 -1 
80 6 488 154 22 20 -1 -1 -1 -1 
81 2 594 189 28 35 -1 -1 -1 -1 
81 6 489 155 23 18 -1 -1 -1 -1 
82 2 595 192 28 36 -1 -1 -1 -1 
82 6 491 154 22 18 -1 -1 -1 -1 
83 2 595 192 28 36 -1 -1 -1 -1 
83 6 491 154 22 18 -1 -1 -1 -1 
84 2 597 195 25 35 -1 -1 -1 -1 
84 6 494 153 20 18 -1 -1 -1 -1 
85 2 597 196 28 38 -1 -1 -1 -1 
85 6 496 152 18 18 -1 -1 -1 -1 
86 2 599 199 28 41 -1 -1 -1 -1 
86 6 498 152 17 17 -1 -1 -1 -1 
87 2 600 205 29 38 -1 -1 -1 -1 
87 6 500 152 17 16 -1 -1 -1 -1 
88 2 600 205 29 38 -1 -1 -1 -1 
89 6 502 151 18 15 -1 -1 -1 -1 
90 6 502 151 18 15 -1 -1 -1 -1 
91 6 504 150 16 16 -1 -1 -1 -1 
92 6 506 151 17 14 -1 -1 -1 -1 
93 6 507 150 17 14 -1 -1 -1 -1 
93 11 606 219 33 55 -1 -1 -1 -1 
94 6 508 149 16 14 -1 -1 -1 -1 
94 11 606 225 33 57 -1 -1 -1 -1 
95 6 509 148 16 14 -1 -1 -1 -1 
95 11 610 233 29 57 -1 -1 -1 -1 
96 6 510 147 17 15 -1 -1 -1 -1 
97 6 512 147 15 14 -1 -1 -1 -1 
98 6 512 147 17 14 -1 -1 -1 -1 
99 6 513 147 16 13 -1 -1 -1 -1 
100 6 514 146 16 13 -1 -1 -1 -1 
123 6 579 155 12 15 -1 -1 -1 -1 
124 6 579 157 12 13 -1 -1 -1 -1 
125 6 579 157 12 13 -1 -1 -1 -1 
126 6 579 158 12 12 -1 -1 -1 -1 
127 6 579 159 12 13 -1 -1 -1 -1 
128 6 579 159 13 14 -1 -1 -1 -1 
129 6 579 160 14 14 -1 -1 -1 -1 
130 6 579 160 14 16 -1 -1 -1 -1 
131 6 579 161 15 16 -1 -1 -1 -1 
132 6 579 163 16 15 -1 -1 -1 -1 
133 6 579 163 16 15 -1 -1 -1 -1 
134 6 579 166 17 14 -1 -1 -1 -1 
135 6 580 166 17 15 -1 -1 -1 -1 
136 6 580 166 17 16 -1 -1 -1 -1 
137 6 580 166 17 16 -1 -1 -1 -1 
138 6 580 166 18 18 -1 -1 -1 -1 
139 6 581 167 17 18 -1 -1 -1 -1 
140 6 581 168 17 19 -1 -1 -1 -1 
141 6 582 169 16 19 -1 -1 -1 -1 
142 6 583 170 16 21 -1 -1 -1 -1 
143 6 584 174 15 17 -1 -1 -1 -1 
144 6 584 174 16 19 -1 -1 -1 -1 
145 6 585 175 18 21 -1 -1 -1 -1 
146 6 586 175 18 23 -1 -1 -1 -1 
147 6 585 177 20 24 -1 -1 -1 -1 
148 6 586 178 20 25 -1 -1 -1 -1 
149 6 586 180 22 25 -1 -1 -1 -1 
150 6 587 181 21 27 -1 -1 -1 -1 
151 6 587 181 21 27 -1 -1 -1 -1 
152 6 588 182 21 29 -1 -1 -1 -1 
153 6 589 186 22 28 -1 -1 -1 -1 
154 6 589 187 24 32 -1 -1 -1 -1 
155 6 590 190 26 31 -1 -1 -1 -1 
156 6 590 194 30 32 -1 -1 -1 -1 
157 6 592 197 28 34 -1 -1 -1 -1 
158 6 592 199 30 35 -1 -1 -1 -1 
159 6 595 203 28 37 -1 -1 -1 -1 
160 6 595 203 28 37 -1 -1 -1 -1 
165 6 599 217 38 48 -1 -1 -1 -1 
166 6 601 220 38 52 -1 -1 -1 -1 
167 6 601 220 38 52 -1 -1 -1 -1 
169 6 605 232 34 60 -1 -1 -1 -1 
170 6 608 239 31 64 -1 -1 -1 -1 
171 6 608 239 31 64 -1 -1 -1 -1 
172 6 609 245 30 67 -1 -1 -1 -1 
173 6 613 253 26 75 -1 -1 -1 -1 
205 6 613 253 26 75 -1 -1 -1 -1 
207 12 120 386 208 92 -1 -1 -1 -1 
208 12 181 357 179 121 -1 -1 -1 -1 
209 12 181 357 179 121 -1 -1 -1 -1 
210 12 229 329 155 122 -1 -1 -1 -1 
211 12 272 307 133 106 -1 -1 -1 -1 
212 12 306 289 115 90 -1 -1 -1 -1 
213 12 306 289 115 90 -1 -1 -1 -1 
214 12 334 271 102 81 -1 -1 -1 -1 
215 12 357 258 91 73 -1 -1 -1 -1 
216 12 357 258 91 73 -1 -1 -1 -1 
217 12 376 247 81 66 -1 -1 -1 -1 
218 12 392 237 74 59 -1 -1 -1 -1 
219 12 406 229 67 55 -1 -1 -1 -1 
220 12 406 229 67 55 -1 -1 -1 -1 
221 12 416 220 63 52 -1 -1 -1 -1 
222 12 428 212 57 53 -1 -1 -1 -1 
223 12 433 208 55 47 -1 -1 -1 -1 
224 12 433 208 55 47 -1 -1 -1 -1 
225 12 440 206 52 41 -1 -1 -1 -1 
226 12 451 202 46 40 -1 -1 -1 -1 
227 12 451 202 46 40 -1 -1 -1 -1 
228 12 458 197 41 38 -1 -1 -1 -1 
