Total = 280 2 138 85 200 153 -1 -1 -1 -1 
81 2 137 82 219 163 -1 -1 -1 -1 
82 2 143 81 226 172 -1 -1 -1 -1 
83 2 138 77 245 180 -1 -1 -1 -1 
84 2 152 74 249 197 -1 -1 -1 -1 
85 2 146 71 275 206 -1 -1 -1 -1 
86 2 148 69 284 214 -1 -1 -1 -1 
87 2 171 69 269 220 -1 -1 -1 -1 
88 2 163 68 291 227 -1 -1 -1 -1 
89 2 163 66 297 233 -1 -1 -1 -1 
90 2 173 65 291 234 -1 -1 -1 -1 
91 2 175 64 292 232 -1 -1 -1 -1 
96 2 175 64 292 232 -1 -1 -1 -1 
98 4 378 111 112 79 -1 -1 -1 -1 
99 4 381 112 109 76 -1 -1 -1 -1 
109 2 168 64 295 240 -1 -1 -1 -1 
110 2 162 64 302 240 -1 -1 -1 -1 
