3 1 1719 988 134 122 -1 -1 -1 -1 
4 1 1728 997 126 120 -1 -1 -1 -1 
5 1 1728 997 126 120 -1 -1 -1 -1 
6 1 1726 1009 131 134 -1 -1 -1 -1 
10 1 1726 1009 131 134 -1 -1 -1 -1 
11 1 1735 1067 145 146 -1 -1 -1 -1 
12 1 1739 1072 156 167 -1 -1 -1 -1 
13 1 1741 1085 155 160 -1 -1 -1 -1 
14 1 1741 1085 155 160 -1 -1 -1 -1 
16 5 1660 1629 102 228 -1 -1 -1 -1 
17 5 1668 1589 88 213 -1 -1 -1 -1 
18 5 1673 1535 74 183 -1 -1 -1 -1 
19 5 1676 1492 70 191 -1 -1 -1 -1 
19 8 1444 762 73 66 -1 -1 -1 -1 
20 5 1676 1465 74 191 -1 -1 -1 -1 
20 8 1431 771 72 68 -1 -1 -1 -1 
21 5 1672 1424 69 161 -1 -1 -1 -1 
21 8 1397 784 92 83 -1 -1 -1 -1 
21 10 1697 717 54 51 -1 -1 -1 -1 
22 5 1677 1400 65 157 -1 -1 -1 -1 
22 8 1379 795 98 83 -1 -1 -1 -1 
22 10 1698 726 52 46 -1 -1 -1 -1 
23 5 1673 1363 69 156 -1 -1 -1 -1 
23 8 1343 812 107 100 -1 -1 -1 -1 
23 10 1698 724 58 49 -1 -1 -1 -1 
24 5 1677 1336 66 157 -1 -1 -1 -1 
24 8 1291 839 125 113 -1 -1 -1 -1 
24 10 1698 724 58 49 -1 -1 -1 -1 
25 5 1685 1315 55 126 -1 -1 -1 -1 
25 8 1240 860 153 129 -1 -1 -1 -1 
26 5 1683 1291 55 129 -1 -1 -1 -1 
26 8 1164 890 190 156 -1 -1 -1 -1 
26 12 1784 1397 258 345 -1 -1 -1 -1 
27 5 1690 1257 51 125 -1 -1 -1 -1 
27 8 1164 890 190 156 -1 -1 -1 -1 
27 12 1783 1473 280 363 -1 -1 -1 -1 
28 5 1687 1238 55 124 -1 -1 -1 -1 
28 12 1799 1518 286 384 -1 -1 -1 -1 
29 5 1687 1219 59 134 -1 -1 -1 -1 
29 12 1797 1580 299 339 -1 -1 -1 -1 
30 5 1695 1204 46 111 -1 -1 -1 -1 
30 12 1803 1648 310 268 -1 -1 -1 -1 
31 5 1696 1180 54 118 -1 -1 -1 -1 
31 12 1831 1752 292 166 -1 -1 -1 -1 
31 20 1811 1165 58 139 -1 -1 -1 -1 
33 5 1688 1145 61 125 -1 -1 -1 -1 
33 12 1831 1752 292 166 -1 -1 -1 -1 
34 5 1689 1140 58 120 -1 -1 -1 -1 
35 5 1699 1123 49 115 -1 -1 -1 -1 
36 5 1695 1103 54 116 -1 -1 -1 -1 
37 5 1694 1089 45 118 -1 -1 -1 -1 
39 5 1686 1075 48 105 -1 -1 -1 -1 
39 25 1692 764 70 64 -1 -1 -1 -1 
40 5 1688 1045 40 109 -1 -1 -1 -1 
41 5 1688 1031 39 97 -1 -1 -1 -1 
41 25 1699 788 73 64 -1 -1 -1 -1 
42 5 1688 1031 39 97 -1 -1 -1 -1 
43 25 1700 811 82 76 -1 -1 -1 -1 
44 25 1702 829 94 71 -1 -1 -1 -1 
45 25 1713 831 84 83 -1 -1 -1 -1 
46 25 1712 841 95 99 -1 -1 -1 -1 
47 25 1723 860 98 103 -1 -1 -1 -1 
48 25 1728 892 105 102 -1 -1 -1 -1 
49 25 1729 895 112 121 -1 -1 -1 -1 
50 25 1739 931 115 121 -1 -1 -1 -1 
51 25 1743 952 126 152 -1 -1 -1 -1 
52 25 1743 999 145 169 -1 -1 -1 -1 
53 25 1745 1034 168 187 -1 -1 -1 -1 
55 25 1745 1034 168 187 -1 -1 -1 -1 
57 27 1776 1263 244 360 -1 -1 -1 -1 
58 27 1787 1321 246 398 -1 -1 -1 -1 
59 27 1799 1380 270 434 -1 -1 -1 -1 
60 27 1807 1467 306 440 -1 -1 -1 -1 
68 27 1807 1467 306 440 -1 -1 -1 -1 
76 33 1709 824 80 64 -1 -1 -1 -1 
77 33 1707 829 84 65 -1 -1 -1 -1 
78 33 1704 835 89 64 -1 -1 -1 -1 
79 33 1714 841 80 68 -1 -1 -1 -1 
80 33 1711 849 84 74 -1 -1 -1 -1 
82 33 1717 870 85 82 -1 -1 -1 -1 
83 33 1720 879 87 85 -1 -1 -1 -1 
84 33 1718 890 100 91 -1 -1 -1 -1 
85 33 1718 903 109 92 -1 -1 -1 -1 
86 33 1719 921 113 91 -1 -1 -1 -1 
87 33 1721 922 117 102 -1 -1 -1 -1 
88 33 1725 942 113 104 -1 -1 -1 -1 
89 33 1740 956 108 107 -1 -1 -1 -1 
90 33 1745 967 102 121 -1 -1 -1 -1 
91 33 1741 1005 116 104 -1 -1 -1 -1 
92 33 1749 1001 116 135 -1 -1 -1 -1 
93 33 1754 1027 121 142 -1 -1 -1 -1 
94 33 1744 1042 151 150 -1 -1 -1 -1 
95 33 1762 1054 145 171 -1 -1 -1 -1 
96 33 1762 1054 145 171 -1 -1 -1 -1 
97 33 1761 1103 162 187 -1 -1 -1 -1 
98 33 1761 1103 162 187 -1 -1 -1 -1 
98 37 4 1130 243 201 -1 -1 -1 -1 
99 33 1768 1178 196 225 -1 -1 -1 -1 
99 37 4 1130 243 201 -1 -1 -1 -1 
100 33 1781 1212 203 245 -1 -1 -1 -1 
102 33 1794 1287 212 284 -1 -1 -1 -1 
103 33 1786 1345 241 309 -1 -1 -1 -1 
104 33 1797 1407 255 335 -1 -1 -1 -1 
105 33 1797 1407 255 335 -1 -1 -1 -1 
108 40 1335 716 66 49 -1 -1 -1 -1 
111 40 1303 720 76 65 -1 -1 -1 -1 
115 40 1303 720 76 65 -1 -1 -1 -1 
118 42 735 873 151 96 -1 -1 -1 -1 
119 42 691 897 159 95 -1 -1 -1 -1 
123 42 691 897 159 95 -1 -1 -1 -1 
129 46 1692 753 69 55 -1 -1 -1 -1 
130 46 1693 755 64 56 -1 -1 -1 -1 
131 46 1692 757 68 55 -1 -1 -1 -1 
132 46 1693 758 68 54 -1 -1 -1 -1 
133 46 1695 768 62 48 -1 -1 -1 -1 
137 46 1695 768 62 48 -1 -1 -1 -1 
141 46 1698 793 76 64 -1 -1 -1 -1 
142 46 1694 805 74 58 -1 -1 -1 -1 
143 46 1697 808 73 59 -1 -1 -1 -1 
144 46 1698 809 72 65 -1 -1 -1 -1 
145 46 1701 808 70 69 -1 -1 -1 -1 
146 46 1699 812 73 73 -1 -1 -1 -1 
147 46 1702 819 72 71 -1 -1 -1 -1 
148 46 1702 823 75 71 -1 -1 -1 -1 
149 46 1700 822 77 79 -1 -1 -1 -1 
150 46 1700 832 77 77 -1 -1 -1 -1 
151 46 1701 837 77 82 -1 -1 -1 -1 
152 46 1701 837 77 82 -1 -1 -1 -1 
153 46 1699 834 82 91 -1 -1 -1 -1 
154 46 1697 847 87 85 -1 -1 -1 -1 
155 46 1699 857 85 87 -1 -1 -1 -1 
157 46 1700 869 86 94 -1 -1 -1 -1 
158 46 1699 886 93 90 -1 -1 -1 -1 
159 46 1701 889 96 100 -1 -1 -1 -1 
160 46 1705 902 95 99 -1 -1 -1 -1 
161 46 1703 907 102 101 -1 -1 -1 -1 
162 46 1710 918 102 112 -1 -1 -1 -1 
163 46 1711 930 109 118 -1 -1 -1 -1 
164 46 1715 944 110 126 -1 -1 -1 -1 
165 46 1707 946 125 142 -1 -1 -1 -1 
166 46 1710 963 132 144 -1 -1 -1 -1 
167 46 1720 977 124 149 -1 -1 -1 -1 
168 46 1732 997 117 149 -1 -1 -1 -1 
169 46 1719 1004 139 172 -1 -1 -1 -1 
170 46 1739 1026 120 162 -1 -1 -1 -1 
171 46 1730 1053 148 176 -1 -1 -1 -1 
172 46 1738 1054 154 201 -1 -1 -1 -1 
173 46 1739 1093 156 189 -1 -1 -1 -1 
174 46 1739 1093 156 189 -1 -1 -1 -1 
176 46 1747 1145 170 249 -1 -1 -1 -1 
177 46 1745 1180 187 255 -1 -1 -1 -1 
178 46 1745 1180 187 255 -1 -1 -1 -1 
180 46 1732 1256 237 323 -1 -1 -1 -1 
180 60 154 1084 234 184 -1 -1 -1 -1 
181 46 1732 1256 237 323 -1 -1 -1 -1 
183 46 1740 1344 245 353 -1 -1 -1 -1 
185 46 1740 1344 245 353 -1 -1 -1 -1 
250 77 965 804 108 78 -1 -1 -1 -1 
251 77 936 820 110 76 -1 -1 -1 -1 
255 77 936 820 110 76 -1 -1 -1 -1 
269 85 1446 753 77 61 -1 -1 -1 -1 
270 85 1442 760 70 65 -1 -1 -1 -1 
271 85 1419 767 82 69 -1 -1 -1 -1 
272 85 1412 774 84 74 -1 -1 -1 -1 
273 85 1385 779 100 89 -1 -1 -1 -1 
274 85 1371 787 95 93 -1 -1 -1 -1 
275 85 1345 804 105 91 -1 -1 -1 -1 
276 85 1311 819 127 99 -1 -1 -1 -1 
277 85 1294 835 125 106 -1 -1 -1 -1 
278 85 1260 850 136 115 -1 -1 -1 -1 
279 85 1212 867 161 135 -1 -1 -1 -1 
280 85 1139 886 204 172 -1 -1 -1 -1 
281 85 1034 937 243 196 -1 -1 -1 -1 
282 85 1034 937 243 196 -1 -1 -1 -1 
