4 1 1556 711 57 44 -1 -1 -1 -1 
6 1 1551 712 59 45 -1 -1 -1 -1 
7 1 1551 712 59 45 -1 -1 -1 -1 
8 2 1480 731 57 41 -1 -1 -1 -1 
9 2 1474 729 63 48 -1 -1 -1 -1 
10 2 1473 735 57 49 -1 -1 -1 -1 
11 2 1465 740 62 52 -1 -1 -1 -1 
11 3 1538 738 54 49 -1 -1 -1 -1 
12 2 1456 746 63 61 -1 -1 -1 -1 
12 3 1531 743 66 53 -1 -1 -1 -1 
13 2 1450 754 68 57 -1 -1 -1 -1 
13 3 1528 748 68 52 -1 -1 -1 -1 
14 2 1442 755 65 63 -1 -1 -1 -1 
14 3 1515 755 71 58 -1 -1 -1 -1 
15 2 1428 766 67 59 -1 -1 -1 -1 
15 3 1513 762 68 62 -1 -1 -1 -1 
16 2 1413 777 75 65 -1 -1 -1 -1 
16 3 1497 773 86 64 -1 -1 -1 -1 
17 2 1397 779 84 74 -1 -1 -1 -1 
17 3 1488 781 93 77 -1 -1 -1 -1 
18 2 1381 790 94 75 -1 -1 -1 -1 
18 3 1476 790 96 78 -1 -1 -1 -1 
19 2 1363 800 92 71 -1 -1 -1 -1 
19 3 1462 796 101 93 -1 -1 -1 -1 
20 2 1348 812 95 81 -1 -1 -1 -1 
20 3 1445 821 107 93 -1 -1 -1 -1 
21 2 1320 825 105 83 -1 -1 -1 -1 
21 3 1417 831 119 110 -1 -1 -1 -1 
22 2 1320 825 105 83 -1 -1 -1 -1 
22 3 1417 831 119 110 -1 -1 -1 -1 
23 2 1311 829 110 88 -1 -1 -1 -1 
23 3 1407 841 127 119 -1 -1 -1 -1 
23 12 1099 765 93 87 -1 -1 -1 -1 
24 2 1311 829 110 88 -1 -1 -1 -1 
24 3 1407 841 127 119 -1 -1 -1 -1 
24 12 1099 765 93 87 -1 -1 -1 -1 
25 2 1303 831 109 96 -1 -1 -1 -1 
25 3 1399 848 128 120 -1 -1 -1 -1 
26 2 1303 831 109 96 -1 -1 -1 -1 
26 3 1399 848 128 120 -1 -1 -1 -1 
27 2 1279 838 114 103 -1 -1 -1 -1 
27 3 1369 865 137 139 -1 -1 -1 -1 
28 2 1236 861 136 108 -1 -1 -1 -1 
28 3 1311 898 175 169 -1 -1 -1 -1 
29 2 1208 869 155 122 -1 -1 -1 -1 
29 3 1274 918 197 197 -1 -1 -1 -1 
29 12 1007 803 114 96 -1 -1 -1 -1 
30 2 1208 869 155 122 -1 -1 -1 -1 
30 3 1274 918 197 197 -1 -1 -1 -1 
30 12 1007 803 114 96 -1 -1 -1 -1 
