4 3 398 225 69 63 -1 -1 -1 -1 
4 4 594 219 39 62 -1 -1 -1 -1 
5 3 410 217 64 57 -1 -1 -1 -1 
5 4 593 226 44 62 -1 -1 -1 -1 
6 3 410 217 64 57 -1 -1 -1 -1 
6 4 593 226 44 62 -1 -1 -1 -1 
7 3 422 210 59 55 -1 -1 -1 -1 
7 4 594 230 45 66 -1 -1 -1 -1 
8 3 432 206 53 46 -1 -1 -1 -1 
8 4 597 234 42 73 -1 -1 -1 -1 
9 3 432 206 53 46 -1 -1 -1 -1 
9 4 597 234 42 73 -1 -1 -1 -1 
10 3 436 202 54 43 -1 -1 -1 -1 
10 4 599 240 40 76 -1 -1 -1 -1 
11 3 436 202 54 43 -1 -1 -1 -1 
11 4 599 240 40 76 -1 -1 -1 -1 
12 3 449 197 45 41 -1 -1 -1 -1 
12 4 599 248 40 80 -1 -1 -1 -1 
13 3 455 194 42 37 -1 -1 -1 -1 
13 4 599 248 40 80 -1 -1 -1 -1 
14 3 455 194 42 37 -1 -1 -1 -1 
14 7 590 170 17 19 -1 -1 -1 -1 
15 3 461 190 39 36 -1 -1 -1 -1 
15 7 591 171 17 19 -1 -1 -1 -1 
16 3 461 190 39 36 -1 -1 -1 -1 
16 7 591 171 17 19 -1 -1 -1 -1 
17 3 467 187 34 33 -1 -1 -1 -1 
17 7 591 172 18 19 -1 -1 -1 -1 
17 8 603 268 36 102 -1 -1 -1 -1 
18 3 472 183 32 32 -1 -1 -1 -1 
18 7 592 175 17 17 -1 -1 -1 -1 
18 8 603 281 36 109 -1 -1 -1 -1 
19 3 472 183 32 32 -1 -1 -1 -1 
19 7 592 175 17 17 -1 -1 -1 -1 
19 8 603 281 36 109 -1 -1 -1 -1 
20 3 475 181 32 30 -1 -1 -1 -1 
20 7 592 175 18 20 -1 -1 -1 -1 
21 3 475 181 32 30 -1 -1 -1 -1 
21 7 592 175 18 20 -1 -1 -1 -1 
22 3 479 178 30 30 -1 -1 -1 -1 
22 7 593 177 17 19 -1 -1 -1 -1 
23 3 482 176 29 27 -1 -1 -1 -1 
23 7 594 177 17 21 -1 -1 -1 -1 
24 3 482 176 29 27 -1 -1 -1 -1 
24 7 594 177 17 21 -1 -1 -1 -1 
25 3 485 173 29 27 -1 -1 -1 -1 
25 7 595 177 17 23 -1 -1 -1 -1 
26 3 485 173 29 27 -1 -1 -1 -1 
26 7 595 177 17 23 -1 -1 -1 -1 
27 3 489 172 26 25 -1 -1 -1 -1 
27 7 595 178 19 25 -1 -1 -1 -1 
28 3 492 170 25 24 -1 -1 -1 -1 
28 7 596 181 20 23 -1 -1 -1 -1 
29 3 492 170 25 24 -1 -1 -1 -1 
29 7 596 181 20 23 -1 -1 -1 -1 
30 3 495 169 24 23 -1 -1 -1 -1 
30 7 596 181 21 26 -1 -1 -1 -1 
31 3 495 169 24 23 -1 -1 -1 -1 
31 7 596 181 21 26 -1 -1 -1 -1 
32 3 497 167 23 22 -1 -1 -1 -1 
32 7 596 184 23 26 -1 -1 -1 -1 
33 3 498 166 23 22 -1 -1 -1 -1 
33 7 597 186 23 26 -1 -1 -1 -1 
34 3 498 166 23 22 -1 -1 -1 -1 
34 7 597 186 23 26 -1 -1 -1 -1 
35 3 500 164 23 21 -1 -1 -1 -1 
35 7 598 188 23 28 -1 -1 -1 -1 
36 3 502 162 22 20 -1 -1 -1 -1 
36 7 599 190 24 29 -1 -1 -1 -1 
37 3 502 162 22 20 -1 -1 -1 -1 
37 7 599 190 24 29 -1 -1 -1 -1 
38 3 504 161 21 20 -1 -1 -1 -1 
38 7 600 191 24 30 -1 -1 -1 -1 
39 3 504 161 21 20 -1 -1 -1 -1 
39 7 600 191 24 30 -1 -1 -1 -1 
40 3 506 160 20 18 -1 -1 -1 -1 
40 7 600 194 27 31 -1 -1 -1 -1 
41 3 508 159 19 18 -1 -1 -1 -1 
41 7 600 195 29 35 -1 -1 -1 -1 
42 3 508 159 19 18 -1 -1 -1 -1 
42 7 600 195 29 35 -1 -1 -1 -1 
43 3 511 158 18 18 -1 -1 -1 -1 
44 3 512 156 17 18 -1 -1 -1 -1 
44 7 603 202 31 36 -1 -1 -1 -1 
45 3 512 156 18 18 -1 -1 -1 -1 
45 7 604 205 32 38 -1 -1 -1 -1 
46 3 512 156 18 18 -1 -1 -1 -1 
46 7 604 205 32 38 -1 -1 -1 -1 
47 3 513 155 19 17 -1 -1 -1 -1 
47 7 606 208 31 37 -1 -1 -1 -1 
48 3 513 155 19 17 -1 -1 -1 -1 
48 7 606 208 31 37 -1 -1 -1 -1 
49 3 515 154 18 16 -1 -1 -1 -1 
50 3 517 153 16 17 -1 -1 -1 -1 
51 3 517 153 16 17 -1 -1 -1 -1 
52 3 517 153 16 15 -1 -1 -1 -1 
53 3 517 153 16 15 -1 -1 -1 -1 
54 3 519 152 16 15 -1 -1 -1 -1 
55 3 520 150 15 16 -1 -1 -1 -1 
56 3 520 150 15 16 -1 -1 -1 -1 
57 3 521 149 16 17 -1 -1 -1 -1 
58 3 521 149 16 17 -1 -1 -1 -1 
84 3 521 149 16 17 -1 -1 -1 -1 
86 10 38 381 236 97 -1 -1 -1 -1 
87 10 118 346 198 130 -1 -1 -1 -1 
88 10 187 315 165 125 -1 -1 -1 -1 
89 10 237 290 141 109 -1 -1 -1 -1 
90 10 237 290 141 109 -1 -1 -1 -1 
91 10 281 267 119 97 -1 -1 -1 -1 
92 10 317 254 101 81 -1 -1 -1 -1 
93 10 317 254 101 81 -1 -1 -1 -1 
94 10 345 240 89 73 -1 -1 -1 -1 
95 10 367 231 78 64 -1 -1 -1 -1 
96 10 386 220 70 58 -1 -1 -1 -1 
97 10 401 213 64 54 -1 -1 -1 -1 
98 10 401 213 64 54 -1 -1 -1 -1 
99 10 413 208 59 46 -1 -1 -1 -1 
100 10 425 202 52 44 -1 -1 -1 -1 
101 10 435 197 48 41 -1 -1 -1 -1 
102 10 435 197 48 41 -1 -1 -1 -1 
103 10 444 193 43 37 -1 -1 -1 -1 
104 10 452 188 40 37 -1 -1 -1 -1 
105 10 460 186 36 34 -1 -1 -1 -1 
106 3 464 182 34 32 -1 -1 -1 -1 
106 10 460 186 36 34 -1 -1 -1 -1 
107 3 470 179 32 31 -1 -1 -1 -1 
108 3 470 179 32 31 -1 -1 -1 -1 
108 12 0 340 139 138 -1 -1 -1 -1 
109 3 475 177 30 28 -1 -1 -1 -1 
109 12 0 319 183 132 -1 -1 -1 -1 
110 3 479 174 29 27 -1 -1 -1 -1 
110 12 44 304 176 117 -1 -1 -1 -1 
111 3 483 172 28 25 -1 -1 -1 -1 
111 12 93 285 159 109 -1 -1 -1 -1 
112 3 486 170 27 26 -1 -1 -1 -1 
112 12 136 270 143 97 -1 -1 -1 -1 
113 3 490 169 25 23 -1 -1 -1 -1 
113 12 175 257 129 89 -1 -1 -1 -1 
114 3 493 167 23 23 -1 -1 -1 -1 
114 12 206 247 117 79 -1 -1 -1 -1 
115 3 493 167 23 23 -1 -1 -1 -1 
115 12 206 247 117 79 -1 -1 -1 -1 
116 3 496 166 23 21 -1 -1 -1 -1 
116 12 237 237 106 73 -1 -1 -1 -1 
117 3 499 162 21 23 -1 -1 -1 -1 
117 12 263 229 96 66 -1 -1 -1 -1 
118 3 500 161 22 21 -1 -1 -1 -1 
118 12 284 219 87 64 -1 -1 -1 -1 
119 3 503 161 20 19 -1 -1 -1 -1 
119 12 304 214 79 56 -1 -1 -1 -1 
120 3 505 159 19 19 -1 -1 -1 -1 
120 12 322 209 74 53 -1 -1 -1 -1 
121 3 508 157 18 19 -1 -1 -1 -1 
121 12 337 203 66 50 -1 -1 -1 -1 
122 3 509 155 19 19 -1 -1 -1 -1 
122 12 350 198 63 49 -1 -1 -1 -1 
122 15 273 324 136 111 -1 -1 -1 -1 
123 3 512 155 17 18 -1 -1 -1 -1 
123 12 363 195 58 46 -1 -1 -1 -1 
123 15 314 297 115 96 -1 -1 -1 -1 
124 3 512 155 17 18 -1 -1 -1 -1 
124 12 363 195 58 46 -1 -1 -1 -1 
124 15 314 297 115 96 -1 -1 -1 -1 
125 3 513 154 18 17 -1 -1 -1 -1 
125 12 374 193 54 42 -1 -1 -1 -1 
125 15 347 277 98 81 -1 -1 -1 -1 
126 3 513 154 18 17 -1 -1 -1 -1 
126 12 374 193 54 42 -1 -1 -1 -1 
126 15 347 277 98 81 -1 -1 -1 -1 
127 3 514 154 18 17 -1 -1 -1 -1 
127 12 382 188 53 41 -1 -1 -1 -1 
127 15 371 260 87 73 -1 -1 -1 -1 
128 3 516 152 16 17 -1 -1 -1 -1 
128 12 392 186 50 39 -1 -1 -1 -1 
128 15 391 247 77 65 -1 -1 -1 -1 
129 3 517 151 16 16 -1 -1 -1 -1 
129 12 401 183 48 36 -1 -1 -1 -1 
129 15 408 235 68 58 -1 -1 -1 -1 
130 3 517 151 16 16 -1 -1 -1 -1 
130 12 401 183 48 36 -1 -1 -1 -1 
130 15 408 235 68 58 -1 -1 -1 -1 
131 3 518 150 16 16 -1 -1 -1 -1 
131 12 407 181 44 36 -1 -1 -1 -1 
131 15 421 230 62 49 -1 -1 -1 -1 
132 3 519 150 17 15 -1 -1 -1 -1 
132 12 415 178 41 33 -1 -1 -1 -1 
132 15 432 222 57 46 -1 -1 -1 -1 
133 3 519 150 17 15 -1 -1 -1 -1 
133 12 421 175 36 32 -1 -1 -1 -1 
134 12 427 175 36 30 -1 -1 -1 -1 
134 15 451 207 47 39 -1 -1 -1 -1 
135 12 432 172 33 30 -1 -1 -1 -1 
135 15 458 203 44 38 -1 -1 -1 -1 
136 12 432 172 33 30 -1 -1 -1 -1 
136 15 458 203 44 38 -1 -1 -1 -1 
137 12 438 170 30 28 -1 -1 -1 -1 
137 15 464 198 40 35 -1 -1 -1 -1 
138 12 440 168 31 27 -1 -1 -1 -1 
138 15 470 193 37 34 -1 -1 -1 -1 
139 12 440 168 31 27 -1 -1 -1 -1 
139 15 470 193 37 34 -1 -1 -1 -1 
140 12 444 167 30 26 -1 -1 -1 -1 
140 15 474 189 37 32 -1 -1 -1 -1 
141 12 450 165 27 27 -1 -1 -1 -1 
141 15 480 186 32 31 -1 -1 -1 -1 
142 12 453 165 27 25 -1 -1 -1 -1 
142 15 484 184 29 27 -1 -1 -1 -1 
143 12 453 165 27 25 -1 -1 -1 -1 
143 15 484 184 29 27 -1 -1 -1 -1 
144 12 456 164 27 24 -1 -1 -1 -1 
144 15 487 182 30 26 -1 -1 -1 -1 
145 12 460 163 27 23 -1 -1 -1 -1 
145 15 492 177 26 25 -1 -1 -1 -1 
146 12 460 163 27 23 -1 -1 -1 -1 
146 15 492 177 26 25 -1 -1 -1 -1 
147 12 462 160 26 24 -1 -1 -1 -1 
147 15 495 176 26 24 -1 -1 -1 -1 
148 12 465 159 24 24 -1 -1 -1 -1 
148 15 498 173 24 23 -1 -1 -1 -1 
149 12 469 159 21 22 -1 -1 -1 -1 
149 15 499 173 25 21 -1 -1 -1 -1 
150 12 471 159 22 19 -1 -1 -1 -1 
150 15 503 170 23 21 -1 -1 -1 -1 
151 12 474 157 20 20 -1 -1 -1 -1 
151 15 505 168 22 20 -1 -1 -1 -1 
152 12 477 155 20 21 -1 -1 -1 -1 
152 15 508 167 20 19 -1 -1 -1 -1 
153 12 478 155 20 19 -1 -1 -1 -1 
153 15 510 164 20 19 -1 -1 -1 -1 
154 12 480 155 20 18 -1 -1 -1 -1 
154 15 510 164 20 17 -1 -1 -1 -1 
155 12 482 154 21 18 -1 -1 -1 -1 
155 15 512 164 20 17 -1 -1 -1 -1 
156 12 485 154 18 17 -1 -1 -1 -1 
156 15 514 162 19 16 -1 -1 -1 -1 
157 12 487 153 16 17 -1 -1 -1 -1 
157 15 514 161 20 15 -1 -1 -1 -1 
158 12 488 153 17 17 -1 -1 -1 -1 
158 15 517 159 18 15 -1 -1 -1 -1 
159 12 489 151 18 18 -1 -1 -1 -1 
159 15 519 158 16 15 -1 -1 -1 -1 
160 12 491 151 17 15 -1 -1 -1 -1 
160 15 520 157 16 14 -1 -1 -1 -1 
161 12 493 150 16 14 -1 -1 -1 -1 
161 15 521 157 15 12 -1 -1 -1 -1 
161 16 275 312 138 112 -1 -1 -1 -1 
162 12 496 150 15 14 -1 -1 -1 -1 
162 15 522 155 15 14 -1 -1 -1 -1 
162 16 321 289 114 91 -1 -1 -1 -1 
163 12 497 150 15 13 -1 -1 -1 -1 
163 15 523 153 15 14 -1 -1 -1 -1 
163 16 354 270 99 80 -1 -1 -1 -1 
164 12 497 150 15 13 -1 -1 -1 -1 
164 15 498 148 15 14 -1 -1 -1 -1 
165 15 498 148 15 14 -1 -1 -1 -1 
165 16 400 239 75 62 -1 -1 -1 -1 
166 15 500 147 14 15 -1 -1 -1 -1 
166 16 417 228 63 55 -1 -1 -1 -1 
167 15 500 147 15 14 -1 -1 -1 -1 
167 16 430 219 58 51 -1 -1 -1 -1 
168 15 502 147 14 13 -1 -1 -1 -1 
168 16 438 212 57 48 -1 -1 -1 -1 
169 15 502 147 14 13 -1 -1 -1 -1 
169 16 438 212 57 48 -1 -1 -1 -1 
170 15 502 147 14 13 -1 -1 -1 -1 
172 18 465 197 39 35 -1 -1 -1 -1 
173 15 578 157 13 13 -1 -1 -1 -1 
173 18 470 189 37 37 -1 -1 -1 -1 
174 15 579 158 12 13 -1 -1 -1 -1 
174 18 476 186 36 33 -1 -1 -1 -1 
175 15 579 158 12 13 -1 -1 -1 -1 
176 18 479 184 34 31 -1 -1 -1 -1 
177 12 509 143 14 10 -1 -1 -1 -1 
177 18 484 181 31 28 -1 -1 -1 -1 
178 12 510 142 13 11 -1 -1 -1 -1 
178 15 578 162 16 13 -1 -1 -1 -1 
178 18 490 176 26 28 -1 -1 -1 -1 
179 12 510 142 13 11 -1 -1 -1 -1 
179 15 578 163 16 13 -1 -1 -1 -1 
179 18 493 174 27 27 -1 -1 -1 -1 
180 15 578 164 18 14 -1 -1 -1 -1 
180 18 496 171 26 26 -1 -1 -1 -1 
180 19 265 327 140 117 -1 -1 -1 -1 
181 15 579 166 18 14 -1 -1 -1 -1 
181 18 498 171 24 23 -1 -1 -1 -1 
181 19 310 299 117 100 -1 -1 -1 -1 
182 15 579 166 18 15 -1 -1 -1 -1 
182 18 500 169 24 23 -1 -1 -1 -1 
182 19 347 278 100 82 -1 -1 -1 -1 
183 15 579 166 18 15 -1 -1 -1 -1 
183 18 500 169 24 23 -1 -1 -1 -1 
183 19 347 278 100 82 -1 -1 -1 -1 
184 15 580 167 18 15 -1 -1 -1 -1 
184 18 503 167 22 22 -1 -1 -1 -1 
184 19 372 258 87 76 -1 -1 -1 -1 
185 15 581 167 18 17 -1 -1 -1 -1 
185 18 506 163 21 22 -1 -1 -1 -1 
185 19 393 245 78 65 -1 -1 -1 -1 
186 15 582 169 17 17 -1 -1 -1 -1 
186 18 509 163 20 20 -1 -1 -1 -1 
186 19 411 233 67 58 -1 -1 -1 -1 
187 15 582 169 17 18 -1 -1 -1 -1 
187 18 511 161 18 20 -1 -1 -1 -1 
187 19 425 224 62 52 -1 -1 -1 -1 
188 15 583 170 17 20 -1 -1 -1 -1 
188 18 511 161 19 18 -1 -1 -1 -1 
188 19 437 215 54 49 -1 -1 -1 -1 
189 15 584 173 16 19 -1 -1 -1 -1 
189 18 513 159 18 18 -1 -1 -1 -1 
189 19 447 210 50 43 -1 -1 -1 -1 
190 15 584 175 17 18 -1 -1 -1 -1 
190 18 513 159 20 17 -1 -1 -1 -1 
190 19 456 203 45 42 -1 -1 -1 -1 
191 15 585 176 18 19 -1 -1 -1 -1 
191 18 515 157 18 17 -1 -1 -1 -1 
191 19 464 199 42 36 -1 -1 -1 -1 
192 15 586 176 18 21 -1 -1 -1 -1 
192 18 517 158 17 15 -1 -1 -1 -1 
192 19 470 193 37 36 -1 -1 -1 -1 
193 15 586 176 18 21 -1 -1 -1 -1 
193 18 517 158 17 15 -1 -1 -1 -1 
193 19 470 193 37 36 -1 -1 -1 -1 
194 15 586 178 20 21 -1 -1 -1 -1 
194 18 519 157 16 13 -1 -1 -1 -1 
194 19 475 188 36 34 -1 -1 -1 -1 
195 15 587 180 20 23 -1 -1 -1 -1 
195 18 519 155 17 14 -1 -1 -1 -1 
195 19 478 186 36 31 -1 -1 -1 -1 
196 15 587 182 21 22 -1 -1 -1 -1 
196 18 521 154 16 14 -1 -1 -1 -1 
196 19 484 182 31 29 -1 -1 -1 -1 
197 15 588 183 21 23 -1 -1 -1 -1 
197 18 522 152 16 15 -1 -1 -1 -1 
197 19 489 181 28 26 -1 -1 -1 -1 
197 20 1 239 137 181 -1 -1 -1 -1 
198 15 589 186 20 24 -1 -1 -1 -1 
198 18 523 151 16 14 -1 -1 -1 -1 
198 19 493 178 27 24 -1 -1 -1 -1 
198 20 1 228 167 184 -1 -1 -1 -1 
199 15 590 189 21 24 -1 -1 -1 -1 
199 18 523 151 16 14 -1 -1 -1 -1 
199 19 497 173 25 25 -1 -1 -1 -1 
200 15 590 191 22 26 -1 -1 -1 -1 
200 19 498 171 26 25 -1 -1 -1 -1 
200 20 0 211 217 254 -1 -1 -1 -1 
201 15 591 194 25 28 -1 -1 -1 -1 
201 19 499 170 27 23 -1 -1 -1 -1 
201 20 2 206 241 238 -1 -1 -1 -1 
202 15 592 195 26 29 -1 -1 -1 -1 
202 19 503 168 24 22 -1 -1 -1 -1 
202 20 2 201 258 221 -1 -1 -1 -1 
203 15 594 203 28 31 -1 -1 -1 -1 
203 18 529 147 14 12 -1 -1 -1 -1 
203 19 508 164 22 21 -1 -1 -1 -1 
203 20 2 182 295 275 -1 -1 -1 -1 
204 15 595 206 28 33 -1 -1 -1 -1 
204 18 529 147 14 12 -1 -1 -1 -1 
204 19 510 163 21 19 -1 -1 -1 -1 
205 15 597 209 29 34 -1 -1 -1 -1 
205 19 511 162 21 19 -1 -1 -1 -1 
205 20 18 185 304 227 -1 -1 -1 -1 
206 15 597 209 29 34 -1 -1 -1 -1 
206 19 512 160 22 18 -1 -1 -1 -1 
207 19 515 159 19 18 -1 -1 -1 -1 
207 20 87 170 262 171 -1 -1 -1 -1 
208 15 600 221 37 43 -1 -1 -1 -1 
208 19 516 158 20 17 -1 -1 -1 -1 
208 20 115 172 241 147 -1 -1 -1 -1 
209 15 602 227 37 46 -1 -1 -1 -1 
209 19 518 156 20 17 -1 -1 -1 -1 
209 20 137 170 231 173 -1 -1 -1 -1 
210 15 604 232 35 51 -1 -1 -1 -1 
210 19 520 156 16 14 -1 -1 -1 -1 
210 20 164 170 208 137 -1 -1 -1 -1 
211 15 604 232 35 51 -1 -1 -1 -1 
211 19 521 156 16 13 -1 -1 -1 -1 
212 19 523 155 15 13 -1 -1 -1 -1 
212 20 208 163 180 126 -1 -1 -1 -1 
213 19 523 155 15 13 -1 -1 -1 -1 
213 20 226 162 170 122 -1 -1 -1 -1 
214 20 239 166 163 112 -1 -1 -1 -1 
215 20 259 165 150 109 -1 -1 -1 -1 
216 20 272 168 142 92 -1 -1 -1 -1 
224 20 331 155 108 75 -1 -1 -1 -1 
