4 4 623 195 16 35 -1 -1 -1 -1 
4 5 586 169 15 16 -1 -1 -1 -1 
4 6 509 161 21 19 -1 -1 -1 -1 
4 7 487 154 19 16 -1 -1 -1 -1 
4 8 584 192 29 34 -1 -1 -1 -1 
5 4 623 195 16 35 -1 -1 -1 -1 
5 5 586 169 15 16 -1 -1 -1 -1 
5 6 509 161 21 19 -1 -1 -1 -1 
5 7 487 154 19 16 -1 -1 -1 -1 
5 8 584 192 29 34 -1 -1 -1 -1 
6 4 623 195 16 35 -1 -1 -1 -1 
6 5 586 169 15 18 -1 -1 -1 -1 
6 6 510 160 21 19 -1 -1 -1 -1 
6 7 489 153 18 17 -1 -1 -1 -1 
7 5 585 170 16 17 -1 -1 -1 -1 
7 6 512 159 20 18 -1 -1 -1 -1 
7 7 491 153 18 14 -1 -1 -1 -1 
7 8 586 198 32 37 -1 -1 -1 -1 
8 5 585 170 16 18 -1 -1 -1 -1 
8 6 512 159 22 17 -1 -1 -1 -1 
8 7 493 152 18 12 -1 -1 -1 -1 
8 8 588 199 32 41 -1 -1 -1 -1 
9 5 585 170 16 18 -1 -1 -1 -1 
9 6 512 159 22 17 -1 -1 -1 -1 
9 7 493 152 18 12 -1 -1 -1 -1 
9 8 588 199 32 41 -1 -1 -1 -1 
10 5 585 171 17 19 -1 -1 -1 -1 
10 6 516 157 18 17 -1 -1 -1 -1 
10 7 495 152 18 12 -1 -1 -1 -1 
10 8 589 201 35 45 -1 -1 -1 -1 
11 5 585 171 17 19 -1 -1 -1 -1 
11 6 516 157 18 17 -1 -1 -1 -1 
11 7 495 152 18 12 -1 -1 -1 -1 
11 8 589 201 35 45 -1 -1 -1 -1 
12 5 584 172 18 20 -1 -1 -1 -1 
12 6 517 157 17 15 -1 -1 -1 -1 
12 7 497 151 16 12 -1 -1 -1 -1 
12 8 589 206 36 46 -1 -1 -1 -1 
13 5 585 173 17 19 -1 -1 -1 -1 
13 6 519 157 16 14 -1 -1 -1 -1 
13 7 497 149 17 13 -1 -1 -1 -1 
13 8 589 211 38 46 -1 -1 -1 -1 
14 5 585 173 17 19 -1 -1 -1 -1 
14 6 519 157 16 14 -1 -1 -1 -1 
14 7 497 149 17 13 -1 -1 -1 -1 
14 8 589 211 38 46 -1 -1 -1 -1 
15 5 584 173 19 20 -1 -1 -1 -1 
15 6 520 155 16 14 -1 -1 -1 -1 
15 7 499 148 17 13 -1 -1 -1 -1 
15 8 591 215 41 48 -1 -1 -1 -1 
16 5 584 173 19 20 -1 -1 -1 -1 
16 6 520 155 16 14 -1 -1 -1 -1 
16 7 499 148 17 13 -1 -1 -1 -1 
16 8 591 215 41 48 -1 -1 -1 -1 
17 5 585 174 18 21 -1 -1 -1 -1 
17 6 520 154 17 15 -1 -1 -1 -1 
17 7 500 149 16 12 -1 -1 -1 -1 
18 5 585 175 19 21 -1 -1 -1 -1 
18 6 521 153 16 15 -1 -1 -1 -1 
18 7 501 147 16 14 -1 -1 -1 -1 
19 5 585 175 19 21 -1 -1 -1 -1 
19 6 521 153 16 15 -1 -1 -1 -1 
19 7 501 147 16 14 -1 -1 -1 -1 
20 5 585 176 20 22 -1 -1 -1 -1 
20 6 522 152 16 15 -1 -1 -1 -1 
20 7 503 147 16 13 -1 -1 -1 -1 
21 5 585 176 20 22 -1 -1 -1 -1 
21 6 522 152 16 15 -1 -1 -1 -1 
21 7 503 147 16 13 -1 -1 -1 -1 
22 5 585 177 19 23 -1 -1 -1 -1 
22 6 523 151 14 14 -1 -1 -1 -1 
22 7 503 147 16 13 -1 -1 -1 -1 
23 5 585 177 19 24 -1 -1 -1 -1 
23 6 523 151 14 14 -1 -1 -1 -1 
24 5 584 179 21 23 -1 -1 -1 -1 
24 7 508 145 15 12 -1 -1 -1 -1 
24 9 600 248 39 75 -1 -1 -1 -1 
25 5 584 179 21 23 -1 -1 -1 -1 
25 7 508 145 15 12 -1 -1 -1 -1 
25 9 600 248 39 75 -1 -1 -1 -1 
26 5 585 181 20 23 -1 -1 -1 -1 
26 7 509 145 15 12 -1 -1 -1 -1 
26 9 601 253 38 83 -1 -1 -1 -1 
27 5 585 181 20 23 -1 -1 -1 -1 
27 7 509 145 15 12 -1 -1 -1 -1 
27 9 601 253 38 83 -1 -1 -1 -1 
28 5 585 182 21 24 -1 -1 -1 -1 
28 7 510 145 14 12 -1 -1 -1 -1 
28 9 602 263 37 93 -1 -1 -1 -1 
29 5 585 182 21 25 -1 -1 -1 -1 
29 7 510 145 14 12 -1 -1 -1 -1 
30 5 585 182 21 25 -1 -1 -1 -1 
30 9 605 277 34 97 -1 -1 -1 -1 
31 5 584 182 23 28 -1 -1 -1 -1 
31 9 608 289 31 107 -1 -1 -1 -1 
32 5 584 182 23 28 -1 -1 -1 -1 
32 9 608 289 31 107 -1 -1 -1 -1 
33 5 584 185 23 28 -1 -1 -1 -1 
33 7 528 148 15 10 -1 -1 -1 -1 
33 9 610 303 29 121 -1 -1 -1 -1 
34 5 585 185 23 29 -1 -1 -1 -1 
35 5 584 187 25 30 -1 -1 -1 -1 
36 5 584 187 25 30 -1 -1 -1 -1 
37 5 586 190 24 29 -1 -1 -1 -1 
37 7 578 155 12 14 -1 -1 -1 -1 
38 5 586 190 24 29 -1 -1 -1 -1 
38 7 578 155 12 14 -1 -1 -1 -1 
39 5 584 192 27 30 -1 -1 -1 -1 
39 7 577 155 13 15 -1 -1 -1 -1 
40 5 585 194 26 31 -1 -1 -1 -1 
40 7 578 156 13 14 -1 -1 -1 -1 
41 5 585 194 26 31 -1 -1 -1 -1 
41 7 578 156 13 14 -1 -1 -1 -1 
42 5 585 196 27 33 -1 -1 -1 -1 
42 7 578 156 13 14 -1 -1 -1 -1 
43 5 585 196 27 33 -1 -1 -1 -1 
43 7 578 156 13 14 -1 -1 -1 -1 
44 5 587 198 26 34 -1 -1 -1 -1 
44 7 578 156 14 16 -1 -1 -1 -1 
45 5 587 198 26 34 -1 -1 -1 -1 
46 7 578 157 14 15 -1 -1 -1 -1 
47 7 578 157 15 16 -1 -1 -1 -1 
48 7 578 157 15 16 -1 -1 -1 -1 
49 7 578 158 15 17 -1 -1 -1 -1 
50 7 578 158 15 18 -1 -1 -1 -1 
51 7 578 158 15 18 -1 -1 -1 -1 
52 7 578 159 15 19 -1 -1 -1 -1 
53 7 578 159 15 19 -1 -1 -1 -1 
54 7 578 162 16 17 -1 -1 -1 -1 
55 7 578 164 16 16 -1 -1 -1 -1 
56 7 578 164 16 16 -1 -1 -1 -1 
57 7 578 165 17 16 -1 -1 -1 -1 
58 7 578 165 17 16 -1 -1 -1 -1 
59 7 579 165 17 17 -1 -1 -1 -1 
60 7 579 165 18 18 -1 -1 -1 -1 
61 7 579 165 18 18 -1 -1 -1 -1 
62 7 579 166 18 19 -1 -1 -1 -1 
63 7 579 166 18 19 -1 -1 -1 -1 
64 7 580 168 18 19 -1 -1 -1 -1 
65 7 581 168 17 20 -1 -1 -1 -1 
66 7 581 168 17 20 -1 -1 -1 -1 
67 7 581 170 17 20 -1 -1 -1 -1 
68 7 581 171 18 20 -1 -1 -1 -1 
69 7 581 171 18 20 -1 -1 -1 -1 
70 7 582 172 18 20 -1 -1 -1 -1 
70 11 597 263 42 81 -1 -1 -1 -1 
71 7 582 174 19 20 -1 -1 -1 -1 
71 11 597 272 42 87 -1 -1 -1 -1 
72 7 582 174 19 20 -1 -1 -1 -1 
72 11 597 272 42 87 -1 -1 -1 -1 
73 7 583 174 19 22 -1 -1 -1 -1 
73 11 599 283 40 95 -1 -1 -1 -1 
74 7 583 174 19 22 -1 -1 -1 -1 
74 11 599 283 40 95 -1 -1 -1 -1 
75 7 584 175 19 22 -1 -1 -1 -1 
75 11 601 294 38 103 -1 -1 -1 -1 
75 12 1 334 132 140 -1 -1 -1 -1 
76 7 585 177 18 23 -1 -1 -1 -1 
76 11 603 307 36 114 -1 -1 -1 -1 
76 12 0 313 178 136 -1 -1 -1 -1 
77 7 585 177 18 23 -1 -1 -1 -1 
77 11 603 307 36 114 -1 -1 -1 -1 
77 12 0 313 178 136 -1 -1 -1 -1 
78 7 584 178 21 24 -1 -1 -1 -1 
78 11 603 307 36 114 -1 -1 -1 -1 
79 7 584 178 21 24 -1 -1 -1 -1 
79 12 31 292 187 127 -1 -1 -1 -1 
80 7 585 182 21 21 -1 -1 -1 -1 
80 12 86 274 168 113 -1 -1 -1 -1 
81 7 585 180 23 26 -1 -1 -1 -1 
81 12 132 262 149 99 -1 -1 -1 -1 
82 7 585 180 23 26 -1 -1 -1 -1 
82 12 132 262 149 99 -1 -1 -1 -1 
83 7 586 181 22 28 -1 -1 -1 -1 
83 12 173 249 136 90 -1 -1 -1 -1 
84 7 586 184 23 29 -1 -1 -1 -1 
84 12 208 236 122 82 -1 -1 -1 -1 
85 7 586 184 23 29 -1 -1 -1 -1 
85 12 208 236 122 82 -1 -1 -1 -1 
86 7 587 185 23 30 -1 -1 -1 -1 
86 12 240 228 107 75 -1 -1 -1 -1 
87 7 587 185 23 30 -1 -1 -1 -1 
87 12 240 228 107 75 -1 -1 -1 -1 
88 7 588 188 23 30 -1 -1 -1 -1 
88 12 265 217 98 69 -1 -1 -1 -1 
89 7 590 190 23 30 -1 -1 -1 -1 
89 12 288 212 89 62 -1 -1 -1 -1 
90 7 590 190 23 30 -1 -1 -1 -1 
90 12 288 212 89 62 -1 -1 -1 -1 
91 7 590 193 26 31 -1 -1 -1 -1 
91 12 307 209 83 56 -1 -1 -1 -1 
91 13 308 210 80 53 -1 -1 -1 -1 
92 7 590 193 29 36 -1 -1 -1 -1 
92 12 307 209 83 56 -1 -1 -1 -1 
93 7 590 193 29 36 -1 -1 -1 -1 
93 13 326 202 74 52 -1 -1 -1 -1 
94 7 591 197 29 35 -1 -1 -1 -1 
94 13 341 196 68 50 -1 -1 -1 -1 
95 7 593 199 29 37 -1 -1 -1 -1 
95 13 354 194 65 45 -1 -1 -1 -1 
96 7 593 199 29 37 -1 -1 -1 -1 
96 13 354 194 65 45 -1 -1 -1 -1 
97 7 594 203 29 38 -1 -1 -1 -1 
97 13 368 189 59 42 -1 -1 -1 -1 
98 7 594 203 29 38 -1 -1 -1 -1 
98 13 368 189 59 42 -1 -1 -1 -1 
99 7 596 207 29 38 -1 -1 -1 -1 
99 13 379 187 55 39 -1 -1 -1 -1 
100 7 597 210 32 43 -1 -1 -1 -1 
100 13 388 184 52 37 -1 -1 -1 -1 
101 7 597 210 32 43 -1 -1 -1 -1 
101 13 388 184 52 37 -1 -1 -1 -1 
102 7 597 210 32 43 -1 -1 -1 -1 
103 13 405 178 45 34 -1 -1 -1 -1 
104 13 405 178 45 34 -1 -1 -1 -1 
105 7 600 220 39 50 -1 -1 -1 -1 
105 13 413 176 41 32 -1 -1 -1 -1 
106 7 600 220 39 50 -1 -1 -1 -1 
106 13 413 176 41 32 -1 -1 -1 -1 
107 7 600 220 39 50 -1 -1 -1 -1 
107 13 419 174 41 30 -1 -1 -1 -1 
108 13 424 172 39 30 -1 -1 -1 -1 
109 13 424 172 39 30 -1 -1 -1 -1 
110 7 606 236 33 64 -1 -1 -1 -1 
110 13 430 171 36 27 -1 -1 -1 -1 
111 7 606 236 33 64 -1 -1 -1 -1 
111 13 430 171 36 27 -1 -1 -1 -1 
112 7 608 243 31 67 -1 -1 -1 -1 
112 13 437 169 32 27 -1 -1 -1 -1 
113 7 610 249 29 73 -1 -1 -1 -1 
113 13 442 168 30 25 -1 -1 -1 -1 
114 7 610 249 29 73 -1 -1 -1 -1 
114 13 442 168 30 25 -1 -1 -1 -1 
115 7 612 257 27 77 -1 -1 -1 -1 
115 13 446 166 31 25 -1 -1 -1 -1 
116 7 614 268 25 84 -1 -1 -1 -1 
116 13 450 165 31 24 -1 -1 -1 -1 
117 7 614 268 25 84 -1 -1 -1 -1 
117 13 450 165 31 24 -1 -1 -1 -1 
118 7 614 268 25 84 -1 -1 -1 -1 
118 13 454 163 29 24 -1 -1 -1 -1 
119 13 454 163 29 24 -1 -1 -1 -1 
120 13 458 163 27 22 -1 -1 -1 -1 
120 16 168 365 194 113 -1 -1 -1 -1 
121 13 460 160 28 22 -1 -1 -1 -1 
121 16 225 335 163 133 -1 -1 -1 -1 
122 13 460 160 28 22 -1 -1 -1 -1 
122 16 225 335 163 133 -1 -1 -1 -1 
123 13 465 158 25 23 -1 -1 -1 -1 
123 16 270 311 140 114 -1 -1 -1 -1 
124 13 465 158 25 23 -1 -1 -1 -1 
124 16 270 311 140 114 -1 -1 -1 -1 
125 13 466 159 25 20 -1 -1 -1 -1 
125 16 302 291 127 100 -1 -1 -1 -1 
126 13 470 158 24 18 -1 -1 -1 -1 
126 16 337 274 105 89 -1 -1 -1 -1 
127 13 470 158 24 18 -1 -1 -1 -1 
127 16 337 274 105 89 -1 -1 -1 -1 
128 13 472 155 23 19 -1 -1 -1 -1 
128 16 360 259 95 80 -1 -1 -1 -1 
128 18 596 165 15 15 -1 -1 -1 -1 
129 13 475 155 23 20 -1 -1 -1 -1 
129 16 380 249 82 72 -1 -1 -1 -1 
129 18 596 166 15 15 -1 -1 -1 -1 
130 13 477 154 23 20 -1 -1 -1 -1 
130 16 396 239 76 65 -1 -1 -1 -1 
130 18 597 167 14 15 -1 -1 -1 -1 
131 13 477 154 23 20 -1 -1 -1 -1 
131 16 396 239 76 65 -1 -1 -1 -1 
131 18 597 167 14 15 -1 -1 -1 -1 
132 13 479 154 23 19 -1 -1 -1 -1 
132 16 408 230 69 60 -1 -1 -1 -1 
132 18 597 167 15 16 -1 -1 -1 -1 
133 13 482 152 21 19 -1 -1 -1 -1 
133 16 422 223 63 54 -1 -1 -1 -1 
133 18 597 168 16 16 -1 -1 -1 -1 
134 13 482 152 21 19 -1 -1 -1 -1 
134 16 422 223 63 54 -1 -1 -1 -1 
134 18 597 168 16 16 -1 -1 -1 -1 
134 19 577 158 11 12 -1 -1 -1 -1 
135 13 485 151 19 19 -1 -1 -1 -1 
135 16 432 215 56 52 -1 -1 -1 -1 
135 18 598 167 16 18 -1 -1 -1 -1 
135 19 577 157 12 14 -1 -1 -1 -1 
136 13 485 151 19 19 -1 -1 -1 -1 
136 16 432 215 56 52 -1 -1 -1 -1 
136 18 598 167 16 18 -1 -1 -1 -1 
136 19 577 157 12 14 -1 -1 -1 -1 
137 13 486 150 19 18 -1 -1 -1 -1 
137 16 438 210 56 50 -1 -1 -1 -1 
137 18 598 168 16 17 -1 -1 -1 -1 
137 19 577 157 12 15 -1 -1 -1 -1 
138 13 489 150 18 17 -1 -1 -1 -1 
138 16 449 207 49 42 -1 -1 -1 -1 
138 18 599 169 16 17 -1 -1 -1 -1 
138 19 577 158 12 15 -1 -1 -1 -1 
139 13 489 150 18 17 -1 -1 -1 -1 
139 16 449 207 49 42 -1 -1 -1 -1 
139 18 599 169 16 17 -1 -1 -1 -1 
139 19 577 158 12 15 -1 -1 -1 -1 
140 13 491 149 17 17 -1 -1 -1 -1 
140 16 456 202 46 42 -1 -1 -1 -1 
140 18 599 169 18 19 -1 -1 -1 -1 
140 19 577 160 13 14 -1 -1 -1 -1 
141 13 492 149 17 15 -1 -1 -1 -1 
141 16 462 197 42 39 -1 -1 -1 -1 
141 18 599 170 19 19 -1 -1 -1 -1 
142 13 493 148 18 16 -1 -1 -1 -1 
142 16 467 195 41 35 -1 -1 -1 -1 
142 18 601 172 17 19 -1 -1 -1 -1 
143 13 493 148 18 16 -1 -1 -1 -1 
143 16 467 195 41 35 -1 -1 -1 -1 
143 18 601 172 17 19 -1 -1 -1 -1 
144 13 495 147 18 16 -1 -1 -1 -1 
144 16 472 190 37 35 -1 -1 -1 -1 
144 18 602 174 18 18 -1 -1 -1 -1 
145 13 496 147 17 15 -1 -1 -1 -1 
145 16 476 187 36 34 -1 -1 -1 -1 
145 18 603 176 18 17 -1 -1 -1 -1 
145 19 577 166 15 14 -1 -1 -1 -1 
146 13 496 147 17 15 -1 -1 -1 -1 
146 16 476 187 36 34 -1 -1 -1 -1 
146 18 603 176 18 17 -1 -1 -1 -1 
146 19 577 166 15 14 -1 -1 -1 -1 
147 13 498 147 16 14 -1 -1 -1 -1 
147 16 479 185 36 32 -1 -1 -1 -1 
147 18 603 177 19 17 -1 -1 -1 -1 
147 19 577 167 15 14 -1 -1 -1 -1 
148 13 499 147 16 14 -1 -1 -1 -1 
148 16 484 184 31 27 -1 -1 -1 -1 
148 18 605 176 17 20 -1 -1 -1 -1 
148 19 577 167 16 15 -1 -1 -1 -1 
149 13 499 147 16 14 -1 -1 -1 -1 
149 16 484 184 31 27 -1 -1 -1 -1 
149 18 605 176 17 20 -1 -1 -1 -1 
149 19 577 167 16 15 -1 -1 -1 -1 
150 13 501 148 15 12 -1 -1 -1 -1 
150 16 489 181 29 27 -1 -1 -1 -1 
150 18 605 177 17 20 -1 -1 -1 -1 
150 19 577 168 16 15 -1 -1 -1 -1 
151 13 502 147 16 13 -1 -1 -1 -1 
151 16 492 179 27 25 -1 -1 -1 -1 
151 18 606 177 18 22 -1 -1 -1 -1 
151 19 578 169 16 16 -1 -1 -1 -1 
152 13 502 147 16 13 -1 -1 -1 -1 
152 16 492 179 27 25 -1 -1 -1 -1 
152 18 606 177 18 22 -1 -1 -1 -1 
152 19 578 169 16 16 -1 -1 -1 -1 
153 13 502 147 16 13 -1 -1 -1 -1 
153 16 494 176 27 25 -1 -1 -1 -1 
153 18 606 177 19 23 -1 -1 -1 -1 
154 13 505 145 15 12 -1 -1 -1 -1 
154 16 496 173 27 27 -1 -1 -1 -1 
154 18 607 180 20 21 -1 -1 -1 -1 
154 19 578 170 17 18 -1 -1 -1 -1 
155 13 505 145 15 12 -1 -1 -1 -1 
155 16 498 172 26 25 -1 -1 -1 -1 
155 18 608 183 20 21 -1 -1 -1 -1 
156 16 498 172 26 25 -1 -1 -1 -1 
156 18 608 183 20 21 -1 -1 -1 -1 
156 19 578 172 17 17 -1 -1 -1 -1 
157 16 499 171 27 23 -1 -1 -1 -1 
157 18 609 185 21 21 -1 -1 -1 -1 
157 19 578 174 18 17 -1 -1 -1 -1 
158 16 499 171 27 23 -1 -1 -1 -1 
158 18 609 185 21 21 -1 -1 -1 -1 
158 19 578 174 18 17 -1 -1 -1 -1 
159 16 502 169 24 22 -1 -1 -1 -1 
159 18 610 186 22 21 -1 -1 -1 -1 
159 19 579 175 17 17 -1 -1 -1 -1 
160 16 506 168 21 21 -1 -1 -1 -1 
160 18 611 187 24 23 -1 -1 -1 -1 
160 19 579 176 17 17 -1 -1 -1 -1 
161 16 506 168 21 21 -1 -1 -1 -1 
161 18 611 187 24 23 -1 -1 -1 -1 
161 19 579 176 17 17 -1 -1 -1 -1 
162 16 508 165 20 22 -1 -1 -1 -1 
162 18 613 188 23 24 -1 -1 -1 -1 
162 19 580 177 17 18 -1 -1 -1 -1 
163 16 509 164 21 20 -1 -1 -1 -1 
163 18 612 187 27 27 -1 -1 -1 -1 
163 19 580 178 18 20 -1 -1 -1 -1 
164 16 509 164 21 20 -1 -1 -1 -1 
164 18 612 187 27 27 -1 -1 -1 -1 
164 19 580 178 18 20 -1 -1 -1 -1 
165 16 510 163 21 19 -1 -1 -1 -1 
165 18 614 188 25 28 -1 -1 -1 -1 
165 19 581 179 18 22 -1 -1 -1 -1 
166 16 510 163 21 19 -1 -1 -1 -1 
166 18 614 188 25 28 -1 -1 -1 -1 
166 19 581 179 18 22 -1 -1 -1 -1 
167 16 510 162 22 19 -1 -1 -1 -1 
167 18 616 190 23 28 -1 -1 -1 -1 
167 19 580 180 20 23 -1 -1 -1 -1 
168 16 512 162 21 18 -1 -1 -1 -1 
168 18 616 190 23 28 -1 -1 -1 -1 
169 16 512 162 21 18 -1 -1 -1 -1 
169 19 580 182 21 22 -1 -1 -1 -1 
170 16 513 161 21 17 -1 -1 -1 -1 
170 19 581 184 21 24 -1 -1 -1 -1 
171 16 513 161 21 17 -1 -1 -1 -1 
171 19 581 184 21 24 -1 -1 -1 -1 
172 16 516 159 18 18 -1 -1 -1 -1 
172 19 582 185 20 26 -1 -1 -1 -1 
173 16 517 158 18 17 -1 -1 -1 -1 
173 19 583 187 21 26 -1 -1 -1 -1 
174 16 517 158 18 17 -1 -1 -1 -1 
174 19 583 187 21 26 -1 -1 -1 -1 
174 20 620 196 19 32 -1 -1 -1 -1 
175 16 517 156 19 18 -1 -1 -1 -1 
175 19 584 190 23 27 -1 -1 -1 -1 
175 20 622 198 17 31 -1 -1 -1 -1 
176 16 517 156 19 18 -1 -1 -1 -1 
176 19 584 190 23 27 -1 -1 -1 -1 
176 20 622 198 17 31 -1 -1 -1 -1 
177 16 519 156 17 15 -1 -1 -1 -1 
177 19 583 193 25 26 -1 -1 -1 -1 
177 20 623 198 16 34 -1 -1 -1 -1 
178 16 520 155 17 15 -1 -1 -1 -1 
178 19 583 194 27 29 -1 -1 -1 -1 
178 20 626 200 13 34 -1 -1 -1 -1 
179 16 520 155 17 15 -1 -1 -1 -1 
179 19 583 194 27 29 -1 -1 -1 -1 
179 20 626 200 13 34 -1 -1 -1 -1 
180 16 521 154 17 15 -1 -1 -1 -1 
180 19 585 197 25 30 -1 -1 -1 -1 
180 20 626 205 13 33 -1 -1 -1 -1 
181 16 521 154 17 15 -1 -1 -1 -1 
181 19 585 197 25 30 -1 -1 -1 -1 
181 20 626 205 13 33 -1 -1 -1 -1 
182 16 522 153 17 16 -1 -1 -1 -1 
182 19 587 200 25 32 -1 -1 -1 -1 
183 16 522 152 18 16 -1 -1 -1 -1 
183 19 588 204 25 32 -1 -1 -1 -1 
184 16 522 152 18 16 -1 -1 -1 -1 
184 19 588 204 25 32 -1 -1 -1 -1 
185 16 522 152 18 16 -1 -1 -1 -1 
186 19 589 207 29 35 -1 -1 -1 -1 
187 19 590 211 30 37 -1 -1 -1 -1 
188 19 590 216 31 38 -1 -1 -1 -1 
189 19 590 216 31 38 -1 -1 -1 -1 
190 19 591 220 34 41 -1 -1 -1 -1 
190 21 101 378 235 99 -1 -1 -1 -1 
191 19 591 220 34 41 -1 -1 -1 -1 
191 21 101 378 235 99 -1 -1 -1 -1 
192 19 593 226 34 42 -1 -1 -1 -1 
192 21 164 346 201 133 -1 -1 -1 -1 
193 19 594 231 39 47 -1 -1 -1 -1 
193 21 219 321 169 136 -1 -1 -1 -1 
194 19 594 231 39 47 -1 -1 -1 -1 
194 21 219 321 169 136 -1 -1 -1 -1 
195 19 595 237 41 51 -1 -1 -1 -1 
195 21 263 300 144 117 -1 -1 -1 -1 
196 19 597 243 42 57 -1 -1 -1 -1 
196 21 298 273 127 111 -1 -1 -1 -1 
197 19 597 243 42 57 -1 -1 -1 -1 
197 21 298 273 127 111 -1 -1 -1 -1 
198 19 598 249 41 63 -1 -1 -1 -1 
198 21 325 261 115 96 -1 -1 -1 -1 
199 19 598 249 41 63 -1 -1 -1 -1 
199 21 325 261 115 96 -1 -1 -1 -1 
200 19 601 261 38 65 -1 -1 -1 -1 
200 21 352 253 99 81 -1 -1 -1 -1 
201 19 603 272 36 72 -1 -1 -1 -1 
201 21 373 240 87 77 -1 -1 -1 -1 
202 19 603 272 36 72 -1 -1 -1 -1 
202 21 373 240 87 77 -1 -1 -1 -1 
203 19 605 282 34 83 -1 -1 -1 -1 
203 21 389 229 80 72 -1 -1 -1 -1 
204 19 605 282 34 83 -1 -1 -1 -1 
204 21 389 229 80 72 -1 -1 -1 -1 
205 19 607 296 32 91 -1 -1 -1 -1 
205 21 403 222 72 65 -1 -1 -1 -1 
206 19 611 314 28 100 -1 -1 -1 -1 
206 21 414 215 66 60 -1 -1 -1 -1 
207 19 611 314 28 100 -1 -1 -1 -1 
207 21 414 215 66 60 -1 -1 -1 -1 
208 19 614 333 25 116 -1 -1 -1 -1 
208 21 425 210 62 56 -1 -1 -1 -1 
209 19 614 333 25 116 -1 -1 -1 -1 
209 21 425 210 62 56 -1 -1 -1 -1 
210 19 614 333 25 116 -1 -1 -1 -1 
211 21 439 202 55 47 -1 -1 -1 -1 
212 21 439 202 55 47 -1 -1 -1 -1 
213 21 449 198 47 45 -1 -1 -1 -1 
214 21 449 198 47 45 -1 -1 -1 -1 
215 21 455 193 46 44 -1 -1 -1 -1 
216 21 460 190 44 40 -1 -1 -1 -1 
217 21 460 190 44 40 -1 -1 -1 -1 
218 21 466 186 40 39 -1 -1 -1 -1 
219 21 466 186 40 39 -1 -1 -1 -1 
220 21 470 184 38 36 -1 -1 -1 -1 
221 21 473 182 37 34 -1 -1 -1 -1 
222 21 473 182 37 34 -1 -1 -1 -1 
223 21 478 179 33 32 -1 -1 -1 -1 
224 21 478 179 33 32 -1 -1 -1 -1 
225 21 481 177 33 31 -1 -1 -1 -1 
226 21 484 175 31 30 -1 -1 -1 -1 
227 21 484 175 31 30 -1 -1 -1 -1 
228 21 487 173 30 29 -1 -1 -1 -1 
229 21 487 173 30 29 -1 -1 -1 -1 
230 21 491 171 27 27 -1 -1 -1 -1 
231 21 493 170 26 26 -1 -1 -1 -1 
232 21 493 170 26 26 -1 -1 -1 -1 
233 21 496 168 25 26 -1 -1 -1 -1 
233 23 165 366 193 113 -1 -1 -1 -1 
234 21 498 167 24 26 -1 -1 -1 -1 
234 23 219 336 163 135 -1 -1 -1 -1 
235 21 498 167 24 26 -1 -1 -1 -1 
235 23 219 336 163 135 -1 -1 -1 -1 
236 21 498 166 25 24 -1 -1 -1 -1 
236 23 263 312 141 121 -1 -1 -1 -1 
237 21 498 166 25 24 -1 -1 -1 -1 
237 23 263 312 141 121 -1 -1 -1 -1 
238 21 501 164 24 22 -1 -1 -1 -1 
238 23 297 295 124 103 -1 -1 -1 -1 
239 21 503 163 23 22 -1 -1 -1 -1 
239 23 326 274 109 96 -1 -1 -1 -1 
240 21 503 163 23 22 -1 -1 -1 -1 
240 23 326 274 109 96 -1 -1 -1 -1 
241 21 505 161 22 22 -1 -1 -1 -1 
241 23 350 261 97 87 -1 -1 -1 -1 
242 21 506 160 22 21 -1 -1 -1 -1 
242 23 370 250 87 78 -1 -1 -1 -1 
243 21 506 160 22 21 -1 -1 -1 -1 
243 23 370 250 87 78 -1 -1 -1 -1 
244 21 508 159 21 20 -1 -1 -1 -1 
244 23 386 241 79 68 -1 -1 -1 -1 
245 21 509 159 20 19 -1 -1 -1 -1 
245 23 399 231 72 65 -1 -1 -1 -1 
246 21 509 159 20 19 -1 -1 -1 -1 
246 23 399 231 72 65 -1 -1 -1 -1 
246 25 399 232 72 63 -1 -1 -1 -1 
247 21 510 157 21 21 -1 -1 -1 -1 
247 23 399 231 72 65 -1 -1 -1 -1 
248 21 511 156 20 20 -1 -1 -1 -1 
248 25 422 215 61 58 -1 -1 -1 -1 
249 21 511 156 20 20 -1 -1 -1 -1 
249 25 422 215 61 58 -1 -1 -1 -1 
250 21 512 155 20 20 -1 -1 -1 -1 
250 25 431 209 57 55 -1 -1 -1 -1 
251 21 513 154 20 19 -1 -1 -1 -1 
251 25 435 208 56 45 -1 -1 -1 -1 
252 21 513 154 20 19 -1 -1 -1 -1 
252 25 435 208 56 45 -1 -1 -1 -1 
253 21 516 154 17 17 -1 -1 -1 -1 
253 25 435 208 56 45 -1 -1 -1 -1 
254 21 517 153 16 17 -1 -1 -1 -1 
254 27 601 176 16 15 -1 -1 -1 -1 
255 21 517 153 16 17 -1 -1 -1 -1 
255 27 601 176 16 15 -1 -1 -1 -1 
256 21 518 152 15 17 -1 -1 -1 -1 
256 27 602 176 16 16 -1 -1 -1 -1 
257 21 519 151 15 17 -1 -1 -1 -1 
257 27 604 177 16 16 -1 -1 -1 -1 
