4 2 502 148 17 15 -1 -1 -1 -1 
5 2 504 147 18 15 -1 -1 -1 -1 
6 2 505 146 18 16 -1 -1 -1 -1 
7 2 505 146 18 16 -1 -1 -1 -1 
8 2 507 146 16 15 -1 -1 -1 -1 
9 2 507 146 16 15 -1 -1 -1 -1 
10 2 508 146 15 14 -1 -1 -1 -1 
11 2 509 146 16 13 -1 -1 -1 -1 
12 2 509 146 16 13 -1 -1 -1 -1 
13 2 510 145 15 13 -1 -1 -1 -1 
14 2 510 145 15 13 -1 -1 -1 -1 
15 2 511 145 15 13 -1 -1 -1 -1 
16 2 512 144 16 13 -1 -1 -1 -1 
17 2 512 144 16 13 -1 -1 -1 -1 
27 2 518 142 15 12 -1 -1 -1 -1 
28 2 518 142 15 12 -1 -1 -1 -1 
54 2 577 159 12 12 -1 -1 -1 -1 
60 2 577 159 12 12 -1 -1 -1 -1 
63 4 1 336 175 140 -1 -1 -1 -1 
64 4 1 336 175 140 -1 -1 -1 -1 
65 4 12 312 214 140 -1 -1 -1 -1 
66 4 78 289 189 124 -1 -1 -1 -1 
67 4 78 289 189 124 -1 -1 -1 -1 
68 4 134 272 166 105 -1 -1 -1 -1 
69 4 183 254 143 94 -1 -1 -1 -1 
70 2 579 169 18 16 -1 -1 -1 -1 
70 4 224 240 127 85 -1 -1 -1 -1 
70 5 0 215 71 58 -1 -1 -1 -1 
71 2 579 169 18 17 -1 -1 -1 -1 
71 4 258 230 112 75 -1 -1 -1 -1 
71 5 0 213 89 59 -1 -1 -1 -1 
72 2 580 170 17 18 -1 -1 -1 -1 
72 4 284 216 100 70 -1 -1 -1 -1 
72 5 0 207 109 59 -1 -1 -1 -1 
73 2 580 172 17 18 -1 -1 -1 -1 
73 4 310 214 88 57 -1 -1 -1 -1 
73 5 15 202 109 56 -1 -1 -1 -1 
74 2 581 172 17 19 -1 -1 -1 -1 
74 4 330 206 79 53 -1 -1 -1 -1 
74 5 34 198 104 52 -1 -1 -1 -1 
75 2 581 172 17 19 -1 -1 -1 -1 
75 4 330 206 79 53 -1 -1 -1 -1 
75 5 34 198 104 52 -1 -1 -1 -1 
76 2 581 175 17 18 -1 -1 -1 -1 
76 4 347 198 72 52 -1 -1 -1 -1 
76 5 55 195 100 52 -1 -1 -1 -1 
77 2 581 177 18 19 -1 -1 -1 -1 
77 4 364 194 64 48 -1 -1 -1 -1 
77 5 72 190 94 51 -1 -1 -1 -1 
78 2 581 177 18 19 -1 -1 -1 -1 
78 4 364 194 64 48 -1 -1 -1 -1 
78 5 72 190 94 51 -1 -1 -1 -1 
79 2 582 178 18 19 -1 -1 -1 -1 
79 4 376 189 62 45 -1 -1 -1 -1 
79 5 88 187 90 49 -1 -1 -1 -1 
80 2 583 178 18 22 -1 -1 -1 -1 
80 4 388 186 58 42 -1 -1 -1 -1 
80 5 101 184 88 46 -1 -1 -1 -1 
81 2 583 180 20 23 -1 -1 -1 -1 
81 4 399 182 55 40 -1 -1 -1 -1 
81 5 119 182 83 44 -1 -1 -1 -1 
82 2 584 184 21 20 -1 -1 -1 -1 
82 4 399 182 55 40 -1 -1 -1 -1 
82 5 134 180 79 42 -1 -1 -1 -1 
83 2 584 185 22 23 -1 -1 -1 -1 
83 5 147 177 77 42 -1 -1 -1 -1 
83 8 414 176 46 35 -1 -1 -1 -1 
84 2 584 187 24 25 -1 -1 -1 -1 
84 5 160 174 68 41 -1 -1 -1 -1 
84 8 423 175 41 31 -1 -1 -1 -1 
85 2 584 187 24 25 -1 -1 -1 -1 
85 5 160 174 68 41 -1 -1 -1 -1 
85 8 423 175 41 31 -1 -1 -1 -1 
86 2 585 189 24 25 -1 -1 -1 -1 
86 5 172 172 67 39 -1 -1 -1 -1 
86 8 428 172 40 30 -1 -1 -1 -1 
87 2 586 191 24 27 -1 -1 -1 -1 
87 5 183 170 59 38 -1 -1 -1 -1 
87 8 434 170 40 30 -1 -1 -1 -1 
88 2 588 194 22 28 -1 -1 -1 -1 
88 5 193 166 63 40 -1 -1 -1 -1 
88 8 440 168 38 28 -1 -1 -1 -1 
89 2 588 196 24 32 -1 -1 -1 -1 
89 5 193 166 63 40 -1 -1 -1 -1 
90 2 589 200 28 32 -1 -1 -1 -1 
90 8 450 165 33 27 -1 -1 -1 -1 
91 2 589 200 28 32 -1 -1 -1 -1 
91 8 450 165 33 27 -1 -1 -1 -1 
92 2 589 204 33 33 -1 -1 -1 -1 
92 8 454 164 32 26 -1 -1 -1 -1 
93 2 591 208 31 35 -1 -1 -1 -1 
93 8 458 161 29 25 -1 -1 -1 -1 
94 2 591 208 31 35 -1 -1 -1 -1 
94 8 458 161 29 25 -1 -1 -1 -1 
95 2 592 211 32 38 -1 -1 -1 -1 
95 8 462 159 28 25 -1 -1 -1 -1 
96 2 595 215 30 40 -1 -1 -1 -1 
96 8 465 158 27 24 -1 -1 -1 -1 
97 2 595 215 30 40 -1 -1 -1 -1 
97 8 465 158 27 24 -1 -1 -1 -1 
98 2 595 221 34 42 -1 -1 -1 -1 
98 8 469 158 24 22 -1 -1 -1 -1 
99 2 595 221 34 42 -1 -1 -1 -1 
100 2 598 233 39 49 -1 -1 -1 -1 
100 8 475 154 24 22 -1 -1 -1 -1 
101 2 598 239 41 53 -1 -1 -1 -1 
101 8 477 153 23 21 -1 -1 -1 -1 
102 2 598 239 41 53 -1 -1 -1 -1 
102 8 477 153 23 21 -1 -1 -1 -1 
103 2 598 239 41 53 -1 -1 -1 -1 
104 8 482 152 21 20 -1 -1 -1 -1 
105 8 485 150 20 21 -1 -1 -1 -1 
106 8 487 150 19 20 -1 -1 -1 -1 
107 8 489 150 19 18 -1 -1 -1 -1 
107 9 609 294 30 87 -1 -1 -1 -1 
108 8 489 150 19 18 -1 -1 -1 -1 
108 9 609 294 30 87 -1 -1 -1 -1 
109 8 491 149 18 18 -1 -1 -1 -1 
110 8 493 149 17 16 -1 -1 -1 -1 
111 8 494 149 18 16 -1 -1 -1 -1 
112 8 494 149 18 16 -1 -1 -1 -1 
113 8 496 147 17 16 -1 -1 -1 -1 
114 8 498 147 16 16 -1 -1 -1 -1 
115 8 498 146 17 16 -1 -1 -1 -1 
116 8 498 146 17 16 -1 -1 -1 -1 
117 8 500 147 16 14 -1 -1 -1 -1 
118 8 502 147 15 13 -1 -1 -1 -1 
123 8 507 144 14 13 -1 -1 -1 -1 
139 8 507 144 14 13 -1 -1 -1 -1 
141 10 19 402 264 77 -1 -1 -1 -1 
142 10 69 371 251 106 -1 -1 -1 -1 
143 10 128 346 218 133 -1 -1 -1 -1 
144 10 180 326 188 143 -1 -1 -1 -1 
145 10 225 305 163 129 -1 -1 -1 -1 
146 10 225 305 163 129 -1 -1 -1 -1 
147 10 260 287 145 114 -1 -1 -1 -1 
148 10 290 268 129 107 -1 -1 -1 -1 
149 10 317 258 114 96 -1 -1 -1 -1 
150 10 336 252 107 81 -1 -1 -1 -1 
151 10 357 240 95 76 -1 -1 -1 -1 
152 10 374 232 84 70 -1 -1 -1 -1 
153 10 387 225 78 66 -1 -1 -1 -1 
154 10 399 220 73 60 -1 -1 -1 -1 
155 10 399 220 73 60 -1 -1 -1 -1 
156 10 410 213 68 57 -1 -1 -1 -1 
157 10 418 210 64 52 -1 -1 -1 -1 
158 10 427 205 60 48 -1 -1 -1 -1 
159 10 434 201 56 47 -1 -1 -1 -1 
160 10 439 196 54 45 -1 -1 -1 -1 
161 10 449 194 48 42 -1 -1 -1 -1 
162 10 449 194 48 42 -1 -1 -1 -1 
163 10 453 192 45 39 -1 -1 -1 -1 
164 10 457 188 46 39 -1 -1 -1 -1 
165 10 461 185 43 37 -1 -1 -1 -1 
166 10 461 185 43 37 -1 -1 -1 -1 
167 10 466 183 40 35 -1 -1 -1 -1 
168 10 469 181 40 33 -1 -1 -1 -1 
169 10 474 180 35 31 -1 -1 -1 -1 
170 10 477 177 35 31 -1 -1 -1 -1 
171 10 477 177 35 31 -1 -1 -1 -1 
172 10 483 175 32 27 -1 -1 -1 -1 
173 10 483 175 32 27 -1 -1 -1 -1 
174 10 485 172 31 28 -1 -1 -1 -1 
175 10 489 171 27 26 -1 -1 -1 -1 
176 10 492 170 26 25 -1 -1 -1 -1 
177 10 493 168 26 25 -1 -1 -1 -1 
177 13 604 168 17 19 -1 -1 -1 -1 
178 10 496 167 25 25 -1 -1 -1 -1 
178 13 604 168 18 20 -1 -1 -1 -1 
179 10 497 166 25 25 -1 -1 -1 -1 
179 13 604 168 19 22 -1 -1 -1 -1 
180 10 498 166 25 22 -1 -1 -1 -1 
180 13 605 168 18 23 -1 -1 -1 -1 
181 10 499 163 25 23 -1 -1 -1 -1 
181 13 605 169 19 23 -1 -1 -1 -1 
182 10 501 163 24 21 -1 -1 -1 -1 
183 10 503 161 23 21 -1 -1 -1 -1 
184 10 505 161 22 20 -1 -1 -1 -1 
185 10 507 159 20 20 -1 -1 -1 -1 
186 10 508 159 21 20 -1 -1 -1 -1 
187 10 510 158 20 20 -1 -1 -1 -1 
187 14 611 175 23 27 -1 -1 -1 -1 
188 10 510 157 21 20 -1 -1 -1 -1 
188 14 612 175 24 28 -1 -1 -1 -1 
189 10 511 157 20 18 -1 -1 -1 -1 
189 14 614 176 23 28 -1 -1 -1 -1 
190 10 512 155 20 19 -1 -1 -1 -1 
191 10 512 155 20 19 -1 -1 -1 -1 
192 10 513 154 20 19 -1 -1 -1 -1 
192 14 615 180 24 28 -1 -1 -1 -1 
193 10 515 154 18 17 -1 -1 -1 -1 
193 14 615 182 24 28 -1 -1 -1 -1 
194 10 517 154 16 16 -1 -1 -1 -1 
195 10 517 152 17 17 -1 -1 -1 -1 
196 10 518 152 16 16 -1 -1 -1 -1 
197 10 519 151 15 16 -1 -1 -1 -1 
197 15 622 187 17 31 -1 -1 -1 -1 
198 10 519 151 15 16 -1 -1 -1 -1 
198 15 622 187 17 31 -1 -1 -1 -1 
199 10 520 151 15 15 -1 -1 -1 -1 
200 10 521 150 15 15 -1 -1 -1 -1 
225 10 521 150 15 15 -1 -1 -1 -1 
227 16 1 315 145 117 -1 -1 -1 -1 
228 16 7 293 176 113 -1 -1 -1 -1 
228 17 111 365 208 111 -1 -1 -1 -1 
229 16 52 282 161 100 -1 -1 -1 -1 
229 17 174 334 177 140 -1 -1 -1 -1 
230 16 93 271 148 89 -1 -1 -1 -1 
230 17 223 309 153 129 -1 -1 -1 -1 
231 16 93 271 148 89 -1 -1 -1 -1 
231 17 223 309 153 129 -1 -1 -1 -1 
232 16 129 261 137 79 -1 -1 -1 -1 
232 17 264 289 132 110 -1 -1 -1 -1 
233 16 165 250 123 74 -1 -1 -1 -1 
233 17 297 270 116 99 -1 -1 -1 -1 
234 16 193 237 113 73 -1 -1 -1 -1 
234 17 324 256 101 88 -1 -1 -1 -1 
235 16 219 231 103 64 -1 -1 -1 -1 
235 17 348 246 90 79 -1 -1 -1 -1 
236 16 241 221 98 62 -1 -1 -1 -1 
236 17 368 234 80 74 -1 -1 -1 -1 
237 16 261 216 91 56 -1 -1 -1 -1 
237 17 384 227 72 64 -1 -1 -1 -1 
238 16 282 211 82 53 -1 -1 -1 -1 
238 17 395 220 68 59 -1 -1 -1 -1 
239 16 298 206 77 50 -1 -1 -1 -1 
239 17 408 213 62 55 -1 -1 -1 -1 
239 18 211 340 158 122 -1 -1 -1 -1 
240 16 326 197 67 45 -1 -1 -1 -1 
240 17 428 203 53 48 -1 -1 -1 -1 
240 18 211 340 158 122 -1 -1 -1 -1 
241 16 339 196 62 39 -1 -1 -1 -1 
241 17 434 198 50 46 -1 -1 -1 -1 
242 16 339 196 62 39 -1 -1 -1 -1 
242 17 434 198 50 46 -1 -1 -1 -1 
242 19 324 276 103 85 -1 -1 -1 -1 
243 16 350 192 58 38 -1 -1 -1 -1 
243 17 441 195 46 40 -1 -1 -1 -1 
243 19 349 261 93 78 -1 -1 -1 -1 
244 16 361 188 54 38 -1 -1 -1 -1 
244 17 449 191 42 38 -1 -1 -1 -1 
244 19 370 252 81 67 -1 -1 -1 -1 
245 16 369 186 52 35 -1 -1 -1 -1 
245 17 454 188 40 37 -1 -1 -1 -1 
245 19 385 239 78 66 -1 -1 -1 -1 
246 16 378 183 49 35 -1 -1 -1 -1 
246 17 459 186 37 35 -1 -1 -1 -1 
246 19 400 232 69 58 -1 -1 -1 -1 
247 16 386 180 46 33 -1 -1 -1 -1 
247 17 463 182 36 33 -1 -1 -1 -1 
247 19 413 225 63 53 -1 -1 -1 -1 
248 16 393 177 45 33 -1 -1 -1 -1 
248 17 467 180 32 31 -1 -1 -1 -1 
248 19 423 217 59 51 -1 -1 -1 -1 
249 16 400 176 42 31 -1 -1 -1 -1 
249 17 471 178 31 29 -1 -1 -1 -1 
249 19 433 211 54 47 -1 -1 -1 -1 
250 16 407 175 41 29 -1 -1 -1 -1 
250 17 474 175 31 29 -1 -1 -1 -1 
250 19 441 209 50 41 -1 -1 -1 -1 
251 16 411 174 40 28 -1 -1 -1 -1 
251 17 478 173 29 29 -1 -1 -1 -1 
251 19 449 203 46 41 -1 -1 -1 -1 
252 16 418 171 37 26 -1 -1 -1 -1 
252 17 481 172 28 25 -1 -1 -1 -1 
252 19 456 201 42 36 -1 -1 -1 -1 
253 16 418 171 37 26 -1 -1 -1 -1 
253 17 481 172 28 25 -1 -1 -1 -1 
253 19 456 201 42 36 -1 -1 -1 -1 
254 16 422 170 35 26 -1 -1 -1 -1 
254 17 484 169 26 24 -1 -1 -1 -1 
254 19 462 193 39 38 -1 -1 -1 -1 
255 16 432 167 33 25 -1 -1 -1 -1 
255 17 487 168 25 21 -1 -1 -1 -1 
255 19 471 190 36 31 -1 -1 -1 -1 
256 16 432 167 33 25 -1 -1 -1 -1 
256 17 487 168 25 21 -1 -1 -1 -1 
256 19 471 190 36 31 -1 -1 -1 -1 
257 16 436 166 31 24 -1 -1 -1 -1 
257 17 491 165 23 21 -1 -1 -1 -1 
257 19 475 186 35 32 -1 -1 -1 -1 
257 21 190 331 169 139 -1 -1 -1 -1 
258 16 440 164 29 24 -1 -1 -1 -1 
258 17 494 163 20 21 -1 -1 -1 -1 
258 19 479 184 33 29 -1 -1 -1 -1 
258 21 237 307 146 121 -1 -1 -1 -1 
259 16 443 163 29 22 -1 -1 -1 -1 
259 17 496 161 19 20 -1 -1 -1 -1 
259 19 483 181 31 28 -1 -1 -1 -1 
259 21 274 287 129 106 -1 -1 -1 -1 
260 16 447 162 26 22 -1 -1 -1 -1 
260 17 497 160 20 19 -1 -1 -1 -1 
260 19 487 181 30 25 -1 -1 -1 -1 
260 21 310 267 109 98 -1 -1 -1 -1 
261 16 450 162 27 21 -1 -1 -1 -1 
261 17 498 159 20 18 -1 -1 -1 -1 
261 19 490 179 27 23 -1 -1 -1 -1 
261 21 334 255 100 84 -1 -1 -1 -1 
262 16 454 161 25 20 -1 -1 -1 -1 
262 17 498 159 20 18 -1 -1 -1 -1 
262 19 493 177 27 23 -1 -1 -1 -1 
263 16 456 159 26 21 -1 -1 -1 -1 
263 19 496 177 25 20 -1 -1 -1 -1 
263 21 378 234 77 71 -1 -1 -1 -1 
264 16 459 157 25 20 -1 -1 -1 -1 
264 19 498 174 23 20 -1 -1 -1 -1 
264 21 390 226 71 63 -1 -1 -1 -1 
265 16 461 156 24 21 -1 -1 -1 -1 
265 19 500 174 23 18 -1 -1 -1 -1 
265 21 405 218 65 59 -1 -1 -1 -1 
266 16 464 156 22 19 -1 -1 -1 -1 
266 19 502 169 22 21 -1 -1 -1 -1 
266 21 415 213 61 55 -1 -1 -1 -1 
267 16 467 154 22 21 -1 -1 -1 -1 
267 19 502 167 24 21 -1 -1 -1 -1 
267 21 427 206 56 52 -1 -1 -1 -1 
268 16 467 154 22 21 -1 -1 -1 -1 
268 19 502 167 24 21 -1 -1 -1 -1 
268 21 427 206 56 52 -1 -1 -1 -1 
269 16 469 153 22 20 -1 -1 -1 -1 
269 19 504 167 23 18 -1 -1 -1 -1 
269 21 434 204 53 45 -1 -1 -1 -1 
270 16 471 153 22 19 -1 -1 -1 -1 
270 19 507 166 21 17 -1 -1 -1 -1 
270 21 441 198 49 46 -1 -1 -1 -1 
271 16 474 152 20 19 -1 -1 -1 -1 
271 19 509 164 20 17 -1 -1 -1 -1 
271 21 451 195 45 42 -1 -1 -1 -1 
272 16 476 151 18 19 -1 -1 -1 -1 
272 19 512 163 18 16 -1 -1 -1 -1 
272 21 457 191 41 39 -1 -1 -1 -1 
273 16 478 151 18 18 -1 -1 -1 -1 
273 19 513 160 17 17 -1 -1 -1 -1 
273 21 462 189 39 36 -1 -1 -1 -1 
274 16 478 151 18 18 -1 -1 -1 -1 
274 19 514 158 17 17 -1 -1 -1 -1 
275 16 481 150 17 16 -1 -1 -1 -1 
275 19 515 155 16 18 -1 -1 -1 -1 
275 21 471 184 34 32 -1 -1 -1 -1 
276 16 482 149 19 17 -1 -1 -1 -1 
276 19 515 156 17 16 -1 -1 -1 -1 
276 21 475 182 32 29 -1 -1 -1 -1 
277 16 484 150 17 16 -1 -1 -1 -1 
277 19 517 156 16 15 -1 -1 -1 -1 
277 21 478 179 31 30 -1 -1 -1 -1 
278 16 485 150 17 15 -1 -1 -1 -1 
278 19 518 155 16 15 -1 -1 -1 -1 
278 21 481 177 30 28 -1 -1 -1 -1 
279 16 486 149 16 15 -1 -1 -1 -1 
279 19 519 155 16 14 -1 -1 -1 -1 
279 21 486 175 26 26 -1 -1 -1 -1 
279 22 181 350 188 129 -1 -1 -1 -1 
280 16 486 149 16 15 -1 -1 -1 -1 
280 19 519 155 16 14 -1 -1 -1 -1 
280 21 486 175 26 26 -1 -1 -1 -1 
280 22 181 350 188 129 -1 -1 -1 -1 
281 16 486 149 16 15 -1 -1 -1 -1 
281 19 519 155 16 14 -1 -1 -1 -1 
282 21 492 170 24 26 -1 -1 -1 -1 
282 22 272 304 143 114 -1 -1 -1 -1 
283 21 497 168 23 22 -1 -1 -1 -1 
283 22 336 265 108 95 -1 -1 -1 -1 
284 21 497 167 25 22 -1 -1 -1 -1 
284 22 361 253 95 86 -1 -1 -1 -1 
285 21 498 165 25 21 -1 -1 -1 -1 
285 22 380 243 83 75 -1 -1 -1 -1 
286 21 501 164 23 20 -1 -1 -1 -1 
286 22 396 235 77 67 -1 -1 -1 -1 
287 21 501 164 23 20 -1 -1 -1 -1 
287 22 396 235 77 67 -1 -1 -1 -1 
288 21 504 162 22 20 -1 -1 -1 -1 
289 21 507 161 19 20 -1 -1 -1 -1 
290 21 508 159 19 20 -1 -1 -1 -1 
291 21 510 160 17 17 -1 -1 -1 -1 
291 24 436 208 56 51 -1 -1 -1 -1 
292 21 511 159 17 18 -1 -1 -1 -1 
292 24 445 205 51 45 -1 -1 -1 -1 
293 21 512 158 18 17 -1 -1 -1 -1 
293 24 453 200 46 45 -1 -1 -1 -1 
294 21 513 158 18 16 -1 -1 -1 -1 
294 24 459 196 45 40 -1 -1 -1 -1 
295 21 513 158 18 16 -1 -1 -1 -1 
295 24 459 196 45 40 -1 -1 -1 -1 
296 21 514 157 18 15 -1 -1 -1 -1 
296 24 464 190 42 41 -1 -1 -1 -1 
297 21 516 157 17 13 -1 -1 -1 -1 
297 24 469 185 40 41 -1 -1 -1 -1 
298 21 517 154 17 15 -1 -1 -1 -1 
298 24 473 185 39 37 -1 -1 -1 -1 
299 21 517 154 17 15 -1 -1 -1 -1 
300 21 519 152 16 17 -1 -1 -1 -1 
300 24 479 182 36 32 -1 -1 -1 -1 
301 21 520 151 15 16 -1 -1 -1 -1 
301 24 484 180 31 30 -1 -1 -1 -1 
302 21 521 148 15 17 -1 -1 -1 -1 
302 24 489 175 29 31 -1 -1 -1 -1 
303 21 522 148 14 17 -1 -1 -1 -1 
303 24 492 174 29 29 -1 -1 -1 -1 
304 21 522 148 15 16 -1 -1 -1 -1 
304 24 494 171 28 29 -1 -1 -1 -1 
304 25 131 363 202 115 -1 -1 -1 -1 
305 21 522 148 15 16 -1 -1 -1 -1 
305 24 496 170 28 28 -1 -1 -1 -1 
306 24 498 169 26 26 -1 -1 -1 -1 
306 25 231 311 152 121 -1 -1 -1 -1 
307 24 499 169 27 24 -1 -1 -1 -1 
307 25 270 293 132 106 -1 -1 -1 -1 
308 24 502 167 25 24 -1 -1 -1 -1 
308 25 301 269 116 102 -1 -1 -1 -1 
309 24 505 164 24 24 -1 -1 -1 -1 
309 25 325 258 105 90 -1 -1 -1 -1 
310 24 505 164 24 24 -1 -1 -1 -1 
310 25 325 258 105 90 -1 -1 -1 -1 
311 24 507 162 23 24 -1 -1 -1 -1 
311 25 349 249 91 79 -1 -1 -1 -1 
311 26 0 387 200 90 -1 -1 -1 -1 
312 24 509 162 21 22 -1 -1 -1 -1 
312 25 369 239 81 72 -1 -1 -1 -1 
312 26 23 357 219 120 -1 -1 -1 -1 
313 24 510 161 20 21 -1 -1 -1 -1 
313 25 383 230 75 66 -1 -1 -1 -1 
313 26 87 330 192 141 -1 -1 -1 -1 
314 24 510 161 20 21 -1 -1 -1 -1 
314 25 383 230 75 66 -1 -1 -1 -1 
314 26 87 330 192 141 -1 -1 -1 -1 
315 24 511 161 21 20 -1 -1 -1 -1 
315 25 396 223 69 60 -1 -1 -1 -1 
315 26 142 308 166 124 -1 -1 -1 -1 
316 24 512 160 20 19 -1 -1 -1 -1 
316 25 407 215 63 57 -1 -1 -1 -1 
316 26 186 287 145 109 -1 -1 -1 -1 
317 24 513 159 20 19 -1 -1 -1 -1 
317 25 417 210 60 54 -1 -1 -1 -1 
317 26 224 271 129 96 -1 -1 -1 -1 
318 24 515 158 19 19 -1 -1 -1 -1 
318 25 426 206 57 49 -1 -1 -1 -1 
318 26 258 257 115 86 -1 -1 -1 -1 
319 24 517 158 17 18 -1 -1 -1 -1 
319 25 433 202 54 46 -1 -1 -1 -1 
319 26 284 244 101 79 -1 -1 -1 -1 
320 24 517 155 19 19 -1 -1 -1 -1 
320 25 438 197 52 44 -1 -1 -1 -1 
320 26 307 234 92 73 -1 -1 -1 -1 
321 24 519 156 17 16 -1 -1 -1 -1 
321 25 450 195 44 39 -1 -1 -1 -1 
321 26 328 225 81 67 -1 -1 -1 -1 
322 24 519 156 17 16 -1 -1 -1 -1 
322 25 455 192 42 37 -1 -1 -1 -1 
323 25 455 192 42 37 -1 -1 -1 -1 
323 26 344 216 78 63 -1 -1 -1 -1 
324 25 459 188 41 37 -1 -1 -1 -1 
324 26 359 212 69 56 -1 -1 -1 -1 
325 24 521 153 17 16 -1 -1 -1 -1 
325 25 464 185 39 36 -1 -1 -1 -1 
325 26 372 206 63 52 -1 -1 -1 -1 
326 24 522 151 17 17 -1 -1 -1 -1 
326 25 468 182 38 34 -1 -1 -1 -1 
326 26 383 201 62 48 -1 -1 -1 -1 
327 24 522 151 17 17 -1 -1 -1 -1 
327 25 472 180 35 32 -1 -1 -1 -1 
328 25 476 179 34 30 -1 -1 -1 -1 
328 26 400 193 55 41 -1 -1 -1 -1 
329 25 476 179 34 30 -1 -1 -1 -1 
329 26 400 193 55 41 -1 -1 -1 -1 
330 25 480 177 31 29 -1 -1 -1 -1 
330 26 410 190 48 39 -1 -1 -1 -1 
331 25 481 174 33 29 -1 -1 -1 -1 
331 26 416 187 47 37 -1 -1 -1 -1 
332 25 484 172 31 28 -1 -1 -1 -1 
332 26 423 185 43 36 -1 -1 -1 -1 
333 25 488 173 28 24 -1 -1 -1 -1 
333 26 429 181 39 34 -1 -1 -1 -1 
333 29 0 311 163 150 -1 -1 -1 -1 
334 25 492 170 24 24 -1 -1 -1 -1 
334 26 435 179 37 30 -1 -1 -1 -1 
334 29 1 297 196 141 -1 -1 -1 -1 
335 25 494 168 25 24 -1 -1 -1 -1 
335 26 440 175 36 31 -1 -1 -1 -1 
335 29 38 283 186 129 -1 -1 -1 -1 
336 25 497 167 23 23 -1 -1 -1 -1 
336 26 444 176 34 28 -1 -1 -1 -1 
336 29 81 269 169 121 -1 -1 -1 -1 
337 25 498 167 23 23 -1 -1 -1 -1 
337 26 447 173 36 27 -1 -1 -1 -1 
337 29 115 258 159 114 -1 -1 -1 -1 
338 25 498 166 24 21 -1 -1 -1 -1 
338 26 451 171 34 27 -1 -1 -1 -1 
338 29 149 246 144 106 -1 -1 -1 -1 
339 25 498 166 24 21 -1 -1 -1 -1 
339 26 451 171 34 27 -1 -1 -1 -1 
339 29 149 246 144 106 -1 -1 -1 -1 
340 25 500 164 24 21 -1 -1 -1 -1 
340 26 456 169 32 27 -1 -1 -1 -1 
340 29 178 235 135 101 -1 -1 -1 -1 
340 30 135 379 210 99 -1 -1 -1 -1 
341 25 502 162 22 20 -1 -1 -1 -1 
341 26 460 167 27 25 -1 -1 -1 -1 
341 29 204 228 125 92 -1 -1 -1 -1 
341 30 192 351 179 128 -1 -1 -1 -1 
342 25 506 159 21 20 -1 -1 -1 -1 
342 26 464 165 28 23 -1 -1 -1 -1 
342 29 250 213 107 82 -1 -1 -1 -1 
342 30 192 351 179 128 -1 -1 -1 -1 
343 25 506 159 21 20 -1 -1 -1 -1 
343 26 464 165 28 23 -1 -1 -1 -1 
343 29 250 213 107 82 -1 -1 -1 -1 
344 25 508 158 20 21 -1 -1 -1 -1 
344 26 468 165 26 21 -1 -1 -1 -1 
344 29 284 211 84 67 -1 -1 -1 -1 
344 31 311 288 119 96 -1 -1 -1 -1 
345 25 509 157 20 21 -1 -1 -1 -1 
345 26 471 163 24 20 -1 -1 -1 -1 
345 29 288 206 89 67 -1 -1 -1 -1 
345 31 337 274 104 84 -1 -1 -1 -1 
346 25 512 156 19 18 -1 -1 -1 -1 
346 26 476 158 24 21 -1 -1 -1 -1 
346 29 318 197 77 64 -1 -1 -1 -1 
346 31 376 250 83 69 -1 -1 -1 -1 
347 25 512 156 19 18 -1 -1 -1 -1 
347 26 476 158 24 21 -1 -1 -1 -1 
347 29 318 197 77 64 -1 -1 -1 -1 
347 31 376 250 83 69 -1 -1 -1 -1 
348 25 512 155 20 18 -1 -1 -1 -1 
348 26 476 157 28 21 -1 -1 -1 -1 
348 29 331 194 72 59 -1 -1 -1 -1 
348 31 391 242 77 63 -1 -1 -1 -1 
349 25 513 154 20 17 -1 -1 -1 -1 
349 26 480 158 22 17 -1 -1 -1 -1 
349 29 343 190 67 57 -1 -1 -1 -1 
349 31 405 232 69 60 -1 -1 -1 -1 
350 25 517 151 18 18 -1 -1 -1 -1 
350 26 485 153 21 20 -1 -1 -1 -1 
350 29 364 184 62 53 -1 -1 -1 -1 
350 31 425 216 60 56 -1 -1 -1 -1 
351 25 518 150 17 18 -1 -1 -1 -1 
351 26 487 154 18 17 -1 -1 -1 -1 
351 29 370 182 61 49 -1 -1 -1 -1 
351 31 432 212 55 51 -1 -1 -1 -1 
352 25 519 150 16 17 -1 -1 -1 -1 
352 26 488 154 18 17 -1 -1 -1 -1 
352 29 380 181 56 47 -1 -1 -1 -1 
352 31 439 208 51 46 -1 -1 -1 -1 
353 25 520 150 16 16 -1 -1 -1 -1 
353 26 489 153 19 17 -1 -1 -1 -1 
353 29 388 179 53 46 -1 -1 -1 -1 
353 31 447 206 48 41 -1 -1 -1 -1 
354 25 520 150 16 16 -1 -1 -1 -1 
354 26 489 153 19 17 -1 -1 -1 -1 
354 29 388 179 53 46 -1 -1 -1 -1 
354 31 447 206 48 41 -1 -1 -1 -1 
355 25 520 150 16 16 -1 -1 -1 -1 
355 26 491 153 18 16 -1 -1 -1 -1 
355 29 394 176 52 45 -1 -1 -1 -1 
356 26 494 151 18 15 -1 -1 -1 -1 
356 29 407 174 45 39 -1 -1 -1 -1 
356 31 464 194 39 35 -1 -1 -1 -1 
357 26 497 151 15 14 -1 -1 -1 -1 
357 29 412 174 42 35 -1 -1 -1 -1 
357 31 468 191 38 35 -1 -1 -1 -1 
358 26 497 151 15 14 -1 -1 -1 -1 
358 29 412 174 42 35 -1 -1 -1 -1 
358 31 468 191 38 35 -1 -1 -1 -1 
359 26 497 151 16 13 -1 -1 -1 -1 
359 29 418 172 41 34 -1 -1 -1 -1 
359 31 471 187 37 34 -1 -1 -1 -1 
360 26 498 150 16 13 -1 -1 -1 -1 
360 29 423 172 39 32 -1 -1 -1 -1 
360 31 475 186 34 30 -1 -1 -1 -1 
361 26 499 149 16 13 -1 -1 -1 -1 
361 29 427 169 37 33 -1 -1 -1 -1 
361 31 478 183 34 30 -1 -1 -1 -1 
362 26 499 149 16 13 -1 -1 -1 -1 
362 29 432 168 34 33 -1 -1 -1 -1 
363 29 435 168 35 30 -1 -1 -1 -1 
363 31 485 180 30 26 -1 -1 -1 -1 
364 29 435 168 35 30 -1 -1 -1 -1 
364 31 485 180 30 26 -1 -1 -1 -1 
365 29 439 166 34 30 -1 -1 -1 -1 
365 31 489 179 28 24 -1 -1 -1 -1 
366 29 443 166 31 28 -1 -1 -1 -1 
366 31 492 174 26 26 -1 -1 -1 -1 
367 29 447 164 30 28 -1 -1 -1 -1 
367 31 494 173 25 25 -1 -1 -1 -1 
368 29 451 163 28 27 -1 -1 -1 -1 
368 31 497 172 24 24 -1 -1 -1 -1 
369 29 451 163 28 27 -1 -1 -1 -1 
369 31 497 172 24 24 -1 -1 -1 -1 
370 29 454 162 27 27 -1 -1 -1 -1 
370 31 499 170 22 23 -1 -1 -1 -1 
371 29 456 162 28 25 -1 -1 -1 -1 
371 31 499 169 23 23 -1 -1 -1 -1 
372 29 458 161 28 24 -1 -1 -1 -1 
372 31 500 169 23 20 -1 -1 -1 -1 
373 29 461 160 26 25 -1 -1 -1 -1 
373 31 503 167 21 20 -1 -1 -1 -1 
374 29 461 160 26 25 -1 -1 -1 -1 
374 31 503 167 21 20 -1 -1 -1 -1 
375 29 464 159 25 24 -1 -1 -1 -1 
375 31 506 164 20 21 -1 -1 -1 -1 
376 29 466 158 24 23 -1 -1 -1 -1 
376 31 507 164 19 19 -1 -1 -1 -1 
377 29 468 158 23 22 -1 -1 -1 -1 
377 31 508 163 19 18 -1 -1 -1 -1 
378 29 471 156 22 22 -1 -1 -1 -1 
378 31 510 161 18 19 -1 -1 -1 -1 
379 29 473 154 21 23 -1 -1 -1 -1 
379 31 511 160 18 18 -1 -1 -1 -1 
380 29 476 154 20 22 -1 -1 -1 -1 
380 31 512 160 17 16 -1 -1 -1 -1 
381 29 476 154 20 22 -1 -1 -1 -1 
381 31 512 160 17 16 -1 -1 -1 -1 
382 29 478 153 21 22 -1 -1 -1 -1 
382 31 513 159 18 17 -1 -1 -1 -1 
383 29 478 152 22 22 -1 -1 -1 -1 
383 31 513 158 19 17 -1 -1 -1 -1 
384 29 480 152 21 21 -1 -1 -1 -1 
384 31 515 156 17 17 -1 -1 -1 -1 
384 33 0 318 122 118 -1 -1 -1 -1 
385 29 482 152 20 20 -1 -1 -1 -1 
385 31 517 155 16 17 -1 -1 -1 -1 
385 33 0 303 155 111 -1 -1 -1 -1 
386 29 485 151 18 20 -1 -1 -1 -1 
386 31 518 155 15 15 -1 -1 -1 -1 
386 33 20 289 168 105 -1 -1 -1 -1 
387 29 486 151 17 20 -1 -1 -1 -1 
387 31 518 154 16 16 -1 -1 -1 -1 
387 33 61 279 153 93 -1 -1 -1 -1 
388 29 486 151 17 20 -1 -1 -1 -1 
388 31 519 153 16 16 -1 -1 -1 -1 
389 31 520 152 15 16 -1 -1 -1 -1 
389 33 127 258 134 82 -1 -1 -1 -1 
390 31 520 152 15 16 -1 -1 -1 -1 
391 33 185 239 113 70 -1 -1 -1 -1 
392 33 210 231 105 66 -1 -1 -1 -1 
393 33 210 231 105 66 -1 -1 -1 -1 
394 29 495 148 16 18 -1 -1 -1 -1 
394 33 229 225 98 61 -1 -1 -1 -1 
395 29 496 148 16 17 -1 -1 -1 -1 
395 33 250 217 92 60 -1 -1 -1 -1 
396 29 497 147 16 17 -1 -1 -1 -1 
396 33 269 213 84 55 -1 -1 -1 -1 
397 29 497 146 16 17 -1 -1 -1 -1 
397 33 285 208 79 52 -1 -1 -1 -1 
398 29 497 146 16 17 -1 -1 -1 -1 
399 31 582 162 15 16 -1 -1 -1 -1 
399 33 313 200 68 47 -1 -1 -1 -1 
400 31 582 162 15 16 -1 -1 -1 -1 
401 31 583 165 15 15 -1 -1 -1 -1 
401 33 336 194 63 41 -1 -1 -1 -1 
402 31 583 167 15 14 -1 -1 -1 -1 
402 33 346 191 59 38 -1 -1 -1 -1 
403 31 583 167 15 14 -1 -1 -1 -1 
403 33 346 191 59 38 -1 -1 -1 -1 
404 31 583 167 16 15 -1 -1 -1 -1 
404 33 356 188 55 38 -1 -1 -1 -1 
405 31 584 168 15 15 -1 -1 -1 -1 
405 33 366 186 52 35 -1 -1 -1 -1 
406 31 584 168 15 17 -1 -1 -1 -1 
406 33 373 184 50 34 -1 -1 -1 -1 
407 29 507 143 13 14 -1 -1 -1 -1 
407 31 584 169 16 17 -1 -1 -1 -1 
407 33 380 182 48 32 -1 -1 -1 -1 
408 29 508 142 13 15 -1 -1 -1 -1 
408 31 585 170 16 18 -1 -1 -1 -1 
408 33 388 180 44 31 -1 -1 -1 -1 
409 29 508 142 13 15 -1 -1 -1 -1 
409 31 585 170 16 18 -1 -1 -1 -1 
409 33 388 180 44 31 -1 -1 -1 -1 
410 29 508 142 13 15 -1 -1 -1 -1 
410 31 585 170 17 20 -1 -1 -1 -1 
411 31 586 172 18 20 -1 -1 -1 -1 
411 33 400 176 41 30 -1 -1 -1 -1 
412 31 586 174 19 19 -1 -1 -1 -1 
412 33 406 175 36 27 -1 -1 -1 -1 
413 31 586 175 20 21 -1 -1 -1 -1 
413 33 411 173 38 27 -1 -1 -1 -1 
414 31 587 178 20 19 -1 -1 -1 -1 
414 33 416 172 36 25 -1 -1 -1 -1 
414 34 76 361 253 116 -1 -1 -1 -1 
415 31 588 177 20 23 -1 -1 -1 -1 
415 33 421 171 34 25 -1 -1 -1 -1 
415 34 143 335 213 144 -1 -1 -1 -1 
416 31 588 180 21 23 -1 -1 -1 -1 
416 33 425 169 35 25 -1 -1 -1 -1 
416 34 194 312 186 144 -1 -1 -1 -1 
417 31 588 181 22 24 -1 -1 -1 -1 
417 33 429 168 33 24 -1 -1 -1 -1 
417 34 238 294 159 125 -1 -1 -1 -1 
418 31 589 181 22 27 -1 -1 -1 -1 
418 33 433 167 31 24 -1 -1 -1 -1 
418 34 272 274 142 117 -1 -1 -1 -1 
419 31 590 183 24 28 -1 -1 -1 -1 
419 33 437 166 30 23 -1 -1 -1 -1 
419 34 301 262 128 99 -1 -1 -1 -1 
420 31 590 186 26 28 -1 -1 -1 -1 
420 33 440 165 29 22 -1 -1 -1 -1 
420 34 325 252 114 90 -1 -1 -1 -1 
421 31 592 188 25 31 -1 -1 -1 -1 
421 33 443 164 28 21 -1 -1 -1 -1 
421 34 348 242 100 86 -1 -1 -1 -1 
422 31 592 189 29 33 -1 -1 -1 -1 
422 33 445 163 29 21 -1 -1 -1 -1 
422 34 366 233 90 75 -1 -1 -1 -1 
423 31 594 191 29 35 -1 -1 -1 -1 
423 33 448 162 28 20 -1 -1 -1 -1 
423 34 380 226 85 70 -1 -1 -1 -1 
424 31 594 191 29 35 -1 -1 -1 -1 
424 33 453 161 25 20 -1 -1 -1 -1 
424 34 394 222 75 63 -1 -1 -1 -1 
425 33 455 161 24 19 -1 -1 -1 -1 
425 34 405 212 70 62 -1 -1 -1 -1 
426 33 458 159 25 19 -1 -1 -1 -1 
426 34 416 209 64 55 -1 -1 -1 -1 
427 33 461 158 23 19 -1 -1 -1 -1 
427 34 424 203 60 55 -1 -1 -1 -1 
428 33 463 156 23 20 -1 -1 -1 -1 
428 34 431 201 57 49 -1 -1 -1 -1 
428 37 40 335 215 138 -1 -1 -1 -1 
429 33 466 156 22 19 -1 -1 -1 -1 
429 34 436 195 56 49 -1 -1 -1 -1 
429 37 97 311 193 134 -1 -1 -1 -1 
430 33 467 155 22 19 -1 -1 -1 -1 
430 34 442 194 54 44 -1 -1 -1 -1 
430 37 149 292 170 120 -1 -1 -1 -1 
431 33 469 155 21 18 -1 -1 -1 -1 
431 34 451 191 47 43 -1 -1 -1 -1 
431 37 194 276 149 104 -1 -1 -1 -1 
432 33 471 154 21 18 -1 -1 -1 -1 
432 34 456 188 44 41 -1 -1 -1 -1 
432 37 229 263 132 92 -1 -1 -1 -1 
433 33 473 154 21 16 -1 -1 -1 -1 
433 34 460 185 43 39 -1 -1 -1 -1 
433 37 261 252 124 82 -1 -1 -1 -1 
434 33 475 153 19 16 -1 -1 -1 -1 
434 34 465 182 40 39 -1 -1 -1 -1 
434 37 289 241 106 74 -1 -1 -1 -1 
435 33 476 153 19 16 -1 -1 -1 -1 
435 34 469 180 38 35 -1 -1 -1 -1 
435 37 311 231 96 70 -1 -1 -1 -1 
436 33 477 152 19 15 -1 -1 -1 -1 
436 34 472 177 36 35 -1 -1 -1 -1 
436 37 332 223 86 63 -1 -1 -1 -1 
437 33 477 152 19 15 -1 -1 -1 -1 
437 34 475 177 35 33 -1 -1 -1 -1 
437 37 349 216 79 57 -1 -1 -1 -1 
438 29 482 153 16 12 -1 -1 -1 -1 
438 34 478 177 33 29 -1 -1 -1 -1 
438 37 364 210 72 56 -1 -1 -1 -1 
439 29 483 152 17 13 -1 -1 -1 -1 
439 34 479 175 33 28 -1 -1 -1 -1 
439 37 377 205 68 50 -1 -1 -1 -1 
440 29 483 152 17 13 -1 -1 -1 -1 
440 34 484 173 30 27 -1 -1 -1 -1 
441 34 484 172 31 26 -1 -1 -1 -1 
441 37 399 196 60 46 -1 -1 -1 -1 
442 34 484 172 31 26 -1 -1 -1 -1 
442 37 399 196 60 46 -1 -1 -1 -1 
443 34 488 169 30 27 -1 -1 -1 -1 
443 37 408 194 54 43 -1 -1 -1 -1 
444 31 585 156 13 12 -1 -1 -1 -1 
444 34 491 167 27 26 -1 -1 -1 -1 
444 37 415 191 50 39 -1 -1 -1 -1 
445 31 586 155 13 14 -1 -1 -1 -1 
445 34 493 166 26 25 -1 -1 -1 -1 
445 37 423 188 47 38 -1 -1 -1 -1 
446 31 586 156 13 14 -1 -1 -1 -1 
446 34 495 166 26 23 -1 -1 -1 -1 
446 37 430 185 45 38 -1 -1 -1 -1 
447 31 586 157 13 13 -1 -1 -1 -1 
447 34 496 165 26 23 -1 -1 -1 -1 
447 37 435 183 45 35 -1 -1 -1 -1 
448 31 587 157 12 13 -1 -1 -1 -1 
448 34 498 164 25 22 -1 -1 -1 -1 
448 37 440 181 43 32 -1 -1 -1 -1 
449 31 587 157 12 13 -1 -1 -1 -1 
449 34 499 164 25 20 -1 -1 -1 -1 
450 34 500 164 24 18 -1 -1 -1 -1 
450 37 452 177 36 28 -1 -1 -1 -1 
451 34 502 162 23 19 -1 -1 -1 -1 
451 37 456 175 33 28 -1 -1 -1 -1 
452 34 503 161 23 19 -1 -1 -1 -1 
452 37 460 175 31 26 -1 -1 -1 -1 
453 34 503 161 23 19 -1 -1 -1 -1 
453 37 460 175 31 26 -1 -1 -1 -1 
454 34 505 160 21 18 -1 -1 -1 -1 
454 37 463 172 31 25 -1 -1 -1 -1 
455 34 508 157 18 19 -1 -1 -1 -1 
455 37 466 170 29 25 -1 -1 -1 -1 
456 31 590 166 15 15 -1 -1 -1 -1 
456 34 510 158 18 18 -1 -1 -1 -1 
456 37 470 169 28 23 -1 -1 -1 -1 
457 31 590 166 15 16 -1 -1 -1 -1 
457 34 510 157 19 17 -1 -1 -1 -1 
457 37 473 168 27 24 -1 -1 -1 -1 
458 31 591 167 17 19 -1 -1 -1 -1 
458 34 512 155 19 17 -1 -1 -1 -1 
458 37 479 165 25 21 -1 -1 -1 -1 
459 31 591 167 17 19 -1 -1 -1 -1 
459 34 512 155 19 17 -1 -1 -1 -1 
459 37 479 165 25 21 -1 -1 -1 -1 
460 31 592 169 17 19 -1 -1 -1 -1 
460 34 512 155 20 16 -1 -1 -1 -1 
460 37 481 164 24 21 -1 -1 -1 -1 
461 31 592 168 18 21 -1 -1 -1 -1 
461 34 514 155 18 15 -1 -1 -1 -1 
461 37 484 162 23 20 -1 -1 -1 -1 
462 31 593 169 18 22 -1 -1 -1 -1 
462 34 514 153 19 16 -1 -1 -1 -1 
462 37 487 160 22 21 -1 -1 -1 -1 
463 31 594 172 17 20 -1 -1 -1 -1 
463 34 516 154 17 13 -1 -1 -1 -1 
463 37 489 160 21 21 -1 -1 -1 -1 
464 31 595 172 17 23 -1 -1 -1 -1 
464 34 518 151 16 16 -1 -1 -1 -1 
464 37 489 158 22 20 -1 -1 -1 -1 
465 31 596 173 18 24 -1 -1 -1 -1 
465 34 519 151 16 15 -1 -1 -1 -1 
465 37 490 158 23 18 -1 -1 -1 -1 
466 31 597 174 18 23 -1 -1 -1 -1 
466 34 520 151 16 14 -1 -1 -1 -1 
466 37 493 157 21 18 -1 -1 -1 -1 
467 31 597 176 20 24 -1 -1 -1 -1 
467 34 520 151 16 13 -1 -1 -1 -1 
467 37 495 155 20 19 -1 -1 -1 -1 
468 31 597 177 22 26 -1 -1 -1 -1 
468 34 520 151 16 13 -1 -1 -1 -1 
469 31 599 181 21 24 -1 -1 -1 -1 
469 37 499 154 18 18 -1 -1 -1 -1 
470 31 600 182 21 25 -1 -1 -1 -1 
470 37 500 154 18 17 -1 -1 -1 -1 
471 31 601 183 22 26 -1 -1 -1 -1 
471 37 500 154 20 16 -1 -1 -1 -1 
472 31 601 183 22 26 -1 -1 -1 -1 
473 31 603 189 25 29 -1 -1 -1 -1 
473 37 504 149 19 18 -1 -1 -1 -1 
474 31 603 189 25 29 -1 -1 -1 -1 
475 37 508 148 17 16 -1 -1 -1 -1 
476 37 509 147 16 17 -1 -1 -1 -1 
477 37 510 146 16 17 -1 -1 -1 -1 
477 42 609 195 30 39 -1 -1 -1 -1 
478 37 510 145 18 18 -1 -1 -1 -1 
479 37 510 145 18 18 -1 -1 -1 -1 
480 37 511 145 17 17 -1 -1 -1 -1 
481 37 511 145 17 17 -1 -1 -1 -1 
482 37 512 145 17 16 -1 -1 -1 -1 
483 37 512 145 18 15 -1 -1 -1 -1 
484 37 513 146 17 13 -1 -1 -1 -1 
492 37 519 139 16 15 -1 -1 -1 -1 
493 37 520 138 15 15 -1 -1 -1 -1 
494 37 520 138 15 15 -1 -1 -1 -1 
495 37 520 139 14 14 -1 -1 -1 -1 
567 37 520 139 14 14 -1 -1 -1 -1 
569 44 141 359 212 117 -1 -1 -1 -1 
570 44 200 331 181 144 -1 -1 -1 -1 
570 45 0 251 160 215 -1 -1 -1 -1 
571 44 243 308 157 128 -1 -1 -1 -1 
571 45 1 242 189 221 -1 -1 -1 -1 
572 44 281 287 136 113 -1 -1 -1 -1 
573 44 312 264 119 106 -1 -1 -1 -1 
573 45 0 222 239 234 -1 -1 -1 -1 
574 44 337 257 107 91 -1 -1 -1 -1 
575 44 359 248 98 79 -1 -1 -1 -1 
576 44 375 235 86 76 -1 -1 -1 -1 
577 44 393 230 76 64 -1 -1 -1 -1 
578 44 403 220 73 64 -1 -1 -1 -1 
579 44 414 213 66 59 -1 -1 -1 -1 
579 47 131 185 213 150 -1 -1 -1 -1 
580 44 424 208 61 55 -1 -1 -1 -1 
580 47 161 181 195 139 -1 -1 -1 -1 
581 44 433 204 57 49 -1 -1 -1 -1 
581 47 188 178 179 128 -1 -1 -1 -1 
582 44 433 204 57 49 -1 -1 -1 -1 
582 47 188 178 179 128 -1 -1 -1 -1 
583 37 581 160 15 16 -1 -1 -1 -1 
583 44 437 200 56 47 -1 -1 -1 -1 
583 47 213 171 166 123 -1 -1 -1 -1 
584 37 582 161 15 16 -1 -1 -1 -1 
584 44 447 197 49 44 -1 -1 -1 -1 
585 37 581 163 17 17 -1 -1 -1 -1 
585 44 447 197 49 44 -1 -1 -1 -1 
585 47 271 169 132 98 -1 -1 -1 -1 
586 37 581 165 17 16 -1 -1 -1 -1 
586 44 463 186 42 38 -1 -1 -1 -1 
586 47 271 169 132 98 -1 -1 -1 -1 
587 37 581 165 17 16 -1 -1 -1 -1 
587 44 463 186 42 38 -1 -1 -1 -1 
587 49 225 327 165 139 -1 -1 -1 -1 
588 37 582 165 16 16 -1 -1 -1 -1 
588 44 468 184 40 35 -1 -1 -1 -1 
588 47 303 162 112 90 -1 -1 -1 -1 
588 49 271 304 142 118 -1 -1 -1 -1 
589 37 583 166 16 16 -1 -1 -1 -1 
589 44 472 182 37 34 -1 -1 -1 -1 
589 47 315 164 109 82 -1 -1 -1 -1 
589 49 308 278 122 110 -1 -1 -1 -1 
590 37 583 166 16 18 -1 -1 -1 -1 
590 44 475 179 37 33 -1 -1 -1 -1 
590 47 315 164 109 82 -1 -1 -1 -1 
590 49 337 265 106 94 -1 -1 -1 -1 
591 37 583 167 16 18 -1 -1 -1 -1 
591 44 479 177 34 31 -1 -1 -1 -1 
591 47 339 163 94 71 -1 -1 -1 -1 
591 49 361 252 94 83 -1 -1 -1 -1 
592 37 584 167 16 19 -1 -1 -1 -1 
592 44 481 175 32 30 -1 -1 -1 -1 
592 47 346 160 92 69 -1 -1 -1 -1 
592 49 380 239 85 77 -1 -1 -1 -1 
593 37 585 168 15 20 -1 -1 -1 -1 
593 44 484 174 31 27 -1 -1 -1 -1 
593 47 356 157 87 68 -1 -1 -1 -1 
593 49 397 231 75 66 -1 -1 -1 -1 
594 37 585 168 16 21 -1 -1 -1 -1 
594 44 488 172 28 26 -1 -1 -1 -1 
594 47 365 155 83 67 -1 -1 -1 -1 
594 49 408 220 71 64 -1 -1 -1 -1 
595 37 585 168 16 21 -1 -1 -1 -1 
595 44 490 170 27 26 -1 -1 -1 -1 
595 47 373 153 78 66 -1 -1 -1 -1 
595 49 422 213 65 59 -1 -1 -1 -1 
596 44 492 168 27 25 -1 -1 -1 -1 
596 47 379 152 75 65 -1 -1 -1 -1 
596 49 430 210 60 53 -1 -1 -1 -1 
597 44 496 168 25 24 -1 -1 -1 -1 
597 47 386 151 75 63 -1 -1 -1 -1 
597 49 441 205 53 48 -1 -1 -1 -1 
597 51 107 353 229 126 -1 -1 -1 -1 
598 37 586 176 20 22 -1 -1 -1 -1 
598 44 497 167 25 24 -1 -1 -1 -1 
598 47 394 152 70 57 -1 -1 -1 -1 
598 49 448 200 49 45 -1 -1 -1 -1 
598 51 170 325 197 149 -1 -1 -1 -1 
599 37 586 176 20 22 -1 -1 -1 -1 
599 44 497 167 25 24 -1 -1 -1 -1 
599 47 394 152 70 57 -1 -1 -1 -1 
599 49 448 200 49 45 -1 -1 -1 -1 
599 51 170 325 197 149 -1 -1 -1 -1 
600 37 587 176 21 24 -1 -1 -1 -1 
600 44 498 165 25 23 -1 -1 -1 -1 
600 47 400 151 64 55 -1 -1 -1 -1 
600 49 455 197 46 42 -1 -1 -1 -1 
600 51 224 301 170 130 -1 -1 -1 -1 
601 37 589 177 20 26 -1 -1 -1 -1 
601 44 503 163 22 20 -1 -1 -1 -1 
601 47 410 151 61 54 -1 -1 -1 -1 
601 49 467 191 40 36 -1 -1 -1 -1 
601 51 303 260 125 104 -1 -1 -1 -1 
602 37 589 180 21 26 -1 -1 -1 -1 
602 44 505 161 20 20 -1 -1 -1 -1 
602 47 415 149 57 51 -1 -1 -1 -1 
602 49 470 185 39 37 -1 -1 -1 -1 
602 51 331 251 111 88 -1 -1 -1 -1 
603 37 590 182 20 26 -1 -1 -1 -1 
603 44 507 160 19 20 -1 -1 -1 -1 
603 47 419 148 56 50 -1 -1 -1 -1 
603 49 474 184 37 33 -1 -1 -1 -1 
603 51 357 238 97 81 -1 -1 -1 -1 
603 54 0 223 75 60 -1 -1 -1 -1 
604 37 590 185 22 26 -1 -1 -1 -1 
604 44 509 159 18 19 -1 -1 -1 -1 
604 47 424 146 54 51 -1 -1 -1 -1 
604 49 478 183 36 30 -1 -1 -1 -1 
604 51 375 227 87 77 -1 -1 -1 -1 
604 54 0 219 92 54 -1 -1 -1 -1 
605 37 591 185 23 29 -1 -1 -1 -1 
605 44 510 158 19 19 -1 -1 -1 -1 
605 47 428 142 53 54 -1 -1 -1 -1 
605 49 482 179 32 31 -1 -1 -1 -1 
605 51 392 220 79 68 -1 -1 -1 -1 
605 54 10 212 104 53 -1 -1 -1 -1 
606 37 592 189 27 34 -1 -1 -1 -1 
606 44 512 156 19 18 -1 -1 -1 -1 
606 47 434 145 51 47 -1 -1 -1 -1 
606 49 490 173 30 28 -1 -1 -1 -1 
606 51 418 209 65 56 -1 -1 -1 -1 
606 54 51 204 94 47 -1 -1 -1 -1 
607 37 594 190 27 36 -1 -1 -1 -1 
607 44 512 156 19 17 -1 -1 -1 -1 
607 47 439 144 48 44 -1 -1 -1 -1 
607 49 493 173 27 25 -1 -1 -1 -1 
607 51 428 204 60 51 -1 -1 -1 -1 
607 54 69 198 91 48 -1 -1 -1 -1 
608 37 595 193 27 37 -1 -1 -1 -1 
608 44 513 154 20 18 -1 -1 -1 -1 
608 47 442 143 46 44 -1 -1 -1 -1 
608 49 496 171 26 25 -1 -1 -1 -1 
608 51 435 200 57 48 -1 -1 -1 -1 
608 54 86 194 87 47 -1 -1 -1 -1 
609 37 596 197 27 36 -1 -1 -1 -1 
609 44 515 154 18 16 -1 -1 -1 -1 
609 47 445 142 44 43 -1 -1 -1 -1 
609 49 498 170 24 23 -1 -1 -1 -1 
609 51 443 195 51 46 -1 -1 -1 -1 
609 54 104 192 81 43 -1 -1 -1 -1 
609 56 219 288 179 169 -1 -1 -1 -1 
610 37 597 200 28 36 -1 -1 -1 -1 
610 44 516 153 18 16 -1 -1 -1 -1 
610 47 448 144 43 41 -1 -1 -1 -1 
610 49 499 169 26 23 -1 -1 -1 -1 
610 51 452 192 47 43 -1 -1 -1 -1 
610 54 120 187 78 43 -1 -1 -1 -1 
610 56 269 266 149 146 -1 -1 -1 -1 
611 37 599 202 29 37 -1 -1 -1 -1 
611 44 516 153 18 16 -1 -1 -1 -1 
611 47 451 144 42 39 -1 -1 -1 -1 
611 49 501 167 24 22 -1 -1 -1 -1 
611 51 458 189 45 40 -1 -1 -1 -1 
611 54 134 184 74 42 -1 -1 -1 -1 
612 37 599 202 29 37 -1 -1 -1 -1 
612 47 451 144 42 39 -1 -1 -1 -1 
612 49 502 166 27 21 -1 -1 -1 -1 
612 51 464 186 41 37 -1 -1 -1 -1 
613 49 502 166 27 21 -1 -1 -1 -1 
613 51 464 186 41 37 -1 -1 -1 -1 
613 54 148 182 74 40 -1 -1 -1 -1 
613 56 338 237 110 113 -1 -1 -1 -1 
614 49 505 164 23 21 -1 -1 -1 -1 
614 51 469 183 38 36 -1 -1 -1 -1 
614 54 161 178 68 40 -1 -1 -1 -1 
614 56 362 226 97 103 -1 -1 -1 -1 
615 49 506 164 22 18 -1 -1 -1 -1 
615 51 469 183 38 36 -1 -1 -1 -1 
615 54 174 176 62 39 -1 -1 -1 -1 
615 56 382 216 85 93 -1 -1 -1 -1 
616 47 460 143 40 33 -1 -1 -1 -1 
616 49 508 163 20 18 -1 -1 -1 -1 
616 54 186 174 59 37 -1 -1 -1 -1 
616 56 398 209 79 84 -1 -1 -1 -1 
617 47 460 143 40 33 -1 -1 -1 -1 
617 49 510 162 19 17 -1 -1 -1 -1 
617 54 186 174 59 37 -1 -1 -1 -1 
617 56 411 203 71 80 -1 -1 -1 -1 
617 57 482 177 31 30 -1 -1 -1 -1 
618 49 510 162 19 17 -1 -1 -1 -1 
618 56 411 203 71 80 -1 -1 -1 -1 
618 57 482 177 31 30 -1 -1 -1 -1 
618 58 0 366 100 108 -1 -1 -1 -1 
619 49 510 162 19 17 -1 -1 -1 -1 
619 56 423 197 64 72 -1 -1 -1 -1 
619 57 485 175 29 28 -1 -1 -1 -1 
619 58 0 341 147 136 -1 -1 -1 -1 
620 56 423 197 64 72 -1 -1 -1 -1 
620 57 485 175 29 28 -1 -1 -1 -1 
620 58 0 341 147 136 -1 -1 -1 -1 
620 59 607 226 32 56 -1 -1 -1 -1 
621 56 433 192 60 68 -1 -1 -1 -1 
621 57 488 171 28 28 -1 -1 -1 -1 
621 58 0 321 190 142 -1 -1 -1 -1 
621 59 609 230 30 61 -1 -1 -1 -1 
622 56 438 190 61 60 -1 -1 -1 -1 
622 57 491 170 26 26 -1 -1 -1 -1 
622 58 30 303 197 128 -1 -1 -1 -1 
623 56 438 190 61 60 -1 -1 -1 -1 
623 57 491 170 26 26 -1 -1 -1 -1 
623 58 30 303 197 128 -1 -1 -1 -1 
624 56 450 185 51 58 -1 -1 -1 -1 
624 57 494 169 24 25 -1 -1 -1 -1 
624 58 79 288 179 118 -1 -1 -1 -1 
625 56 455 181 49 56 -1 -1 -1 -1 
625 57 497 167 24 24 -1 -1 -1 -1 
625 58 123 275 164 104 -1 -1 -1 -1 
626 56 462 175 46 56 -1 -1 -1 -1 
626 57 498 167 24 22 -1 -1 -1 -1 
626 58 162 266 149 92 -1 -1 -1 -1 
627 56 462 175 46 56 -1 -1 -1 -1 
627 57 498 167 24 22 -1 -1 -1 -1 
627 58 162 266 149 92 -1 -1 -1 -1 
628 56 466 176 45 51 -1 -1 -1 -1 
628 57 498 167 24 22 -1 -1 -1 -1 
628 58 198 253 134 85 -1 -1 -1 -1 
629 56 466 176 45 51 -1 -1 -1 -1 
629 58 198 253 134 85 -1 -1 -1 -1 
629 61 260 164 45 27 -1 -1 -1 -1 
630 56 472 172 45 49 -1 -1 -1 -1 
630 57 503 163 21 19 -1 -1 -1 -1 
630 58 229 243 122 79 -1 -1 -1 -1 
630 61 260 164 45 27 -1 -1 -1 -1 
631 56 476 170 40 47 -1 -1 -1 -1 
631 57 506 162 19 18 -1 -1 -1 -1 
631 58 256 234 112 74 -1 -1 -1 -1 
632 56 480 171 36 41 -1 -1 -1 -1 
632 57 506 162 19 18 -1 -1 -1 -1 
633 56 485 166 32 42 -1 -1 -1 -1 
633 58 302 220 93 63 -1 -1 -1 -1 
634 56 485 166 32 42 -1 -1 -1 -1 
634 58 302 220 93 63 -1 -1 -1 -1 
635 56 485 166 32 42 -1 -1 -1 -1 
636 58 338 210 78 54 -1 -1 -1 -1 
637 58 338 210 78 54 -1 -1 -1 -1 
638 58 352 205 74 51 -1 -1 -1 -1 
639 58 366 200 67 50 -1 -1 -1 -1 
640 58 378 195 64 48 -1 -1 -1 -1 
641 58 378 195 64 48 -1 -1 -1 -1 
642 58 388 194 61 44 -1 -1 -1 -1 
643 58 398 190 56 42 -1 -1 -1 -1 
644 58 398 190 56 42 -1 -1 -1 -1 
645 58 408 187 53 40 -1 -1 -1 -1 
646 58 415 185 50 39 -1 -1 -1 -1 
647 58 415 185 50 39 -1 -1 -1 -1 
647 65 494 138 23 22 -1 -1 -1 -1 
648 58 423 184 46 37 -1 -1 -1 -1 
649 58 429 181 46 35 -1 -1 -1 -1 
650 58 429 181 46 35 -1 -1 -1 -1 
651 58 435 177 45 34 -1 -1 -1 -1 
652 58 441 176 43 32 -1 -1 -1 -1 
653 58 441 176 43 32 -1 -1 -1 -1 
654 58 447 175 38 31 -1 -1 -1 -1 
655 58 447 175 38 31 -1 -1 -1 -1 
656 58 452 174 35 29 -1 -1 -1 -1 
657 58 456 173 34 27 -1 -1 -1 -1 
658 58 456 173 34 27 -1 -1 -1 -1 
659 58 461 171 33 26 -1 -1 -1 -1 
660 58 461 171 33 26 -1 -1 -1 -1 
661 58 464 171 33 26 -1 -1 -1 -1 
662 58 470 170 28 23 -1 -1 -1 -1 
663 58 470 170 28 23 -1 -1 -1 -1 
664 58 473 168 29 24 -1 -1 -1 -1 
665 58 473 168 29 24 -1 -1 -1 -1 
666 58 476 167 27 23 -1 -1 -1 -1 
667 58 480 166 26 22 -1 -1 -1 -1 
668 58 480 166 26 22 -1 -1 -1 -1 
669 58 482 165 27 21 -1 -1 -1 -1 
670 58 487 160 23 24 -1 -1 -1 -1 
671 58 488 160 23 22 -1 -1 -1 -1 
672 58 488 160 23 22 -1 -1 -1 -1 
673 58 490 160 23 21 -1 -1 -1 -1 
674 58 490 160 23 21 -1 -1 -1 -1 
675 58 493 159 22 20 -1 -1 -1 -1 
676 58 495 158 21 20 -1 -1 -1 -1 
677 58 497 157 21 20 -1 -1 -1 -1 
678 58 497 157 21 20 -1 -1 -1 -1 
679 58 499 156 21 20 -1 -1 -1 -1 
680 58 500 156 20 18 -1 -1 -1 -1 
681 58 502 155 20 18 -1 -1 -1 -1 
681 66 594 156 26 27 -1 -1 -1 -1 
682 58 505 155 18 18 -1 -1 -1 -1 
682 66 595 159 26 23 -1 -1 -1 -1 
683 58 505 155 18 18 -1 -1 -1 -1 
683 66 595 159 26 23 -1 -1 -1 -1 
684 58 507 152 18 19 -1 -1 -1 -1 
685 58 509 152 17 18 -1 -1 -1 -1 
686 58 509 152 17 18 -1 -1 -1 -1 
687 58 510 150 18 19 -1 -1 -1 -1 
688 58 511 149 18 18 -1 -1 -1 -1 
689 58 511 149 18 18 -1 -1 -1 -1 
690 58 513 149 17 17 -1 -1 -1 -1 
691 58 513 149 17 17 -1 -1 -1 -1 
692 58 514 150 17 16 -1 -1 -1 -1 
693 58 515 149 17 17 -1 -1 -1 -1 
694 58 515 149 17 17 -1 -1 -1 -1 
695 58 516 149 17 16 -1 -1 -1 -1 
696 58 516 149 17 16 -1 -1 -1 -1 
697 58 516 149 18 15 -1 -1 -1 -1 
702 58 519 148 17 14 -1 -1 -1 -1 
710 58 579 160 15 15 -1 -1 -1 -1 
711 58 578 161 16 15 -1 -1 -1 -1 
712 58 578 161 16 15 -1 -1 -1 -1 
713 58 578 161 17 16 -1 -1 -1 -1 
714 58 579 165 16 14 -1 -1 -1 -1 
715 58 579 165 16 14 -1 -1 -1 -1 
716 58 580 166 16 14 -1 -1 -1 -1 
717 58 580 166 16 14 -1 -1 -1 -1 
718 58 580 167 16 14 -1 -1 -1 -1 
719 58 580 167 17 15 -1 -1 -1 -1 
720 58 580 167 17 15 -1 -1 -1 -1 
721 58 580 167 18 17 -1 -1 -1 -1 
722 58 580 167 18 17 -1 -1 -1 -1 
723 58 581 169 17 17 -1 -1 -1 -1 
724 58 581 169 17 18 -1 -1 -1 -1 
725 58 581 169 17 18 -1 -1 -1 -1 
726 58 582 168 17 21 -1 -1 -1 -1 
727 58 582 168 17 21 -1 -1 -1 -1 
728 58 582 169 17 20 -1 -1 -1 -1 
729 58 583 172 16 20 -1 -1 -1 -1 
730 58 583 172 16 20 -1 -1 -1 -1 
731 58 584 173 16 19 -1 -1 -1 -1 
732 58 584 175 17 19 -1 -1 -1 -1 
733 58 584 175 17 19 -1 -1 -1 -1 
734 58 584 176 18 20 -1 -1 -1 -1 
735 58 584 176 18 20 -1 -1 -1 -1 
736 58 585 176 18 22 -1 -1 -1 -1 
737 58 585 179 20 23 -1 -1 -1 -1 
738 58 585 179 20 23 -1 -1 -1 -1 
739 58 585 180 20 23 -1 -1 -1 -1 
740 58 585 180 20 23 -1 -1 -1 -1 
741 58 585 181 22 24 -1 -1 -1 -1 
742 58 585 182 23 26 -1 -1 -1 -1 
743 58 585 182 23 26 -1 -1 -1 -1 
744 58 586 182 24 28 -1 -1 -1 -1 
745 58 586 182 24 28 -1 -1 -1 -1 
746 58 586 185 24 29 -1 -1 -1 -1 
747 58 587 187 24 30 -1 -1 -1 -1 
748 58 587 187 24 30 -1 -1 -1 -1 
749 58 588 190 25 30 -1 -1 -1 -1 
750 58 588 190 25 30 -1 -1 -1 -1 
751 58 589 191 26 31 -1 -1 -1 -1 
752 58 590 195 28 33 -1 -1 -1 -1 
753 58 590 195 28 33 -1 -1 -1 -1 
754 58 590 196 30 37 -1 -1 -1 -1 
755 58 591 199 30 36 -1 -1 -1 -1 
756 58 591 199 30 36 -1 -1 -1 -1 
757 58 592 202 31 39 -1 -1 -1 -1 
758 58 594 206 30 40 -1 -1 -1 -1 
759 58 594 206 30 40 -1 -1 -1 -1 
760 58 595 210 32 42 -1 -1 -1 -1 
760 67 578 154 13 16 -1 -1 -1 -1 
761 58 595 210 32 42 -1 -1 -1 -1 
761 67 578 154 13 16 -1 -1 -1 -1 
762 58 595 210 32 42 -1 -1 -1 -1 
765 67 579 157 12 16 -1 -1 -1 -1 
766 67 579 157 12 16 -1 -1 -1 -1 
767 67 579 158 14 16 -1 -1 -1 -1 
767 68 598 228 41 53 -1 -1 -1 -1 
768 67 578 159 16 17 -1 -1 -1 -1 
768 68 602 231 37 60 -1 -1 -1 -1 
769 67 578 159 16 17 -1 -1 -1 -1 
769 68 602 231 37 60 -1 -1 -1 -1 
770 67 578 160 16 17 -1 -1 -1 -1 
770 68 603 236 36 67 -1 -1 -1 -1 
771 67 577 160 19 18 -1 -1 -1 -1 
771 68 605 244 34 68 -1 -1 -1 -1 
772 67 577 160 19 18 -1 -1 -1 -1 
772 68 605 244 34 68 -1 -1 -1 -1 
773 67 578 161 19 19 -1 -1 -1 -1 
773 68 608 251 31 75 -1 -1 -1 -1 
774 67 578 162 18 19 -1 -1 -1 -1 
774 68 610 262 29 79 -1 -1 -1 -1 
775 67 580 165 17 16 -1 -1 -1 -1 
775 68 612 273 27 87 -1 -1 -1 -1 
776 67 580 165 17 16 -1 -1 -1 -1 
776 68 612 273 27 87 -1 -1 -1 -1 
777 67 580 166 18 17 -1 -1 -1 -1 
778 67 580 165 18 20 -1 -1 -1 -1 
779 67 580 165 18 20 -1 -1 -1 -1 
780 67 580 167 18 20 -1 -1 -1 -1 
781 67 581 168 18 20 -1 -1 -1 -1 
782 67 583 167 17 22 -1 -1 -1 -1 
783 67 583 167 17 22 -1 -1 -1 -1 
784 67 583 168 18 24 -1 -1 -1 -1 
785 67 583 168 18 24 -1 -1 -1 -1 
786 67 584 173 19 20 -1 -1 -1 -1 
787 67 585 175 19 20 -1 -1 -1 -1 
788 67 585 175 19 20 -1 -1 -1 -1 
789 67 584 174 21 24 -1 -1 -1 -1 
790 67 584 174 21 24 -1 -1 -1 -1 
791 67 585 176 21 25 -1 -1 -1 -1 
792 67 586 177 21 25 -1 -1 -1 -1 
793 67 586 177 22 26 -1 -1 -1 -1 
794 67 586 177 22 26 -1 -1 -1 -1 
795 67 586 179 23 27 -1 -1 -1 -1 
796 67 586 179 23 27 -1 -1 -1 -1 
797 67 587 179 23 30 -1 -1 -1 -1 
798 67 589 181 23 30 -1 -1 -1 -1 
799 67 589 181 23 30 -1 -1 -1 -1 
799 70 578 155 14 15 -1 -1 -1 -1 
800 67 589 183 25 32 -1 -1 -1 -1 
800 70 578 155 13 15 -1 -1 -1 -1 
801 67 589 186 27 34 -1 -1 -1 -1 
802 67 589 186 27 34 -1 -1 -1 -1 
803 67 589 188 30 36 -1 -1 -1 -1 
804 67 589 188 30 36 -1 -1 -1 -1 
805 67 591 190 30 38 -1 -1 -1 -1 
806 67 593 193 29 38 -1 -1 -1 -1 
806 70 579 162 16 13 -1 -1 -1 -1 
807 67 593 193 29 38 -1 -1 -1 -1 
807 70 579 162 16 13 -1 -1 -1 -1 
808 67 594 197 30 38 -1 -1 -1 -1 
808 70 579 162 16 14 -1 -1 -1 -1 
809 67 594 197 30 38 -1 -1 -1 -1 
809 70 579 162 16 14 -1 -1 -1 -1 
810 67 595 201 32 39 -1 -1 -1 -1 
810 70 580 163 16 15 -1 -1 -1 -1 
811 67 596 203 33 41 -1 -1 -1 -1 
811 70 579 163 17 16 -1 -1 -1 -1 
812 67 596 203 33 41 -1 -1 -1 -1 
812 70 579 163 17 16 -1 -1 -1 -1 
813 67 596 203 33 41 -1 -1 -1 -1 
814 70 581 164 15 15 -1 -1 -1 -1 
815 70 580 165 17 15 -1 -1 -1 -1 
816 70 581 166 17 15 -1 -1 -1 -1 
817 70 581 166 17 15 -1 -1 -1 -1 
818 70 582 167 16 15 -1 -1 -1 -1 
819 70 581 168 18 18 -1 -1 -1 -1 
820 70 581 168 18 18 -1 -1 -1 -1 
820 73 602 222 37 59 -1 -1 -1 -1 
821 70 582 168 17 19 -1 -1 -1 -1 
821 73 605 228 34 61 -1 -1 -1 -1 
822 70 582 168 17 19 -1 -1 -1 -1 
822 73 605 228 34 61 -1 -1 -1 -1 
823 70 583 168 17 20 -1 -1 -1 -1 
823 73 608 234 31 66 -1 -1 -1 -1 
824 70 583 168 17 20 -1 -1 -1 -1 
824 73 608 234 31 66 -1 -1 -1 -1 
825 70 583 168 19 22 -1 -1 -1 -1 
825 73 610 242 29 70 -1 -1 -1 -1 
826 70 584 172 19 20 -1 -1 -1 -1 
826 73 610 242 29 70 -1 -1 -1 -1 
827 70 584 172 19 20 -1 -1 -1 -1 
827 75 0 197 74 87 -1 -1 -1 -1 
828 70 585 174 19 19 -1 -1 -1 -1 
828 75 0 191 96 81 -1 -1 -1 -1 
829 70 585 174 19 19 -1 -1 -1 -1 
829 75 0 191 96 81 -1 -1 -1 -1 
830 70 585 178 20 18 -1 -1 -1 -1 
830 75 13 187 107 76 -1 -1 -1 -1 
831 70 585 177 21 21 -1 -1 -1 -1 
831 75 37 180 105 74 -1 -1 -1 -1 
832 70 585 177 21 21 -1 -1 -1 -1 
832 75 37 180 105 74 -1 -1 -1 -1 
833 70 585 177 23 23 -1 -1 -1 -1 
833 75 63 176 99 71 -1 -1 -1 -1 
834 70 586 178 22 24 -1 -1 -1 -1 
834 75 86 173 93 67 -1 -1 -1 -1 
835 70 586 178 22 24 -1 -1 -1 -1 
835 75 86 173 93 67 -1 -1 -1 -1 
836 70 587 179 22 24 -1 -1 -1 -1 
836 75 109 171 89 62 -1 -1 -1 -1 
837 70 588 179 21 27 -1 -1 -1 -1 
837 75 127 167 86 59 -1 -1 -1 -1 
838 70 588 179 21 27 -1 -1 -1 -1 
838 75 127 167 86 59 -1 -1 -1 -1 
839 70 588 181 23 28 -1 -1 -1 -1 
839 75 146 163 78 59 -1 -1 -1 -1 
840 70 588 181 23 28 -1 -1 -1 -1 
840 75 146 163 78 59 -1 -1 -1 -1 
841 70 588 185 26 27 -1 -1 -1 -1 
841 75 163 160 68 57 -1 -1 -1 -1 
842 70 588 187 27 29 -1 -1 -1 -1 
842 75 181 157 66 55 -1 -1 -1 -1 
843 70 588 187 27 29 -1 -1 -1 -1 
843 75 181 157 66 55 -1 -1 -1 -1 
844 70 590 187 28 33 -1 -1 -1 -1 
844 75 195 154 72 56 -1 -1 -1 -1 
845 70 590 187 28 33 -1 -1 -1 -1 
845 75 195 154 72 56 -1 -1 -1 -1 
846 70 590 193 31 31 -1 -1 -1 -1 
846 75 207 150 66 57 -1 -1 -1 -1 
847 70 592 194 30 34 -1 -1 -1 -1 
847 75 223 151 56 51 -1 -1 -1 -1 
848 70 592 194 30 34 -1 -1 -1 -1 
848 75 223 151 56 51 -1 -1 -1 -1 
849 70 594 197 29 34 -1 -1 -1 -1 
849 75 226 149 64 50 -1 -1 -1 -1 
850 70 595 200 29 34 -1 -1 -1 -1 
850 75 228 147 66 49 -1 -1 -1 -1 
851 70 595 203 32 38 -1 -1 -1 -1 
852 70 595 203 32 38 -1 -1 -1 -1 
855 70 595 203 32 38 -1 -1 -1 -1 
857 76 582 156 13 13 -1 -1 -1 -1 
858 76 583 157 13 12 -1 -1 -1 -1 
859 76 583 157 13 12 -1 -1 -1 -1 
860 76 583 157 13 13 -1 -1 -1 -1 
861 76 583 157 13 14 -1 -1 -1 -1 
862 76 583 157 13 14 -1 -1 -1 -1 
863 76 583 158 14 14 -1 -1 -1 -1 
863 77 605 236 34 62 -1 -1 -1 -1 
864 76 583 158 14 14 -1 -1 -1 -1 
864 77 605 236 34 62 -1 -1 -1 -1 
865 76 584 159 13 14 -1 -1 -1 -1 
865 77 608 242 31 64 -1 -1 -1 -1 
865 78 72 364 253 115 -1 -1 -1 -1 
866 76 584 159 13 14 -1 -1 -1 -1 
867 78 145 337 210 141 -1 -1 -1 -1 
868 78 201 312 179 141 -1 -1 -1 -1 
869 78 248 291 153 123 -1 -1 -1 -1 
870 78 248 291 153 123 -1 -1 -1 -1 
871 78 282 268 137 113 -1 -1 -1 -1 
872 78 312 257 119 98 -1 -1 -1 -1 
873 78 312 257 119 98 -1 -1 -1 -1 
874 78 338 248 106 85 -1 -1 -1 -1 
875 76 587 168 14 14 -1 -1 -1 -1 
875 78 359 237 94 77 -1 -1 -1 -1 
876 76 587 168 14 14 -1 -1 -1 -1 
876 78 359 237 94 77 -1 -1 -1 -1 
877 76 587 168 15 15 -1 -1 -1 -1 
877 78 377 228 85 71 -1 -1 -1 -1 
878 76 588 168 15 15 -1 -1 -1 -1 
878 78 392 220 77 66 -1 -1 -1 -1 
879 76 588 168 15 15 -1 -1 -1 -1 
879 78 392 220 77 66 -1 -1 -1 -1 
880 76 589 169 15 15 -1 -1 -1 -1 
880 78 404 213 70 61 -1 -1 -1 -1 
881 76 589 169 15 15 -1 -1 -1 -1 
881 78 404 213 70 61 -1 -1 -1 -1 
882 76 589 169 15 17 -1 -1 -1 -1 
882 78 414 207 68 59 -1 -1 -1 -1 
883 76 589 170 17 19 -1 -1 -1 -1 
883 78 425 204 61 54 -1 -1 -1 -1 
884 76 589 170 17 19 -1 -1 -1 -1 
884 78 425 204 61 54 -1 -1 -1 -1 
885 76 589 171 18 20 -1 -1 -1 -1 
885 78 432 200 57 49 -1 -1 -1 -1 
886 76 590 173 18 19 -1 -1 -1 -1 
886 78 437 195 56 47 -1 -1 -1 -1 
887 76 590 173 18 19 -1 -1 -1 -1 
887 78 437 195 56 47 -1 -1 -1 -1 
888 76 590 175 18 18 -1 -1 -1 -1 
888 78 448 192 49 43 -1 -1 -1 -1 
889 76 590 175 18 18 -1 -1 -1 -1 
889 78 448 192 49 43 -1 -1 -1 -1 
890 76 591 176 18 20 -1 -1 -1 -1 
891 76 592 177 18 20 -1 -1 -1 -1 
891 78 460 185 43 40 -1 -1 -1 -1 
892 76 592 177 18 20 -1 -1 -1 -1 
892 78 460 185 43 40 -1 -1 -1 -1 
893 76 593 179 17 20 -1 -1 -1 -1 
893 78 465 183 40 38 -1 -1 -1 -1 
893 79 63 382 247 95 -1 -1 -1 -1 
894 76 595 179 17 23 -1 -1 -1 -1 
894 78 469 180 39 37 -1 -1 -1 -1 
894 79 124 353 216 126 -1 -1 -1 -1 
895 76 595 179 17 23 -1 -1 -1 -1 
895 78 469 180 39 37 -1 -1 -1 -1 
895 79 124 353 216 126 -1 -1 -1 -1 
896 76 596 181 18 22 -1 -1 -1 -1 
896 78 472 177 38 35 -1 -1 -1 -1 
896 79 182 327 184 141 -1 -1 -1 -1 
896 80 0 358 116 117 -1 -1 -1 -1 
897 76 595 183 20 22 -1 -1 -1 -1 
897 78 477 178 34 32 -1 -1 -1 -1 
897 79 230 305 158 124 -1 -1 -1 -1 
897 80 0 329 171 141 -1 -1 -1 -1 
898 76 595 183 20 22 -1 -1 -1 -1 
898 78 477 178 34 32 -1 -1 -1 -1 
898 79 230 305 158 124 -1 -1 -1 -1 
898 80 0 329 171 141 -1 -1 -1 -1 
899 76 596 184 21 24 -1 -1 -1 -1 
899 78 480 176 33 30 -1 -1 -1 -1 
899 79 267 285 139 111 -1 -1 -1 -1 
899 80 25 303 191 128 -1 -1 -1 -1 
900 76 597 186 21 25 -1 -1 -1 -1 
900 78 482 173 32 29 -1 -1 -1 -1 
900 79 299 266 123 102 -1 -1 -1 -1 
900 80 86 284 171 112 -1 -1 -1 -1 
901 76 598 188 23 26 -1 -1 -1 -1 
901 78 486 172 30 28 -1 -1 -1 -1 
901 79 326 256 109 89 -1 -1 -1 -1 
901 80 138 269 152 97 -1 -1 -1 -1 
902 76 598 188 23 26 -1 -1 -1 -1 
902 78 486 172 30 28 -1 -1 -1 -1 
902 79 326 256 109 89 -1 -1 -1 -1 
902 80 138 269 152 97 -1 -1 -1 -1 
903 76 599 189 24 30 -1 -1 -1 -1 
903 78 489 169 30 29 -1 -1 -1 -1 
903 79 348 248 96 78 -1 -1 -1 -1 
903 80 184 253 133 87 -1 -1 -1 -1 
904 76 599 190 25 30 -1 -1 -1 -1 
904 78 492 167 27 26 -1 -1 -1 -1 
904 79 368 235 87 74 -1 -1 -1 -1 
904 80 222 238 117 80 -1 -1 -1 -1 
905 76 599 190 25 30 -1 -1 -1 -1 
905 78 492 167 27 26 -1 -1 -1 -1 
905 79 368 235 87 74 -1 -1 -1 -1 
905 80 222 238 117 80 -1 -1 -1 -1 
906 76 602 192 23 32 -1 -1 -1 -1 
906 78 494 167 27 26 -1 -1 -1 -1 
906 79 385 228 78 67 -1 -1 -1 -1 
906 80 256 229 104 69 -1 -1 -1 -1 
907 76 601 194 27 34 -1 -1 -1 -1 
907 78 497 166 25 25 -1 -1 -1 -1 
907 79 397 222 74 61 -1 -1 -1 -1 
907 80 281 217 94 67 -1 -1 -1 -1 
908 76 602 198 29 33 -1 -1 -1 -1 
908 78 498 164 26 25 -1 -1 -1 -1 
908 79 409 214 68 57 -1 -1 -1 -1 
908 80 305 213 84 57 -1 -1 -1 -1 
909 76 602 198 29 33 -1 -1 -1 -1 
909 78 498 164 26 25 -1 -1 -1 -1 
909 79 409 214 68 57 -1 -1 -1 -1 
909 80 305 213 84 57 -1 -1 -1 -1 
910 76 604 200 29 34 -1 -1 -1 -1 
910 78 498 163 27 23 -1 -1 -1 -1 
910 79 420 210 62 53 -1 -1 -1 -1 
910 80 326 207 75 54 -1 -1 -1 -1 
911 76 607 206 27 35 -1 -1 -1 -1 
911 78 501 162 25 22 -1 -1 -1 -1 
911 79 429 205 58 49 -1 -1 -1 -1 
911 80 343 199 69 50 -1 -1 -1 -1 
912 76 607 207 30 37 -1 -1 -1 -1 
912 78 503 162 24 20 -1 -1 -1 -1 
912 79 436 200 56 48 -1 -1 -1 -1 
912 80 357 195 66 46 -1 -1 -1 -1 
913 76 610 210 29 41 -1 -1 -1 -1 
913 78 505 159 23 21 -1 -1 -1 -1 
913 79 444 197 51 45 -1 -1 -1 -1 
913 80 372 192 59 41 -1 -1 -1 -1 
914 76 610 210 29 41 -1 -1 -1 -1 
914 78 505 159 23 21 -1 -1 -1 -1 
914 79 444 197 51 45 -1 -1 -1 -1 
914 80 372 192 59 41 -1 -1 -1 -1 
915 76 610 210 29 41 -1 -1 -1 -1 
915 78 506 158 23 21 -1 -1 -1 -1 
915 79 451 195 47 40 -1 -1 -1 -1 
916 78 506 158 23 21 -1 -1 -1 -1 
916 79 451 195 47 40 -1 -1 -1 -1 
916 80 384 188 54 40 -1 -1 -1 -1 
917 78 509 157 22 21 -1 -1 -1 -1 
917 79 457 191 45 39 -1 -1 -1 -1 
917 80 394 184 52 38 -1 -1 -1 -1 
918 78 509 156 22 20 -1 -1 -1 -1 
918 79 461 188 44 37 -1 -1 -1 -1 
918 80 404 181 48 37 -1 -1 -1 -1 
919 78 509 156 22 20 -1 -1 -1 -1 
919 79 461 188 44 37 -1 -1 -1 -1 
919 80 404 181 48 37 -1 -1 -1 -1 
920 78 510 156 22 19 -1 -1 -1 -1 
920 79 467 186 41 35 -1 -1 -1 -1 
920 80 412 179 43 32 -1 -1 -1 -1 
921 78 510 156 22 19 -1 -1 -1 -1 
921 79 467 186 41 35 -1 -1 -1 -1 
921 80 412 179 43 32 -1 -1 -1 -1 
922 78 511 154 22 20 -1 -1 -1 -1 
922 79 472 184 36 33 -1 -1 -1 -1 
922 80 420 175 39 31 -1 -1 -1 -1 
923 78 513 154 21 19 -1 -1 -1 -1 
923 79 474 181 38 32 -1 -1 -1 -1 
923 80 426 174 37 28 -1 -1 -1 -1 
924 78 513 154 21 19 -1 -1 -1 -1 
924 79 474 181 38 32 -1 -1 -1 -1 
924 80 426 174 37 28 -1 -1 -1 -1 
925 78 515 153 19 17 -1 -1 -1 -1 
925 79 480 178 34 30 -1 -1 -1 -1 
925 80 433 173 34 27 -1 -1 -1 -1 
926 78 517 153 17 16 -1 -1 -1 -1 
926 79 483 177 32 30 -1 -1 -1 -1 
926 80 440 171 30 25 -1 -1 -1 -1 
927 78 517 153 17 16 -1 -1 -1 -1 
927 79 483 177 32 30 -1 -1 -1 -1 
927 80 440 171 30 25 -1 -1 -1 -1 
928 78 518 152 17 16 -1 -1 -1 -1 
928 79 485 174 32 29 -1 -1 -1 -1 
928 80 444 168 32 26 -1 -1 -1 -1 
929 78 519 150 17 16 -1 -1 -1 -1 
929 79 490 172 28 28 -1 -1 -1 -1 
929 80 449 166 30 26 -1 -1 -1 -1 
930 78 519 150 17 16 -1 -1 -1 -1 
930 79 490 172 28 28 -1 -1 -1 -1 
930 80 449 166 30 26 -1 -1 -1 -1 
931 78 519 151 18 15 -1 -1 -1 -1 
931 79 493 171 27 26 -1 -1 -1 -1 
931 80 454 165 27 25 -1 -1 -1 -1 
932 78 519 151 18 15 -1 -1 -1 -1 
932 79 493 171 27 26 -1 -1 -1 -1 
932 80 454 165 27 25 -1 -1 -1 -1 
933 78 520 150 17 15 -1 -1 -1 -1 
933 79 495 169 25 27 -1 -1 -1 -1 
933 80 456 163 29 23 -1 -1 -1 -1 
934 78 521 150 17 14 -1 -1 -1 -1 
934 79 498 170 23 23 -1 -1 -1 -1 
934 80 461 163 27 21 -1 -1 -1 -1 
935 78 521 150 17 14 -1 -1 -1 -1 
935 79 498 170 23 23 -1 -1 -1 -1 
935 80 461 163 27 21 -1 -1 -1 -1 
936 78 521 150 17 14 -1 -1 -1 -1 
936 79 498 167 26 24 -1 -1 -1 -1 
936 80 464 160 26 23 -1 -1 -1 -1 
937 79 501 166 24 23 -1 -1 -1 -1 
937 80 467 159 25 22 -1 -1 -1 -1 
937 81 175 340 176 132 -1 -1 -1 -1 
938 79 501 166 24 23 -1 -1 -1 -1 
938 80 467 159 25 22 -1 -1 -1 -1 
938 81 175 340 176 132 -1 -1 -1 -1 
939 79 504 164 23 22 -1 -1 -1 -1 
939 80 472 158 21 20 -1 -1 -1 -1 
940 79 504 164 23 22 -1 -1 -1 -1 
940 80 472 158 21 20 -1 -1 -1 -1 
941 79 505 163 23 22 -1 -1 -1 -1 
941 80 474 156 22 20 -1 -1 -1 -1 
942 79 507 161 22 21 -1 -1 -1 -1 
942 80 477 155 22 20 -1 -1 -1 -1 
943 79 507 161 22 21 -1 -1 -1 -1 
943 80 477 155 22 20 -1 -1 -1 -1 
943 82 297 273 116 94 -1 -1 -1 -1 
944 79 509 162 20 19 -1 -1 -1 -1 
944 80 479 155 21 18 -1 -1 -1 -1 
944 82 324 261 100 81 -1 -1 -1 -1 
945 79 509 162 20 19 -1 -1 -1 -1 
945 80 479 155 21 18 -1 -1 -1 -1 
945 82 324 261 100 81 -1 -1 -1 -1 
946 79 511 161 20 19 -1 -1 -1 -1 
946 80 482 154 19 17 -1 -1 -1 -1 
946 82 349 251 93 72 -1 -1 -1 -1 
947 79 512 159 20 19 -1 -1 -1 -1 
947 80 485 153 18 17 -1 -1 -1 -1 
947 82 368 242 80 64 -1 -1 -1 -1 
948 79 512 159 20 19 -1 -1 -1 -1 
948 80 485 153 18 17 -1 -1 -1 -1 
948 82 368 242 80 64 -1 -1 -1 -1 
949 79 514 158 19 19 -1 -1 -1 -1 
949 80 486 152 18 17 -1 -1 -1 -1 
949 82 384 231 72 61 -1 -1 -1 -1 
950 79 515 157 20 19 -1 -1 -1 -1 
950 80 488 152 18 16 -1 -1 -1 -1 
950 82 398 224 67 54 -1 -1 -1 -1 
951 79 515 157 20 19 -1 -1 -1 -1 
951 80 488 152 18 16 -1 -1 -1 -1 
951 82 398 224 67 54 -1 -1 -1 -1 
952 79 516 154 22 20 -1 -1 -1 -1 
952 80 491 151 16 16 -1 -1 -1 -1 
952 82 408 216 63 53 -1 -1 -1 -1 
953 79 518 155 20 17 -1 -1 -1 -1 
953 80 492 149 16 16 -1 -1 -1 -1 
954 79 518 155 20 17 -1 -1 -1 -1 
954 80 492 149 16 16 -1 -1 -1 -1 
955 79 518 155 20 17 -1 -1 -1 -1 
955 80 494 150 16 13 -1 -1 -1 -1 
955 82 428 207 55 43 -1 -1 -1 -1 
956 79 519 154 19 16 -1 -1 -1 -1 
956 80 496 148 15 15 -1 -1 -1 -1 
956 82 435 203 52 41 -1 -1 -1 -1 
957 79 519 154 19 16 -1 -1 -1 -1 
957 80 496 148 15 15 -1 -1 -1 -1 
957 82 435 203 52 41 -1 -1 -1 -1 
958 79 520 155 18 15 -1 -1 -1 -1 
958 80 497 148 16 14 -1 -1 -1 -1 
958 82 443 198 47 40 -1 -1 -1 -1 
959 79 521 154 18 15 -1 -1 -1 -1 
959 80 498 148 15 12 -1 -1 -1 -1 
959 82 451 196 42 35 -1 -1 -1 -1 
960 79 521 154 18 15 -1 -1 -1 -1 
960 80 498 148 15 12 -1 -1 -1 -1 
960 82 451 196 42 35 -1 -1 -1 -1 
961 79 522 152 17 16 -1 -1 -1 -1 
961 80 500 148 14 12 -1 -1 -1 -1 
961 82 455 192 43 35 -1 -1 -1 -1 
962 79 522 152 17 16 -1 -1 -1 -1 
962 80 500 148 14 12 -1 -1 -1 -1 
962 82 455 192 43 35 -1 -1 -1 -1 
963 79 522 152 17 16 -1 -1 -1 -1 
963 80 502 148 13 11 -1 -1 -1 -1 
963 82 461 188 39 34 -1 -1 -1 -1 
964 80 503 148 14 11 -1 -1 -1 -1 
964 82 467 185 35 31 -1 -1 -1 -1 
965 80 503 148 14 11 -1 -1 -1 -1 
965 82 467 185 35 31 -1 -1 -1 -1 
965 85 10 397 250 78 -1 -1 -1 -1 
966 80 504 146 14 12 -1 -1 -1 -1 
966 82 470 183 34 31 -1 -1 -1 -1 
966 85 78 365 223 112 -1 -1 -1 -1 
967 80 504 146 14 12 -1 -1 -1 -1 
967 82 470 183 34 31 -1 -1 -1 -1 
967 85 78 365 223 112 -1 -1 -1 -1 
968 80 504 146 14 12 -1 -1 -1 -1 
968 82 474 181 33 28 -1 -1 -1 -1 
969 82 477 179 32 27 -1 -1 -1 -1 
969 85 201 310 161 127 -1 -1 -1 -1 
970 82 477 179 32 27 -1 -1 -1 -1 
970 85 201 310 161 127 -1 -1 -1 -1 
971 82 477 179 32 27 -1 -1 -1 -1 
973 86 428 182 63 74 -1 -1 -1 -1 
974 86 434 181 58 68 -1 -1 -1 -1 
975 86 434 181 58 68 -1 -1 -1 -1 
976 86 441 179 56 64 -1 -1 -1 -1 
977 86 441 179 56 64 -1 -1 -1 -1 
978 86 449 176 49 63 -1 -1 -1 -1 
979 86 454 174 47 58 -1 -1 -1 -1 
980 86 454 174 47 58 -1 -1 -1 -1 
981 86 459 172 45 57 -1 -1 -1 -1 
982 86 459 172 45 57 -1 -1 -1 -1 
983 86 463 171 43 53 -1 -1 -1 -1 
984 86 467 170 41 50 -1 -1 -1 -1 
985 86 467 170 41 50 -1 -1 -1 -1 
986 86 471 166 39 51 -1 -1 -1 -1 
987 86 475 166 36 47 -1 -1 -1 -1 
988 86 475 166 36 47 -1 -1 -1 -1 
989 86 478 165 35 45 -1 -1 -1 -1 
990 86 481 163 33 42 -1 -1 -1 -1 
991 86 481 163 33 42 -1 -1 -1 -1 
992 86 484 162 31 43 -1 -1 -1 -1 
993 86 484 162 31 43 -1 -1 -1 -1 
994 86 486 160 31 43 -1 -1 -1 -1 
995 86 490 159 28 41 -1 -1 -1 -1 
996 86 490 159 28 41 -1 -1 -1 -1 
997 86 492 157 27 41 -1 -1 -1 -1 
998 86 492 157 27 41 -1 -1 -1 -1 
999 86 493 156 27 39 -1 -1 -1 -1 
1005 86 501 155 23 31 -1 -1 -1 -1 
1006 86 501 155 23 31 -1 -1 -1 -1 
1009 86 501 155 23 31 -1 -1 -1 -1 
1011 87 126 367 207 112 -1 -1 -1 -1 
1012 87 178 342 182 135 -1 -1 -1 -1 
1013 87 178 342 182 135 -1 -1 -1 -1 
1014 87 226 320 154 126 -1 -1 -1 -1 
1014 88 0 296 88 137 -1 -1 -1 -1 
1015 87 263 299 137 112 -1 -1 -1 -1 
1015 88 1 278 119 152 -1 -1 -1 -1 
1016 87 263 299 137 112 -1 -1 -1 -1 
1016 88 1 278 119 152 -1 -1 -1 -1 
1017 87 294 280 121 100 -1 -1 -1 -1 
1017 88 0 272 149 179 -1 -1 -1 -1 
1018 87 294 280 121 100 -1 -1 -1 -1 
1018 88 0 272 149 179 -1 -1 -1 -1 
1019 87 319 260 108 98 -1 -1 -1 -1 
1019 88 1 260 175 185 -1 -1 -1 -1 
1019 89 513 149 19 26 -1 -1 -1 -1 
1020 87 343 250 96 86 -1 -1 -1 -1 
1020 88 1 249 202 174 -1 -1 -1 -1 
1020 89 514 149 18 25 -1 -1 -1 -1 
1021 87 343 250 96 86 -1 -1 -1 -1 
1021 88 1 249 202 174 -1 -1 -1 -1 
1021 89 514 149 18 25 -1 -1 -1 -1 
1022 87 361 243 88 74 -1 -1 -1 -1 
1022 88 1 241 225 164 -1 -1 -1 -1 
1022 89 514 149 19 24 -1 -1 -1 -1 
1023 87 377 235 79 66 -1 -1 -1 -1 
1023 88 23 232 223 156 -1 -1 -1 -1 
1023 89 516 148 18 24 -1 -1 -1 -1 
1024 87 377 235 79 66 -1 -1 -1 -1 
1024 88 23 232 223 156 -1 -1 -1 -1 
1024 89 516 148 18 24 -1 -1 -1 -1 
1025 87 390 227 71 62 -1 -1 -1 -1 
1025 88 63 225 200 146 -1 -1 -1 -1 
1025 89 518 148 17 22 -1 -1 -1 -1 
1026 87 401 221 66 57 -1 -1 -1 -1 
1026 88 93 221 188 135 -1 -1 -1 -1 
1027 87 401 221 66 57 -1 -1 -1 -1 
1027 88 93 221 188 135 -1 -1 -1 -1 
1028 87 411 213 63 55 -1 -1 -1 -1 
1028 88 122 214 174 128 -1 -1 -1 -1 
1028 89 519 147 16 22 -1 -1 -1 -1 
1029 87 411 213 63 55 -1 -1 -1 -1 
1029 88 122 214 174 128 -1 -1 -1 -1 
1029 89 519 147 16 22 -1 -1 -1 -1 
1030 87 421 209 56 50 -1 -1 -1 -1 
1030 88 145 209 165 120 -1 -1 -1 -1 
1031 87 429 204 53 47 -1 -1 -1 -1 
1031 88 172 205 148 112 -1 -1 -1 -1 
1032 87 429 204 53 47 -1 -1 -1 -1 
1032 88 172 205 148 112 -1 -1 -1 -1 
1033 87 434 200 51 45 -1 -1 -1 -1 
1033 88 193 201 139 104 -1 -1 -1 -1 
1034 87 440 197 48 40 -1 -1 -1 -1 
1034 88 214 197 128 98 -1 -1 -1 -1 
1035 87 440 197 48 40 -1 -1 -1 -1 
1035 88 214 197 128 98 -1 -1 -1 -1 
1036 87 449 194 42 38 -1 -1 -1 -1 
1036 88 232 193 119 94 -1 -1 -1 -1 
1036 89 523 144 15 20 -1 -1 -1 -1 
1037 87 454 191 39 36 -1 -1 -1 -1 
1037 88 247 190 115 89 -1 -1 -1 -1 
1038 87 454 191 39 36 -1 -1 -1 -1 
1038 88 247 190 115 89 -1 -1 -1 -1 
1039 87 458 188 37 35 -1 -1 -1 -1 
1039 88 263 187 107 84 -1 -1 -1 -1 
1040 87 458 188 37 35 -1 -1 -1 -1 
1040 88 263 187 107 84 -1 -1 -1 -1 
1041 87 462 183 37 36 -1 -1 -1 -1 
1041 88 274 184 104 81 -1 -1 -1 -1 
1042 87 465 181 35 33 -1 -1 -1 -1 
1042 88 289 181 96 79 -1 -1 -1 -1 
1043 87 469 179 32 31 -1 -1 -1 -1 
1043 88 302 179 90 74 -1 -1 -1 -1 
1043 91 200 337 174 138 -1 -1 -1 -1 
1044 87 469 179 32 31 -1 -1 -1 -1 
1044 88 302 179 90 74 -1 -1 -1 -1 
1044 91 200 337 174 138 -1 -1 -1 -1 
1045 87 473 177 32 31 -1 -1 -1 -1 
1045 88 313 177 84 71 -1 -1 -1 -1 
1045 91 245 315 146 124 -1 -1 -1 -1 
1046 87 475 176 32 28 -1 -1 -1 -1 
1046 88 320 177 82 64 -1 -1 -1 -1 
1046 91 280 295 131 111 -1 -1 -1 -1 
1047 87 475 176 32 28 -1 -1 -1 -1 
1047 88 320 177 82 64 -1 -1 -1 -1 
1047 91 280 295 131 111 -1 -1 -1 -1 
1048 87 477 174 32 27 -1 -1 -1 -1 
1048 88 331 174 77 64 -1 -1 -1 -1 
1048 91 309 275 115 105 -1 -1 -1 -1 
1049 87 481 172 28 26 -1 -1 -1 -1 
1049 88 339 172 74 60 -1 -1 -1 -1 
1049 91 333 260 105 96 -1 -1 -1 -1 
1050 87 481 172 28 26 -1 -1 -1 -1 
1050 88 339 172 74 60 -1 -1 -1 -1 
1050 91 333 260 105 96 -1 -1 -1 -1 
1051 87 484 170 27 26 -1 -1 -1 -1 
1051 88 345 169 73 60 -1 -1 -1 -1 
1051 91 355 253 93 83 -1 -1 -1 -1 
1052 87 484 170 27 26 -1 -1 -1 -1 
1052 88 345 169 73 60 -1 -1 -1 -1 
1052 91 355 253 93 83 -1 -1 -1 -1 
1053 87 486 169 26 25 -1 -1 -1 -1 
1053 88 355 168 69 57 -1 -1 -1 -1 
1053 91 373 244 83 75 -1 -1 -1 -1 
1054 87 487 167 27 26 -1 -1 -1 -1 
1054 88 362 167 66 56 -1 -1 -1 -1 
1054 91 388 234 77 71 -1 -1 -1 -1 
1055 87 487 167 27 26 -1 -1 -1 -1 
1055 88 362 167 66 56 -1 -1 -1 -1 
1055 91 388 234 77 71 -1 -1 -1 -1 
1056 87 490 166 24 24 -1 -1 -1 -1 
1056 88 368 166 62 54 -1 -1 -1 -1 
1056 91 401 227 69 65 -1 -1 -1 -1 
1057 87 493 165 22 23 -1 -1 -1 -1 
1057 88 375 166 57 52 -1 -1 -1 -1 
1057 91 411 221 67 63 -1 -1 -1 -1 
1058 87 493 165 22 23 -1 -1 -1 -1 
1058 88 375 166 57 52 -1 -1 -1 -1 
1058 91 411 221 67 63 -1 -1 -1 -1 
1059 87 495 164 22 22 -1 -1 -1 -1 
1059 88 379 165 60 49 -1 -1 -1 -1 
1059 91 421 214 62 58 -1 -1 -1 -1 
1060 87 495 164 22 22 -1 -1 -1 -1 
1060 88 379 165 60 49 -1 -1 -1 -1 
1060 91 421 214 62 58 -1 -1 -1 -1 
1061 87 497 161 22 22 -1 -1 -1 -1 
1061 88 386 163 55 49 -1 -1 -1 -1 
1061 91 430 209 60 56 -1 -1 -1 -1 
1062 87 499 161 21 21 -1 -1 -1 -1 
1062 88 390 163 53 48 -1 -1 -1 -1 
1062 91 435 207 55 47 -1 -1 -1 -1 
1063 87 500 160 20 21 -1 -1 -1 -1 
1063 88 396 161 52 47 -1 -1 -1 -1 
1063 91 444 203 51 45 -1 -1 -1 -1 
1064 87 500 160 20 21 -1 -1 -1 -1 
1064 88 396 161 52 47 -1 -1 -1 -1 
1064 91 444 203 51 45 -1 -1 -1 -1 
1065 87 501 159 20 19 -1 -1 -1 -1 
1065 88 396 161 52 47 -1 -1 -1 -1 
1066 87 502 159 20 18 -1 -1 -1 -1 
1066 88 405 157 49 46 -1 -1 -1 -1 
1066 91 456 194 44 43 -1 -1 -1 -1 
1067 87 502 159 20 18 -1 -1 -1 -1 
1067 88 405 157 49 46 -1 -1 -1 -1 
1067 91 456 194 44 43 -1 -1 -1 -1 
1068 87 504 157 19 19 -1 -1 -1 -1 
1068 88 408 156 48 45 -1 -1 -1 -1 
1068 91 461 191 43 41 -1 -1 -1 -1 
1069 87 506 155 18 19 -1 -1 -1 -1 
1069 88 412 156 47 43 -1 -1 -1 -1 
1069 91 466 190 38 37 -1 -1 -1 -1 
1070 87 507 155 18 19 -1 -1 -1 -1 
1070 88 416 156 46 42 -1 -1 -1 -1 
1070 91 470 185 37 38 -1 -1 -1 -1 
1071 87 507 155 18 19 -1 -1 -1 -1 
1071 88 416 156 46 42 -1 -1 -1 -1 
1071 91 470 185 37 38 -1 -1 -1 -1 
1072 87 508 154 17 18 -1 -1 -1 -1 
1072 88 416 156 46 42 -1 -1 -1 -1 
1072 91 473 184 35 36 -1 -1 -1 -1 
1073 87 509 153 18 18 -1 -1 -1 -1 
1073 88 424 155 40 39 -1 -1 -1 -1 
1073 91 476 182 36 32 -1 -1 -1 -1 
1074 87 509 153 18 18 -1 -1 -1 -1 
1074 88 424 155 40 39 -1 -1 -1 -1 
1074 91 476 182 36 32 -1 -1 -1 -1 
1074 92 596 166 17 16 -1 -1 -1 -1 
1075 87 511 154 17 16 -1 -1 -1 -1 
1075 88 426 156 42 37 -1 -1 -1 -1 
1075 91 481 181 31 30 -1 -1 -1 -1 
1075 92 597 166 17 16 -1 -1 -1 -1 
1076 87 511 154 17 16 -1 -1 -1 -1 
1076 88 426 156 42 37 -1 -1 -1 -1 
1076 91 481 181 31 30 -1 -1 -1 -1 
1076 92 597 166 17 16 -1 -1 -1 -1 
1077 87 512 153 17 16 -1 -1 -1 -1 
1077 88 426 156 42 37 -1 -1 -1 -1 
1078 87 513 152 17 16 -1 -1 -1 -1 
1078 91 486 175 30 30 -1 -1 -1 -1 
1078 92 598 165 17 19 -1 -1 -1 -1 
1079 87 513 152 17 16 -1 -1 -1 -1 
1079 91 486 175 30 30 -1 -1 -1 -1 
1079 92 598 165 17 19 -1 -1 -1 -1 
1080 87 514 150 17 16 -1 -1 -1 -1 
1080 91 490 173 28 29 -1 -1 -1 -1 
1080 92 598 167 18 18 -1 -1 -1 -1 
1081 87 515 150 17 16 -1 -1 -1 -1 
1081 91 493 172 25 26 -1 -1 -1 -1 
1081 92 598 167 18 18 -1 -1 -1 -1 
1082 87 515 150 17 16 -1 -1 -1 -1 
1082 91 493 172 25 26 -1 -1 -1 -1 
1083 87 515 150 17 16 -1 -1 -1 -1 
1083 91 494 171 25 25 -1 -1 -1 -1 
1084 87 516 150 16 15 -1 -1 -1 -1 
1084 91 497 170 23 24 -1 -1 -1 -1 
1084 93 188 343 175 134 -1 -1 -1 -1 
1085 87 516 150 16 15 -1 -1 -1 -1 
1085 91 497 170 23 24 -1 -1 -1 -1 
1085 93 188 343 175 134 -1 -1 -1 -1 
1086 87 516 150 16 15 -1 -1 -1 -1 
1086 91 498 169 23 23 -1 -1 -1 -1 
1086 93 232 321 152 127 -1 -1 -1 -1 
1087 91 498 167 25 24 -1 -1 -1 -1 
1087 93 268 303 135 108 -1 -1 -1 -1 
1088 91 500 166 23 22 -1 -1 -1 -1 
1088 93 299 286 119 98 -1 -1 -1 -1 
1089 91 500 166 23 22 -1 -1 -1 -1 
1089 93 299 286 119 98 -1 -1 -1 -1 
1090 87 520 147 15 13 -1 -1 -1 -1 
1090 91 503 164 22 22 -1 -1 -1 -1 
1090 93 324 272 107 86 -1 -1 -1 -1 
1091 87 520 147 15 13 -1 -1 -1 -1 
1091 91 504 163 22 22 -1 -1 -1 -1 
1091 93 347 259 95 79 -1 -1 -1 -1 
1092 91 506 162 21 20 -1 -1 -1 -1 
1092 93 366 249 85 73 -1 -1 -1 -1 
1093 91 508 162 19 19 -1 -1 -1 -1 
1093 93 381 239 77 67 -1 -1 -1 -1 
1094 91 508 162 19 19 -1 -1 -1 -1 
1094 93 381 239 77 67 -1 -1 -1 -1 
1095 87 576 161 15 15 -1 -1 -1 -1 
1095 91 510 161 19 19 -1 -1 -1 -1 
1095 93 395 231 70 62 -1 -1 -1 -1 
1096 87 576 162 17 15 -1 -1 -1 -1 
1096 91 510 159 21 19 -1 -1 -1 -1 
1096 93 406 225 65 57 -1 -1 -1 -1 
1097 87 576 162 17 15 -1 -1 -1 -1 
1097 91 512 159 21 17 -1 -1 -1 -1 
1098 91 513 158 21 17 -1 -1 -1 -1 
1098 93 432 208 53 46 -1 -1 -1 -1 
1099 91 514 157 21 17 -1 -1 -1 -1 
1099 93 436 205 53 43 -1 -1 -1 -1 
1100 87 577 167 15 15 -1 -1 -1 -1 
1100 91 515 158 20 15 -1 -1 -1 -1 
1100 93 444 202 48 40 -1 -1 -1 -1 
1101 87 577 167 15 15 -1 -1 -1 -1 
1101 91 515 158 20 15 -1 -1 -1 -1 
1101 93 444 202 48 40 -1 -1 -1 -1 
1102 87 577 167 16 16 -1 -1 -1 -1 
1102 91 517 157 18 13 -1 -1 -1 -1 
1102 93 452 198 43 38 -1 -1 -1 -1 
1103 87 578 168 15 18 -1 -1 -1 -1 
1103 91 519 158 16 11 -1 -1 -1 -1 
1103 93 457 196 40 36 -1 -1 -1 -1 
1104 87 578 170 17 17 -1 -1 -1 -1 
1104 91 520 157 15 12 -1 -1 -1 -1 
1104 93 461 192 39 34 -1 -1 -1 -1 
1105 87 578 172 17 17 -1 -1 -1 -1 
1105 91 520 157 15 12 -1 -1 -1 -1 
1106 87 578 172 17 17 -1 -1 -1 -1 
1106 93 466 187 36 35 -1 -1 -1 -1 
1107 87 578 175 18 15 -1 -1 -1 -1 
1107 93 470 186 34 32 -1 -1 -1 -1 
1108 87 578 175 18 16 -1 -1 -1 -1 
1108 93 473 185 33 29 -1 -1 -1 -1 
1109 87 579 175 17 17 -1 -1 -1 -1 
1109 93 476 182 32 29 -1 -1 -1 -1 
1110 87 579 176 18 18 -1 -1 -1 -1 
1110 93 479 180 31 28 -1 -1 -1 -1 
1111 87 580 176 19 21 -1 -1 -1 -1 
1111 93 482 178 30 28 -1 -1 -1 -1 
1112 87 580 176 19 21 -1 -1 -1 -1 
1112 93 482 178 30 28 -1 -1 -1 -1 
1113 87 580 178 20 21 -1 -1 -1 -1 
1113 93 485 176 28 26 -1 -1 -1 -1 
1114 87 581 178 21 22 -1 -1 -1 -1 
1114 93 487 174 27 25 -1 -1 -1 -1 
1115 87 582 180 20 22 -1 -1 -1 -1 
1115 93 492 172 23 25 -1 -1 -1 -1 
1116 87 582 184 21 20 -1 -1 -1 -1 
1116 91 591 156 17 13 -1 -1 -1 -1 
1116 93 493 170 25 25 -1 -1 -1 -1 
1117 87 583 184 20 23 -1 -1 -1 -1 
1117 91 591 156 17 13 -1 -1 -1 -1 
1118 87 583 186 24 24 -1 -1 -1 -1 
1118 91 592 157 16 13 -1 -1 -1 -1 
1118 93 497 168 24 23 -1 -1 -1 -1 
1119 87 583 187 26 25 -1 -1 -1 -1 
1119 91 592 157 16 13 -1 -1 -1 -1 
1120 87 583 189 27 27 -1 -1 -1 -1 
1120 91 593 157 15 14 -1 -1 -1 -1 
1120 93 499 167 23 20 -1 -1 -1 -1 
1121 87 585 191 26 27 -1 -1 -1 -1 
1121 91 593 157 15 14 -1 -1 -1 -1 
1122 87 585 191 26 27 -1 -1 -1 -1 
1122 93 502 164 23 21 -1 -1 -1 -1 
1123 87 587 193 27 29 -1 -1 -1 -1 
1123 93 504 163 21 20 -1 -1 -1 -1 
1124 87 588 194 27 31 -1 -1 -1 -1 
1124 93 505 162 22 19 -1 -1 -1 -1 
1125 87 587 199 29 31 -1 -1 -1 -1 
1125 93 508 162 19 18 -1 -1 -1 -1 
1126 87 589 202 30 33 -1 -1 -1 -1 
1126 93 509 160 19 19 -1 -1 -1 -1 
1127 87 589 202 30 33 -1 -1 -1 -1 
1127 93 509 160 19 19 -1 -1 -1 -1 
1128 87 591 209 32 35 -1 -1 -1 -1 
1128 93 511 157 18 20 -1 -1 -1 -1 
1129 87 591 209 32 35 -1 -1 -1 -1 
1129 93 511 157 18 20 -1 -1 -1 -1 
1130 87 592 212 34 38 -1 -1 -1 -1 
1130 93 512 157 18 18 -1 -1 -1 -1 
1131 87 593 216 34 39 -1 -1 -1 -1 
1131 93 513 155 19 19 -1 -1 -1 -1 
1132 87 596 220 35 40 -1 -1 -1 -1 
1132 93 514 155 19 18 -1 -1 -1 -1 
1132 99 150 350 206 127 -1 -1 -1 -1 
1133 87 595 224 41 45 -1 -1 -1 -1 
1133 93 515 155 18 17 -1 -1 -1 -1 
1133 99 217 320 168 131 -1 -1 -1 -1 
1134 87 597 230 41 49 -1 -1 -1 -1 
1134 93 517 155 17 15 -1 -1 -1 -1 
1134 99 267 296 139 110 -1 -1 -1 -1 
1135 87 597 237 42 50 -1 -1 -1 -1 
1135 93 518 153 17 17 -1 -1 -1 -1 
1135 99 305 268 124 105 -1 -1 -1 -1 
1136 87 597 237 42 50 -1 -1 -1 -1 
1136 93 518 153 17 17 -1 -1 -1 -1 
1136 99 305 268 124 105 -1 -1 -1 -1 
1137 87 600 242 39 56 -1 -1 -1 -1 
1137 93 518 153 17 16 -1 -1 -1 -1 
1137 99 341 251 102 91 -1 -1 -1 -1 
1138 87 602 249 37 60 -1 -1 -1 -1 
1138 93 519 153 18 15 -1 -1 -1 -1 
1138 99 366 244 90 74 -1 -1 -1 -1 
1139 87 605 257 34 66 -1 -1 -1 -1 
1139 93 520 152 16 15 -1 -1 -1 -1 
1139 99 385 230 82 69 -1 -1 -1 -1 
1140 87 608 267 31 69 -1 -1 -1 -1 
1140 93 521 150 16 16 -1 -1 -1 -1 
1140 99 402 221 72 63 -1 -1 -1 -1 
1141 87 611 280 28 75 -1 -1 -1 -1 
1141 93 522 150 16 16 -1 -1 -1 -1 
1141 99 415 214 65 58 -1 -1 -1 -1 
1142 87 611 280 28 75 -1 -1 -1 -1 
1143 99 428 208 59 53 -1 -1 -1 -1 
1145 100 454 194 47 42 -1 -1 -1 -1 
1146 93 598 168 16 16 -1 -1 -1 -1 
1146 100 461 190 43 38 -1 -1 -1 -1 
1147 93 598 168 18 17 -1 -1 -1 -1 
1147 100 466 186 40 37 -1 -1 -1 -1 
1148 93 598 169 19 16 -1 -1 -1 -1 
1148 100 472 183 35 35 -1 -1 -1 -1 
1149 93 598 168 20 18 -1 -1 -1 -1 
1149 100 475 180 37 33 -1 -1 -1 -1 
1150 93 598 168 20 18 -1 -1 -1 -1 
1150 100 475 180 37 33 -1 -1 -1 -1 
1151 93 598 168 20 18 -1 -1 -1 -1 
1152 100 484 176 32 28 -1 -1 -1 -1 
1153 100 489 173 29 28 -1 -1 -1 -1 
1154 100 491 172 28 25 -1 -1 -1 -1 
1155 93 602 169 19 21 -1 -1 -1 -1 
1155 100 495 170 25 23 -1 -1 -1 -1 
1156 93 602 168 20 23 -1 -1 -1 -1 
1156 100 497 168 25 24 -1 -1 -1 -1 
1157 93 602 169 20 22 -1 -1 -1 -1 
1157 100 498 168 25 21 -1 -1 -1 -1 
1158 93 602 168 21 24 -1 -1 -1 -1 
1158 100 502 164 23 22 -1 -1 -1 -1 
1159 93 603 169 20 23 -1 -1 -1 -1 
1159 100 504 164 23 21 -1 -1 -1 -1 
1160 93 604 170 19 22 -1 -1 -1 -1 
1160 100 506 162 21 20 -1 -1 -1 -1 
1161 93 604 170 20 23 -1 -1 -1 -1 
1161 100 508 160 20 21 -1 -1 -1 -1 
1161 101 576 159 12 11 -1 -1 -1 -1 
1162 93 604 170 20 23 -1 -1 -1 -1 
1162 100 508 160 20 21 -1 -1 -1 -1 
1162 101 576 159 12 11 -1 -1 -1 -1 
1163 93 604 170 20 23 -1 -1 -1 -1 
1163 100 510 160 19 18 -1 -1 -1 -1 
1163 101 576 159 12 11 -1 -1 -1 -1 
1164 100 511 159 19 18 -1 -1 -1 -1 
1164 101 576 159 12 11 -1 -1 -1 -1 
1165 100 512 156 20 19 -1 -1 -1 -1 
1165 102 104 360 225 118 -1 -1 -1 -1 
1166 100 514 155 19 19 -1 -1 -1 -1 
1166 102 167 332 191 145 -1 -1 -1 -1 
1167 100 516 155 18 18 -1 -1 -1 -1 
1167 102 216 309 165 130 -1 -1 -1 -1 
1168 100 517 154 17 17 -1 -1 -1 -1 
1168 102 257 290 143 113 -1 -1 -1 -1 
1169 100 518 152 17 17 -1 -1 -1 -1 
1169 102 290 270 127 103 -1 -1 -1 -1 
1170 100 518 152 17 17 -1 -1 -1 -1 
1170 102 290 270 127 103 -1 -1 -1 -1 
1170 103 606 175 27 26 -1 -1 -1 -1 
1171 100 519 151 17 17 -1 -1 -1 -1 
1171 102 318 258 112 92 -1 -1 -1 -1 
1171 103 606 175 28 26 -1 -1 -1 -1 
1172 100 520 151 16 16 -1 -1 -1 -1 
1172 102 343 248 98 82 -1 -1 -1 -1 
1172 103 606 176 29 26 -1 -1 -1 -1 
1173 100 522 150 15 16 -1 -1 -1 -1 
1173 101 578 167 16 15 -1 -1 -1 -1 
1173 102 363 237 88 76 -1 -1 -1 -1 
1173 103 607 177 28 27 -1 -1 -1 -1 
1174 100 523 149 15 16 -1 -1 -1 -1 
1174 101 578 167 16 15 -1 -1 -1 -1 
1174 102 377 232 82 64 -1 -1 -1 -1 
1175 100 523 149 15 16 -1 -1 -1 -1 
1175 102 392 223 74 61 -1 -1 -1 -1 
1176 100 578 170 18 18 -1 -1 -1 -1 
1176 102 404 216 70 56 -1 -1 -1 -1 
1176 103 610 177 25 28 -1 -1 -1 -1 
1177 100 580 170 17 20 -1 -1 -1 -1 
1177 102 413 209 66 57 -1 -1 -1 -1 
1177 103 610 180 28 27 -1 -1 -1 -1 
1178 100 580 170 17 20 -1 -1 -1 -1 
1178 102 413 209 66 57 -1 -1 -1 -1 
1178 103 610 180 28 27 -1 -1 -1 -1 
1179 100 580 174 17 18 -1 -1 -1 -1 
1179 102 424 204 60 52 -1 -1 -1 -1 
1179 103 611 180 28 29 -1 -1 -1 -1 
1180 100 581 175 17 18 -1 -1 -1 -1 
1180 102 432 201 56 48 -1 -1 -1 -1 
1180 103 611 181 28 28 -1 -1 -1 -1 
1181 100 581 175 18 20 -1 -1 -1 -1 
1181 102 437 197 54 44 -1 -1 -1 -1 
1181 103 612 181 27 29 -1 -1 -1 -1 
1182 100 583 178 18 22 -1 -1 -1 -1 
1182 102 453 191 44 40 -1 -1 -1 -1 
1183 100 583 178 18 22 -1 -1 -1 -1 
1183 102 453 191 44 40 -1 -1 -1 -1 
1184 100 582 179 20 23 -1 -1 -1 -1 
1184 102 458 187 43 39 -1 -1 -1 -1 
1185 100 584 182 19 22 -1 -1 -1 -1 
1185 102 463 184 41 38 -1 -1 -1 -1 
1186 100 584 182 21 25 -1 -1 -1 -1 
1186 102 466 183 39 35 -1 -1 -1 -1 
1187 100 584 185 23 25 -1 -1 -1 -1 
1187 102 470 180 36 32 -1 -1 -1 -1 
1187 105 620 186 19 30 -1 -1 -1 -1 
1188 100 585 186 25 28 -1 -1 -1 -1 
1188 102 475 178 33 32 -1 -1 -1 -1 
1188 105 621 185 18 34 -1 -1 -1 -1 
1189 100 586 188 24 29 -1 -1 -1 -1 
1189 102 477 176 33 32 -1 -1 -1 -1 
1189 105 622 187 17 33 -1 -1 -1 -1 
1190 100 587 191 25 29 -1 -1 -1 -1 
1190 102 480 177 31 26 -1 -1 -1 -1 
1190 105 623 187 16 34 -1 -1 -1 -1 
1191 100 587 191 25 29 -1 -1 -1 -1 
1191 102 480 177 31 26 -1 -1 -1 -1 
1191 105 623 187 16 34 -1 -1 -1 -1 
1192 100 587 193 25 31 -1 -1 -1 -1 
1192 102 482 174 31 27 -1 -1 -1 -1 
1193 100 589 195 26 35 -1 -1 -1 -1 
1193 102 485 171 30 26 -1 -1 -1 -1 
1194 100 589 199 29 34 -1 -1 -1 -1 
1194 102 489 170 27 25 -1 -1 -1 -1 
1195 100 590 202 30 36 -1 -1 -1 -1 
1195 102 491 167 27 26 -1 -1 -1 -1 
1196 100 589 206 33 38 -1 -1 -1 -1 
1196 102 493 166 26 25 -1 -1 -1 -1 
1197 100 589 206 33 38 -1 -1 -1 -1 
1198 102 498 164 23 23 -1 -1 -1 -1 
1199 102 498 164 23 23 -1 -1 -1 -1 
1200 102 498 162 24 24 -1 -1 -1 -1 
1201 102 499 162 24 21 -1 -1 -1 -1 
1202 102 501 162 23 20 -1 -1 -1 -1 
1203 102 503 161 22 19 -1 -1 -1 -1 
1204 102 504 159 22 19 -1 -1 -1 -1 
1205 102 504 159 22 19 -1 -1 -1 -1 
1206 102 507 156 20 20 -1 -1 -1 -1 
1207 102 507 155 22 20 -1 -1 -1 -1 
1208 102 509 154 21 20 -1 -1 -1 -1 
1209 102 510 154 21 19 -1 -1 -1 -1 
1210 102 511 154 20 17 -1 -1 -1 -1 
1211 102 511 154 20 17 -1 -1 -1 -1 
1212 102 512 154 20 16 -1 -1 -1 -1 
1213 102 513 154 20 16 -1 -1 -1 -1 
1214 102 514 154 19 14 -1 -1 -1 -1 
1215 102 515 153 18 14 -1 -1 -1 -1 
1216 102 516 153 17 13 -1 -1 -1 -1 
1217 102 517 151 17 14 -1 -1 -1 -1 
1250 102 517 151 17 14 -1 -1 -1 -1 
1252 109 70 367 202 111 -1 -1 -1 -1 
1253 109 146 333 169 126 -1 -1 -1 -1 
1254 109 206 305 145 106 -1 -1 -1 -1 
1255 109 254 281 125 93 -1 -1 -1 -1 
1256 109 254 281 125 93 -1 -1 -1 -1 
1257 109 293 264 106 81 -1 -1 -1 -1 
1258 109 325 250 91 69 -1 -1 -1 -1 
1259 109 350 237 81 62 -1 -1 -1 -1 
1260 109 350 237 81 62 -1 -1 -1 -1 
1261 109 372 226 72 57 -1 -1 -1 -1 
1262 109 388 217 66 52 -1 -1 -1 -1 
1263 109 388 217 66 52 -1 -1 -1 -1 
1264 109 403 211 59 47 -1 -1 -1 -1 
1265 109 414 205 55 43 -1 -1 -1 -1 
1266 109 426 200 51 41 -1 -1 -1 -1 
1267 109 426 200 51 41 -1 -1 -1 -1 
1268 109 435 196 47 36 -1 -1 -1 -1 
1269 109 444 192 43 35 -1 -1 -1 -1 
1270 109 451 187 40 34 -1 -1 -1 -1 
1271 109 459 185 35 31 -1 -1 -1 -1 
1272 109 465 182 32 28 -1 -1 -1 -1 
1273 109 465 182 32 28 -1 -1 -1 -1 
1274 109 470 179 30 27 -1 -1 -1 -1 
1275 109 470 179 30 27 -1 -1 -1 -1 
1276 109 478 174 29 24 -1 -1 -1 -1 
1277 109 482 173 26 22 -1 -1 -1 -1 
1278 109 486 170 24 22 -1 -1 -1 -1 
1279 109 487 169 25 21 -1 -1 -1 -1 
1280 109 492 167 22 19 -1 -1 -1 -1 
1281 109 495 166 21 19 -1 -1 -1 -1 
1282 109 499 164 20 18 -1 -1 -1 -1 
1283 109 500 163 20 18 -1 -1 -1 -1 
1284 109 501 163 21 15 -1 -1 -1 -1 
1285 109 504 160 20 16 -1 -1 -1 -1 
1286 109 507 159 18 16 -1 -1 -1 -1 
1287 109 509 159 17 14 -1 -1 -1 -1 
1288 109 509 159 17 14 -1 -1 -1 -1 
1289 109 510 157 17 14 -1 -1 -1 -1 
1290 109 512 156 17 14 -1 -1 -1 -1 
1291 109 513 155 18 14 -1 -1 -1 -1 
1292 109 515 154 16 14 -1 -1 -1 -1 
1293 109 516 153 16 13 -1 -1 -1 -1 
1294 109 518 152 15 13 -1 -1 -1 -1 
1295 109 518 151 15 13 -1 -1 -1 -1 
1296 109 520 150 14 12 -1 -1 -1 -1 
1297 109 521 150 15 11 -1 -1 -1 -1 
1298 109 521 150 15 11 -1 -1 -1 -1 
1301 109 525 148 14 11 -1 -1 -1 -1 
1304 109 525 148 14 11 -1 -1 -1 -1 
1306 111 578 160 16 15 -1 -1 -1 -1 
1307 111 578 162 17 14 -1 -1 -1 -1 
1308 111 579 163 18 16 -1 -1 -1 -1 
1309 111 579 163 18 16 -1 -1 -1 -1 
1310 111 579 163 18 18 -1 -1 -1 -1 
1311 111 580 165 17 17 -1 -1 -1 -1 
1312 111 581 166 17 18 -1 -1 -1 -1 
1313 111 581 166 19 19 -1 -1 -1 -1 
1314 111 581 166 19 21 -1 -1 -1 -1 
1315 111 582 166 19 23 -1 -1 -1 -1 
1316 111 582 169 19 24 -1 -1 -1 -1 
1317 111 583 175 20 20 -1 -1 -1 -1 
1318 111 583 174 22 25 -1 -1 -1 -1 
1322 111 587 174 23 33 -1 -1 -1 -1 
1325 111 587 174 23 33 -1 -1 -1 -1 
1342 113 604 215 35 108 -1 -1 -1 -1 
1345 113 609 241 30 127 -1 -1 -1 -1 
1376 109 597 169 14 12 -1 -1 -1 -1 
1377 109 597 169 14 12 -1 -1 -1 -1 
1378 109 597 169 14 13 -1 -1 -1 -1 
1379 109 598 169 13 13 -1 -1 -1 -1 
1380 109 598 170 15 13 -1 -1 -1 -1 
1381 109 599 171 14 12 -1 -1 -1 -1 
1382 109 599 172 15 12 -1 -1 -1 -1 
1383 109 600 173 15 12 -1 -1 -1 -1 
1384 109 600 174 16 14 -1 -1 -1 -1 
1385 109 600 174 16 14 -1 -1 -1 -1 
1386 109 600 174 17 15 -1 -1 -1 -1 
1387 109 601 175 16 16 -1 -1 -1 -1 
1388 109 603 177 16 15 -1 -1 -1 -1 
1389 109 603 177 16 15 -1 -1 -1 -1 
1390 109 604 178 16 15 -1 -1 -1 -1 
1391 109 605 179 16 17 -1 -1 -1 -1 
1392 109 605 179 16 17 -1 -1 -1 -1 
1393 109 606 178 16 19 -1 -1 -1 -1 
1394 109 606 179 17 20 -1 -1 -1 -1 
1395 109 607 179 17 21 -1 -1 -1 -1 
1396 109 608 183 17 19 -1 -1 -1 -1 
1397 109 608 186 19 17 -1 -1 -1 -1 
1398 109 610 187 17 18 -1 -1 -1 -1 
1399 109 610 187 17 18 -1 -1 -1 -1 
1400 109 610 189 20 19 -1 -1 -1 -1 
1401 109 611 190 21 19 -1 -1 -1 -1 
1402 109 613 191 21 21 -1 -1 -1 -1 
1403 109 613 191 21 21 -1 -1 -1 -1 
1404 109 614 190 21 24 -1 -1 -1 -1 
1405 109 616 191 22 26 -1 -1 -1 -1 
1406 109 617 192 22 28 -1 -1 -1 -1 
1408 109 618 197 21 29 -1 -1 -1 -1 
1409 109 619 198 20 29 -1 -1 -1 -1 
1442 109 619 198 20 29 -1 -1 -1 -1 
1450 114 602 172 15 14 -1 -1 -1 -1 
1451 114 602 172 15 14 -1 -1 -1 -1 
1454 114 603 173 16 17 -1 -1 -1 -1 
1456 114 606 176 16 16 -1 -1 -1 -1 
1457 114 606 176 16 18 -1 -1 -1 -1 
1458 114 606 176 16 18 -1 -1 -1 -1 
1459 114 607 176 15 20 -1 -1 -1 -1 
1460 114 607 177 17 21 -1 -1 -1 -1 
1461 114 608 178 17 21 -1 -1 -1 -1 
1462 114 609 181 18 20 -1 -1 -1 -1 
1463 114 609 184 19 18 -1 -1 -1 -1 
1464 114 610 185 20 18 -1 -1 -1 -1 
1465 114 611 186 21 19 -1 -1 -1 -1 
1466 114 613 188 21 20 -1 -1 -1 -1 
1467 114 613 188 21 20 -1 -1 -1 -1 
1468 114 616 188 19 21 -1 -1 -1 -1 
1469 114 616 189 20 23 -1 -1 -1 -1 
1471 114 618 192 21 25 -1 -1 -1 -1 
1513 109 580 167 17 15 -1 -1 -1 -1 
1514 109 580 167 17 17 -1 -1 -1 -1 
1515 109 580 169 17 17 -1 -1 -1 -1 
1516 109 581 170 17 17 -1 -1 -1 -1 
1517 109 581 170 17 17 -1 -1 -1 -1 
1518 109 581 170 17 19 -1 -1 -1 -1 
1519 109 581 170 17 19 -1 -1 -1 -1 
1520 109 581 169 18 20 -1 -1 -1 -1 
1521 109 582 173 17 18 -1 -1 -1 -1 
1522 109 582 173 17 18 -1 -1 -1 -1 
1523 109 582 175 17 17 -1 -1 -1 -1 
1524 109 582 175 17 17 -1 -1 -1 -1 
1525 109 583 175 17 19 -1 -1 -1 -1 
1526 109 583 175 18 21 -1 -1 -1 -1 
1527 109 584 175 18 22 -1 -1 -1 -1 
1528 109 585 177 18 23 -1 -1 -1 -1 
1529 109 585 177 18 23 -1 -1 -1 -1 
1530 109 585 177 20 24 -1 -1 -1 -1 
1531 109 585 177 20 24 -1 -1 -1 -1 
1532 109 585 180 20 23 -1 -1 -1 -1 
1533 109 585 182 22 24 -1 -1 -1 -1 
1534 109 585 182 22 24 -1 -1 -1 -1 
1535 109 586 181 22 28 -1 -1 -1 -1 
1536 109 586 185 23 27 -1 -1 -1 -1 
1537 109 586 185 23 27 -1 -1 -1 -1 
1538 109 588 185 21 29 -1 -1 -1 -1 
1539 109 588 185 21 29 -1 -1 -1 -1 
1540 109 588 188 22 29 -1 -1 -1 -1 
1541 109 590 190 22 30 -1 -1 -1 -1 
1542 109 590 190 22 30 -1 -1 -1 -1 
1543 109 590 193 25 30 -1 -1 -1 -1 
1544 109 592 193 24 34 -1 -1 -1 -1 
1545 109 592 193 24 34 -1 -1 -1 -1 
1554 109 592 193 24 34 -1 -1 -1 -1 
1558 115 597 218 38 52 -1 -1 -1 -1 
1559 115 597 224 40 54 -1 -1 -1 -1 
1560 115 597 224 40 54 -1 -1 -1 -1 
1561 115 600 228 39 58 -1 -1 -1 -1 
1564 115 603 241 36 65 -1 -1 -1 -1 
1565 115 604 246 35 71 -1 -1 -1 -1 
1566 115 604 246 35 71 -1 -1 -1 -1 
1567 115 606 253 33 76 -1 -1 -1 -1 
1568 115 606 253 33 76 -1 -1 -1 -1 
1569 115 608 263 31 80 -1 -1 -1 -1 
1594 109 597 167 13 13 -1 -1 -1 -1 
1594 115 608 263 31 80 -1 -1 -1 -1 
1595 109 597 168 13 13 -1 -1 -1 -1 
