3 2 439 216 7 20 -1 -1 -1 -1 
4 2 440 217 7 21 -1 -1 -1 -1 
5 2 440 217 7 24 -1 -1 -1 -1 
6 2 440 218 8 23 -1 -1 -1 -1 
7 2 440 220 8 23 -1 -1 -1 -1 
8 2 441 221 8 21 -1 -1 -1 -1 
9 2 442 222 7 21 -1 -1 -1 -1 
10 2 442 222 7 21 -1 -1 -1 -1 
10 7 330 179 14 12 -1 -1 -1 -1 
11 2 442 223 8 20 -1 -1 -1 -1 
11 7 330 179 14 12 -1 -1 -1 -1 
12 2 443 223 8 20 -1 -1 -1 -1 
13 2 443 224 8 21 -1 -1 -1 -1 
13 7 327 180 16 12 -1 -1 -1 -1 
14 2 443 225 8 22 -1 -1 -1 -1 
14 7 327 180 16 12 -1 -1 -1 -1 
15 2 443 225 8 22 -1 -1 -1 -1 
16 2 443 226 9 22 -1 -1 -1 -1 
16 9 212 204 31 23 -1 -1 -1 -1 
17 2 443 226 9 22 -1 -1 -1 -1 
17 9 212 204 31 23 -1 -1 -1 -1 
18 2 444 227 8 21 -1 -1 -1 -1 
18 9 212 205 30 22 -1 -1 -1 -1 
19 2 445 228 8 20 -1 -1 -1 -1 
19 9 210 205 30 24 -1 -1 -1 -1 
20 2 445 229 8 22 -1 -1 -1 -1 
20 9 208 206 31 23 -1 -1 -1 -1 
21 2 445 231 9 23 -1 -1 -1 -1 
21 7 321 182 18 13 -1 -1 -1 -1 
21 9 204 207 33 24 -1 -1 -1 -1 
21 11 167 241 42 23 -1 -1 -1 -1 
22 2 446 231 8 24 -1 -1 -1 -1 
22 7 321 182 18 13 -1 -1 -1 -1 
23 2 446 231 9 25 -1 -1 -1 -1 
23 9 199 209 36 23 -1 -1 -1 -1 
24 2 446 233 10 24 -1 -1 -1 -1 
24 7 318 182 19 14 -1 -1 -1 -1 
24 9 196 210 33 23 -1 -1 -1 -1 
25 2 447 234 9 26 -1 -1 -1 -1 
25 7 318 182 19 14 -1 -1 -1 -1 
26 2 448 237 8 22 -1 -1 -1 -1 
26 9 192 211 33 25 -1 -1 -1 -1 
27 2 448 237 8 22 -1 -1 -1 -1 
27 9 192 211 33 25 -1 -1 -1 -1 
28 2 448 239 9 20 -1 -1 -1 -1 
28 9 189 212 34 25 -1 -1 -1 -1 
29 2 449 240 8 22 -1 -1 -1 -1 
29 9 186 213 34 25 -1 -1 -1 -1 
30 2 449 241 9 23 -1 -1 -1 -1 
31 2 450 243 9 24 -1 -1 -1 -1 
31 9 177 215 39 26 -1 -1 -1 -1 
32 2 450 244 9 25 -1 -1 -1 -1 
32 9 175 216 38 26 -1 -1 -1 -1 
33 2 450 245 9 25 -1 -1 -1 -1 
33 7 308 185 22 17 -1 -1 -1 -1 
33 9 172 217 39 27 -1 -1 -1 -1 
34 2 450 245 9 25 -1 -1 -1 -1 
34 7 308 185 22 17 -1 -1 -1 -1 
34 9 172 217 39 27 -1 -1 -1 -1 
35 2 451 248 9 23 -1 -1 -1 -1 
35 7 308 188 21 14 -1 -1 -1 -1 
35 9 168 218 39 28 -1 -1 -1 -1 
36 2 451 250 10 22 -1 -1 -1 -1 
36 7 307 187 22 16 -1 -1 -1 -1 
36 9 164 219 40 29 -1 -1 -1 -1 
37 2 452 251 10 25 -1 -1 -1 -1 
37 7 307 187 21 17 -1 -1 -1 -1 
37 9 162 220 40 29 -1 -1 -1 -1 
38 2 452 252 12 28 -1 -1 -1 -1 
38 7 306 187 21 17 -1 -1 -1 -1 
38 9 158 221 41 30 -1 -1 -1 -1 
39 2 453 255 11 26 -1 -1 -1 -1 
39 7 305 188 21 16 -1 -1 -1 -1 
39 9 157 221 39 31 -1 -1 -1 -1 
39 13 586 257 48 23 -1 -1 -1 -1 
40 2 454 256 10 25 -1 -1 -1 -1 
40 7 305 188 21 16 -1 -1 -1 -1 
40 9 153 222 39 31 -1 -1 -1 -1 
40 13 586 257 48 23 -1 -1 -1 -1 
41 2 454 256 10 25 -1 -1 -1 -1 
41 9 149 223 56 33 -1 -1 -1 -1 
42 7 302 189 21 18 -1 -1 -1 -1 
42 9 144 227 41 30 -1 -1 -1 -1 
43 7 302 190 20 17 -1 -1 -1 -1 
43 9 140 230 44 28 -1 -1 -1 -1 
44 7 302 190 20 17 -1 -1 -1 -1 
45 7 299 192 24 16 -1 -1 -1 -1 
45 9 130 231 47 32 -1 -1 -1 -1 
48 2 458 269 12 29 -1 -1 -1 -1 
48 7 299 192 24 16 -1 -1 -1 -1 
49 2 458 271 13 27 -1 -1 -1 -1 
50 2 458 271 13 27 -1 -1 -1 -1 
50 7 292 192 24 19 -1 -1 -1 -1 
51 7 292 192 24 19 -1 -1 -1 -1 
52 7 292 192 24 19 -1 -1 -1 -1 
53 15 104 239 51 38 -1 -1 -1 -1 
54 15 98 239 54 40 -1 -1 -1 -1 
59 7 283 196 25 20 -1 -1 -1 -1 
59 15 77 249 54 36 -1 -1 -1 -1 
60 7 276 198 32 19 -1 -1 -1 -1 
60 15 75 250 53 40 -1 -1 -1 -1 
61 2 466 301 15 31 -1 -1 -1 -1 
61 7 277 200 27 18 -1 -1 -1 -1 
61 15 72 253 51 42 -1 -1 -1 -1 
62 2 466 301 15 31 -1 -1 -1 -1 
62 7 276 200 27 18 -1 -1 -1 -1 
63 7 273 200 31 20 -1 -1 -1 -1 
63 15 55 257 58 43 -1 -1 -1 -1 
64 7 272 200 31 21 -1 -1 -1 -1 
64 15 50 259 57 45 -1 -1 -1 -1 
65 7 270 201 31 21 -1 -1 -1 -1 
65 15 42 261 61 46 -1 -1 -1 -1 
66 7 270 201 31 21 -1 -1 -1 -1 
66 15 42 261 61 46 -1 -1 -1 -1 
67 2 472 317 16 32 -1 -1 -1 -1 
67 7 270 202 30 21 -1 -1 -1 -1 
67 15 35 262 62 48 -1 -1 -1 -1 
68 2 472 317 16 32 -1 -1 -1 -1 
68 7 268 203 31 21 -1 -1 -1 -1 
69 7 267 203 27 20 -1 -1 -1 -1 
69 15 24 268 61 50 -1 -1 -1 -1 
70 2 476 332 18 30 -1 -1 -1 -1 
70 7 264 199 43 25 -1 -1 -1 -1 
70 15 17 271 62 48 -1 -1 -1 -1 
71 2 478 353 15 29 -1 -1 -1 -1 
71 7 261 204 29 22 -1 -1 -1 -1 
71 15 11 274 62 50 -1 -1 -1 -1 
72 2 478 358 17 30 -1 -1 -1 -1 
72 7 257 204 32 22 -1 -1 -1 -1 
72 15 2 276 65 52 -1 -1 -1 -1 
72 18 477 341 20 29 -1 -1 -1 -1 
73 2 478 358 17 30 -1 -1 -1 -1 
73 7 255 205 33 23 -1 -1 -1 -1 
74 7 255 205 33 23 -1 -1 -1 -1 
74 15 0 278 61 53 -1 -1 -1 -1 
75 7 254 206 32 21 -1 -1 -1 -1 
75 15 0 282 53 54 -1 -1 -1 -1 
76 7 253 209 31 21 -1 -1 -1 -1 
76 15 0 284 47 56 -1 -1 -1 -1 
76 18 483 359 20 31 -1 -1 -1 -1 
77 7 251 211 31 20 -1 -1 -1 -1 
77 15 0 288 40 51 -1 -1 -1 -1 
77 18 484 364 21 37 -1 -1 -1 -1 
78 7 248 213 31 20 -1 -1 -1 -1 
78 15 0 288 40 51 -1 -1 -1 -1 
78 18 484 364 21 37 -1 -1 -1 -1 
79 7 248 213 31 20 -1 -1 -1 -1 
79 21 486 377 23 40 -1 -1 -1 -1 
80 7 246 213 30 20 -1 -1 -1 -1 
80 18 488 386 22 34 -1 -1 -1 -1 
80 21 486 377 23 40 -1 -1 -1 -1 
81 7 244 213 30 19 -1 -1 -1 -1 
81 18 490 394 23 36 -1 -1 -1 -1 
82 7 241 213 32 20 -1 -1 -1 -1 
82 18 493 402 24 42 -1 -1 -1 -1 
82 25 305 180 15 13 -1 -1 -1 -1 
83 7 239 213 32 21 -1 -1 -1 -1 
83 18 494 409 25 43 -1 -1 -1 -1 
83 25 305 180 15 13 -1 -1 -1 -1 
84 7 232 214 37 22 -1 -1 -1 -1 
84 18 494 419 28 45 -1 -1 -1 -1 
85 7 232 214 37 22 -1 -1 -1 -1 
88 18 500 448 29 31 -1 -1 -1 -1 
89 7 221 223 36 20 -1 -1 -1 -1 
89 18 504 459 28 20 -1 -1 -1 -1 
90 7 221 223 36 20 -1 -1 -1 -1 
90 18 504 459 28 20 -1 -1 -1 -1 
91 7 218 224 37 21 -1 -1 -1 -1 
93 7 212 225 37 23 -1 -1 -1 -1 
93 25 292 186 18 13 -1 -1 -1 -1 
94 7 212 225 37 23 -1 -1 -1 -1 
94 25 291 185 18 15 -1 -1 -1 -1 
95 25 288 186 21 14 -1 -1 -1 -1 
96 25 287 186 21 15 -1 -1 -1 -1 
97 25 286 186 20 16 -1 -1 -1 -1 
98 25 286 186 20 16 -1 -1 -1 -1 
99 25 285 187 17 16 -1 -1 -1 -1 
100 25 281 187 20 17 -1 -1 -1 -1 
101 25 280 189 19 15 -1 -1 -1 -1 
102 7 62 224 34 17 -1 -1 -1 -1 
102 25 278 189 20 16 -1 -1 -1 -1 
103 7 67 222 31 18 -1 -1 -1 -1 
103 25 278 189 20 16 -1 -1 -1 -1 
104 7 69 221 30 18 -1 -1 -1 -1 
104 30 594 258 45 24 -1 -1 -1 -1 
104 31 567 222 28 30 -1 -1 -1 -1 
105 7 71 219 31 20 -1 -1 -1 -1 
105 25 272 191 22 18 -1 -1 -1 -1 
105 30 594 258 45 24 -1 -1 -1 -1 
105 31 567 222 28 30 -1 -1 -1 -1 
106 7 71 219 31 20 -1 -1 -1 -1 
106 25 272 191 22 18 -1 -1 -1 -1 
107 30 594 258 45 24 -1 -1 -1 -1 
107 31 567 222 28 30 -1 -1 -1 -1 
108 30 594 258 45 24 -1 -1 -1 -1 
108 31 567 222 28 30 -1 -1 -1 -1 
109 25 265 193 23 18 -1 -1 -1 -1 
109 30 594 258 45 24 -1 -1 -1 -1 
109 31 567 222 28 30 -1 -1 -1 -1 
110 25 263 194 24 19 -1 -1 -1 -1 
110 30 594 258 45 24 -1 -1 -1 -1 
110 31 567 222 28 30 -1 -1 -1 -1 
111 25 261 195 24 19 -1 -1 -1 -1 
111 30 594 258 45 24 -1 -1 -1 -1 
111 31 567 222 28 30 -1 -1 -1 -1 
112 7 80 214 38 20 -1 -1 -1 -1 
112 25 259 196 23 19 -1 -1 -1 -1 
112 30 594 258 45 24 -1 -1 -1 -1 
112 31 567 222 28 30 -1 -1 -1 -1 
113 7 85 214 37 18 -1 -1 -1 -1 
113 25 255 196 25 20 -1 -1 -1 -1 
113 30 594 258 45 24 -1 -1 -1 -1 
113 31 567 222 28 30 -1 -1 -1 -1 
114 7 93 212 30 19 -1 -1 -1 -1 
114 25 251 197 27 21 -1 -1 -1 -1 
114 30 594 258 45 24 -1 -1 -1 -1 
114 31 567 222 28 30 -1 -1 -1 -1 
115 7 95 212 31 18 -1 -1 -1 -1 
115 25 249 198 27 22 -1 -1 -1 -1 
115 30 594 258 45 24 -1 -1 -1 -1 
115 31 567 222 28 30 -1 -1 -1 -1 
116 7 99 210 29 18 -1 -1 -1 -1 
116 25 247 200 27 21 -1 -1 -1 -1 
116 30 594 258 45 24 -1 -1 -1 -1 
116 31 567 222 29 30 -1 -1 -1 -1 
117 7 99 210 29 18 -1 -1 -1 -1 
117 25 244 200 28 22 -1 -1 -1 -1 
117 30 594 258 45 24 -1 -1 -1 -1 
117 31 567 222 28 30 -1 -1 -1 -1 
118 25 241 201 27 23 -1 -1 -1 -1 
118 30 594 258 45 24 -1 -1 -1 -1 
118 31 567 222 29 30 -1 -1 -1 -1 
118 33 54 221 37 17 -1 -1 -1 -1 
119 25 241 201 27 23 -1 -1 -1 -1 
119 30 594 258 45 24 -1 -1 -1 -1 
119 31 567 222 29 30 -1 -1 -1 -1 
119 33 54 221 37 17 -1 -1 -1 -1 
120 25 239 202 28 23 -1 -1 -1 -1 
120 30 594 258 45 24 -1 -1 -1 -1 
120 31 567 222 29 30 -1 -1 -1 -1 
121 7 63 220 34 20 -1 -1 -1 -1 
121 25 236 204 28 23 -1 -1 -1 -1 
121 30 594 258 45 24 -1 -1 -1 -1 
121 31 567 222 28 30 -1 -1 -1 -1 
122 7 63 220 34 20 -1 -1 -1 -1 
122 25 231 205 31 23 -1 -1 -1 -1 
122 30 594 258 45 24 -1 -1 -1 -1 
123 25 227 206 32 25 -1 -1 -1 -1 
123 30 594 258 45 24 -1 -1 -1 -1 
123 31 567 222 28 30 -1 -1 -1 -1 
124 25 224 208 33 25 -1 -1 -1 -1 
124 30 594 258 45 24 -1 -1 -1 -1 
124 31 567 222 28 30 -1 -1 -1 -1 
125 25 220 210 33 25 -1 -1 -1 -1 
125 30 594 258 45 24 -1 -1 -1 -1 
125 31 567 222 28 30 -1 -1 -1 -1 
126 25 217 211 33 25 -1 -1 -1 -1 
126 30 594 258 45 24 -1 -1 -1 -1 
126 31 567 222 28 30 -1 -1 -1 -1 
127 25 214 212 33 26 -1 -1 -1 -1 
127 30 594 258 45 24 -1 -1 -1 -1 
127 31 567 222 28 30 -1 -1 -1 -1 
128 25 207 213 37 27 -1 -1 -1 -1 
128 30 594 258 45 24 -1 -1 -1 -1 
128 31 567 222 28 30 -1 -1 -1 -1 
129 25 205 215 35 28 -1 -1 -1 -1 
129 30 594 258 45 24 -1 -1 -1 -1 
129 31 567 222 28 30 -1 -1 -1 -1 
130 25 201 216 37 30 -1 -1 -1 -1 
130 30 594 258 45 24 -1 -1 -1 -1 
130 31 567 222 28 30 -1 -1 -1 -1 
131 25 194 219 40 28 -1 -1 -1 -1 
131 30 594 258 45 24 -1 -1 -1 -1 
131 31 567 222 28 30 -1 -1 -1 -1 
132 25 194 219 40 28 -1 -1 -1 -1 
132 30 594 258 45 24 -1 -1 -1 -1 
132 31 567 222 28 30 -1 -1 -1 -1 
133 25 190 221 39 29 -1 -1 -1 -1 
133 30 594 258 45 24 -1 -1 -1 -1 
133 31 567 222 29 30 -1 -1 -1 -1 
134 25 186 222 39 31 -1 -1 -1 -1 
134 30 594 258 45 24 -1 -1 -1 -1 
134 31 567 222 29 30 -1 -1 -1 -1 
135 25 179 224 42 31 -1 -1 -1 -1 
135 30 594 258 45 24 -1 -1 -1 -1 
135 31 567 222 29 30 -1 -1 -1 -1 
136 25 175 226 43 33 -1 -1 -1 -1 
136 30 594 258 45 24 -1 -1 -1 -1 
136 31 567 222 28 30 -1 -1 -1 -1 
137 25 169 229 44 32 -1 -1 -1 -1 
137 30 594 258 45 24 -1 -1 -1 -1 
137 31 567 222 28 30 -1 -1 -1 -1 
138 25 163 230 46 34 -1 -1 -1 -1 
138 30 594 258 45 24 -1 -1 -1 -1 
138 31 567 222 29 30 -1 -1 -1 -1 
139 25 157 233 47 35 -1 -1 -1 -1 
139 30 594 258 45 24 -1 -1 -1 -1 
139 31 567 222 29 30 -1 -1 -1 -1 
140 25 152 235 48 36 -1 -1 -1 -1 
140 30 594 258 45 24 -1 -1 -1 -1 
140 31 567 222 29 30 -1 -1 -1 -1 
141 25 146 238 48 36 -1 -1 -1 -1 
141 30 594 258 45 24 -1 -1 -1 -1 
141 31 567 222 29 30 -1 -1 -1 -1 
142 25 139 240 49 37 -1 -1 -1 -1 
142 30 594 258 45 24 -1 -1 -1 -1 
142 31 567 222 28 30 -1 -1 -1 -1 
143 25 131 242 51 40 -1 -1 -1 -1 
143 30 594 258 45 24 -1 -1 -1 -1 
143 31 567 222 28 30 -1 -1 -1 -1 
144 25 131 242 51 40 -1 -1 -1 -1 
144 30 594 258 45 24 -1 -1 -1 -1 
144 31 567 222 28 30 -1 -1 -1 -1 
145 7 85 212 37 20 -1 -1 -1 -1 
145 25 123 246 54 40 -1 -1 -1 -1 
145 30 594 258 45 24 -1 -1 -1 -1 
145 31 567 222 28 30 -1 -1 -1 -1 
146 7 85 212 37 20 -1 -1 -1 -1 
146 25 116 249 56 40 -1 -1 -1 -1 
146 30 594 258 45 24 -1 -1 -1 -1 
147 25 107 251 56 42 -1 -1 -1 -1 
147 30 594 258 45 24 -1 -1 -1 -1 
147 31 567 222 28 30 -1 -1 -1 -1 
148 25 99 254 58 44 -1 -1 -1 -1 
148 30 594 258 45 24 -1 -1 -1 -1 
148 31 567 222 28 30 -1 -1 -1 -1 
149 25 91 257 60 45 -1 -1 -1 -1 
149 30 594 258 45 25 -1 -1 -1 -1 
149 31 567 222 28 30 -1 -1 -1 -1 
150 25 82 261 60 45 -1 -1 -1 -1 
150 30 594 258 45 25 -1 -1 -1 -1 
150 31 567 222 29 30 -1 -1 -1 -1 
151 25 73 264 62 48 -1 -1 -1 -1 
151 30 594 258 45 25 -1 -1 -1 -1 
151 31 567 222 29 30 -1 -1 -1 -1 
152 25 63 268 64 48 -1 -1 -1 -1 
152 30 594 258 45 25 -1 -1 -1 -1 
152 31 567 222 29 30 -1 -1 -1 -1 
153 25 53 273 66 47 -1 -1 -1 -1 
153 30 594 258 45 25 -1 -1 -1 -1 
153 31 567 222 28 30 -1 -1 -1 -1 
154 25 53 273 66 47 -1 -1 -1 -1 
154 30 594 258 45 25 -1 -1 -1 -1 
154 31 567 222 28 30 -1 -1 -1 -1 
155 25 42 276 68 52 -1 -1 -1 -1 
155 30 594 258 45 25 -1 -1 -1 -1 
155 31 567 222 29 30 -1 -1 -1 -1 
156 25 31 280 71 53 -1 -1 -1 -1 
156 30 594 258 45 25 -1 -1 -1 -1 
156 31 567 222 28 30 -1 -1 -1 -1 
157 25 20 285 72 53 -1 -1 -1 -1 
157 30 594 258 45 25 -1 -1 -1 -1 
157 31 567 222 29 30 -1 -1 -1 -1 
158 25 8 290 74 54 -1 -1 -1 -1 
158 30 594 258 45 25 -1 -1 -1 -1 
158 31 567 222 28 30 -1 -1 -1 -1 
159 25 0 294 72 57 -1 -1 -1 -1 
159 30 594 258 45 25 -1 -1 -1 -1 
159 31 567 222 28 30 -1 -1 -1 -1 
160 25 0 299 62 54 -1 -1 -1 -1 
160 30 594 258 45 25 -1 -1 -1 -1 
160 31 567 222 28 30 -1 -1 -1 -1 
161 25 0 304 50 49 -1 -1 -1 -1 
161 30 594 258 45 25 -1 -1 -1 -1 
161 31 567 222 28 30 -1 -1 -1 -1 
162 25 0 304 50 49 -1 -1 -1 -1 
162 30 594 258 45 25 -1 -1 -1 -1 
162 31 567 222 28 30 -1 -1 -1 -1 
163 25 0 311 39 42 -1 -1 -1 -1 
163 30 594 258 45 25 -1 -1 -1 -1 
163 31 567 222 28 30 -1 -1 -1 -1 
164 25 0 311 39 42 -1 -1 -1 -1 
164 30 594 258 45 25 -1 -1 -1 -1 
165 30 594 258 45 24 -1 -1 -1 -1 
165 31 567 222 28 30 -1 -1 -1 -1 
