25 2 1429 765 81 63 -1 -1 -1 -1 
26 2 1395 782 88 85 -1 -1 -1 -1 
27 2 1349 805 109 95 -1 -1 -1 -1 
27 4 1722 846 85 85 -1 -1 -1 -1 
28 2 1349 805 109 95 -1 -1 -1 -1 
28 4 1729 857 82 85 -1 -1 -1 -1 
29 4 1729 866 78 90 -1 -1 -1 -1 
29 5 1282 707 61 57 -1 -1 -1 -1 
30 4 1729 866 78 90 -1 -1 -1 -1 
30 5 1258 723 67 53 -1 -1 -1 -1 
31 5 1258 723 67 53 -1 -1 -1 -1 
34 5 1173 751 87 68 -1 -1 -1 -1 
36 5 1108 772 91 79 -1 -1 -1 -1 
38 5 1026 805 117 87 -1 -1 -1 -1 
39 5 969 827 119 86 -1 -1 -1 -1 
40 5 920 842 131 99 -1 -1 -1 -1 
41 5 845 864 150 113 -1 -1 -1 -1 
42 5 845 864 150 113 -1 -1 -1 -1 
43 11 1756 1121 152 212 -1 -1 -1 -1 
44 11 1761 1161 164 234 -1 -1 -1 -1 
45 11 1766 1219 191 266 -1 -1 -1 -1 
46 11 1775 1269 210 306 -1 -1 -1 -1 
47 11 1781 1319 198 313 -1 -1 -1 -1 
48 11 1792 1399 224 370 -1 -1 -1 -1 
49 11 1810 1530 268 386 -1 -1 -1 -1 
59 11 1810 1530 268 386 -1 -1 -1 -1 
68 16 1367 720 108 146 -1 -1 -1 -1 
70 16 1367 720 108 146 -1 -1 -1 -1 
85 25 1451 765 71 65 -1 -1 -1 -1 
86 25 1419 783 84 84 -1 -1 -1 -1 
87 25 1375 805 113 97 -1 -1 -1 -1 
88 25 1319 834 135 120 -1 -1 -1 -1 
89 25 1319 834 135 120 -1 -1 -1 -1 
167 54 1700 773 62 49 -1 -1 -1 -1 
169 54 1705 789 66 56 -1 -1 -1 -1 
170 54 1705 789 66 56 -1 -1 -1 -1 
171 54 1712 810 75 51 -1 -1 -1 -1 
172 54 1712 816 77 53 -1 -1 -1 -1 
173 54 1720 827 71 57 -1 -1 -1 -1 
174 54 1723 840 74 55 -1 -1 -1 -1 
175 54 1722 850 82 68 -1 -1 -1 -1 
176 54 1724 858 87 75 -1 -1 -1 -1 
177 54 1723 878 91 75 -1 -1 -1 -1 
178 54 1726 887 96 88 -1 -1 -1 -1 
179 54 1726 887 96 88 -1 -1 -1 -1 
181 54 1734 941 111 108 -1 -1 -1 -1 
181 56 1446 746 72 56 -1 -1 -1 -1 
182 54 1745 963 111 109 -1 -1 -1 -1 
182 56 1427 752 76 68 -1 -1 -1 -1 
183 54 1745 963 111 109 -1 -1 -1 -1 
183 56 1396 764 84 78 -1 -1 -1 -1 
184 54 1750 1011 120 127 -1 -1 -1 -1 
184 56 1364 783 101 82 -1 -1 -1 -1 
185 54 1756 1040 148 154 -1 -1 -1 -1 
185 56 1364 783 101 82 -1 -1 -1 -1 
186 54 1758 1071 141 169 -1 -1 -1 -1 
187 54 1765 1111 151 190 -1 -1 -1 -1 
188 54 1772 1153 161 209 -1 -1 -1 -1 
189 54 1780 1227 183 235 -1 -1 -1 -1 
190 54 1780 1227 183 235 -1 -1 -1 -1 
191 66 1448 758 76 66 -1 -1 -1 -1 
192 66 1419 774 88 80 -1 -1 -1 -1 
193 66 1352 805 118 95 -1 -1 -1 -1 
194 66 1352 805 118 95 -1 -1 -1 -1 
230 96 1475 732 66 57 -1 -1 -1 -1 
231 96 1449 746 72 64 -1 -1 -1 -1 
232 96 1422 760 87 74 -1 -1 -1 -1 
233 96 1368 784 105 91 -1 -1 -1 -1 
234 96 1314 811 122 106 -1 -1 -1 -1 
235 96 1314 811 122 106 -1 -1 -1 -1 
251 101 1699 791 66 77 -1 -1 -1 -1 
252 101 1704 797 61 83 -1 -1 -1 -1 
253 101 1704 797 61 83 -1 -1 -1 -1 
268 104 1753 1045 148 201 -1 -1 -1 -1 
270 104 1774 1108 172 237 -1 -1 -1 -1 
275 104 1774 1108 172 237 -1 -1 -1 -1 
298 106 1716 803 81 63 -1 -1 -1 -1 
299 106 1717 808 75 67 -1 -1 -1 -1 
300 106 1710 817 77 62 -1 -1 -1 -1 
301 106 1716 829 71 60 -1 -1 -1 -1 
302 106 1717 837 76 57 -1 -1 -1 -1 
303 106 1717 846 80 61 -1 -1 -1 -1 
304 106 1722 848 82 73 -1 -1 -1 -1 
305 106 1722 861 81 69 -1 -1 -1 -1 
306 106 1720 871 82 72 -1 -1 -1 -1 
307 106 1721 870 83 89 -1 -1 -1 -1 
308 106 1720 886 89 84 -1 -1 -1 -1 
310 106 1725 915 102 97 -1 -1 -1 -1 
311 106 1726 937 110 91 -1 -1 -1 -1 
312 106 1733 943 103 107 -1 -1 -1 -1 
313 106 1730 975 119 112 -1 -1 -1 -1 
314 106 1734 1006 126 115 -1 -1 -1 -1 
315 106 1740 1020 132 144 -1 -1 -1 -1 
317 106 1757 1074 131 178 -1 -1 -1 -1 
318 106 1754 1111 152 201 -1 -1 -1 -1 
319 106 1762 1155 161 210 -1 -1 -1 -1 
320 106 1776 1227 208 247 -1 -1 -1 -1 
321 106 1783 1272 202 281 -1 -1 -1 -1 
322 106 1791 1352 214 307 -1 -1 -1 -1 
323 106 1808 1447 233 364 -1 -1 -1 -1 
324 106 1817 1557 278 359 -1 -1 -1 -1 
334 106 1817 1557 278 359 -1 -1 -1 -1 
