4 2 488 168 24 23 -1 -1 -1 -1 
5 2 490 167 24 21 -1 -1 -1 -1 
6 2 490 167 24 21 -1 -1 -1 -1 
7 2 493 166 22 20 -1 -1 -1 -1 
8 2 494 166 22 19 -1 -1 -1 -1 
9 2 494 166 22 19 -1 -1 -1 -1 
10 2 496 163 21 20 -1 -1 -1 -1 
11 2 496 163 21 20 -1 -1 -1 -1 
12 2 498 161 20 20 -1 -1 -1 -1 
13 2 499 161 20 20 -1 -1 -1 -1 
14 2 499 161 21 19 -1 -1 -1 -1 
15 2 499 161 21 19 -1 -1 -1 -1 
16 2 500 161 21 17 -1 -1 -1 -1 
17 2 500 161 21 17 -1 -1 -1 -1 
18 2 501 159 20 17 -1 -1 -1 -1 
19 2 503 156 20 19 -1 -1 -1 -1 
20 2 503 156 20 19 -1 -1 -1 -1 
21 2 505 156 18 18 -1 -1 -1 -1 
22 2 505 156 18 18 -1 -1 -1 -1 
23 2 506 156 18 18 -1 -1 -1 -1 
23 4 593 161 14 17 -1 -1 -1 -1 
24 2 507 155 17 17 -1 -1 -1 -1 
25 2 507 155 17 17 -1 -1 -1 -1 
26 2 508 155 16 16 -1 -1 -1 -1 
26 4 594 166 15 14 -1 -1 -1 -1 
27 2 508 155 16 16 -1 -1 -1 -1 
27 4 594 166 15 14 -1 -1 -1 -1 
28 2 508 155 16 15 -1 -1 -1 -1 
28 4 595 168 14 13 -1 -1 -1 -1 
29 2 509 154 16 15 -1 -1 -1 -1 
29 4 596 167 14 15 -1 -1 -1 -1 
30 2 509 154 16 15 -1 -1 -1 -1 
30 4 596 167 14 15 -1 -1 -1 -1 
31 2 510 152 16 17 -1 -1 -1 -1 
31 4 596 168 15 16 -1 -1 -1 -1 
32 2 510 152 16 17 -1 -1 -1 -1 
32 4 596 168 15 16 -1 -1 -1 -1 
33 2 510 151 16 17 -1 -1 -1 -1 
33 4 596 169 15 16 -1 -1 -1 -1 
34 2 511 152 16 15 -1 -1 -1 -1 
34 4 597 169 15 17 -1 -1 -1 -1 
35 2 511 152 16 15 -1 -1 -1 -1 
35 4 597 169 15 17 -1 -1 -1 -1 
36 2 512 151 15 15 -1 -1 -1 -1 
36 4 597 170 16 19 -1 -1 -1 -1 
37 2 512 151 15 15 -1 -1 -1 -1 
37 4 597 170 16 19 -1 -1 -1 -1 
38 2 512 150 16 16 -1 -1 -1 -1 
38 4 598 170 17 20 -1 -1 -1 -1 
39 2 513 150 15 14 -1 -1 -1 -1 
39 4 599 172 17 20 -1 -1 -1 -1 
40 2 513 150 15 14 -1 -1 -1 -1 
40 4 600 174 16 20 -1 -1 -1 -1 
41 4 601 175 18 21 -1 -1 -1 -1 
42 4 601 175 18 21 -1 -1 -1 -1 
42 6 0 322 105 114 -1 -1 -1 -1 
42 7 27 389 275 88 -1 -1 -1 -1 
43 4 602 176 18 21 -1 -1 -1 -1 
43 6 0 310 131 130 -1 -1 -1 -1 
43 7 75 365 250 112 -1 -1 -1 -1 
44 4 602 176 18 21 -1 -1 -1 -1 
44 6 0 310 131 130 -1 -1 -1 -1 
44 7 75 365 250 112 -1 -1 -1 -1 
45 4 604 178 18 22 -1 -1 -1 -1 
45 6 0 301 155 123 -1 -1 -1 -1 
45 7 138 342 213 136 -1 -1 -1 -1 
46 4 605 178 18 24 -1 -1 -1 -1 
46 6 1 291 177 117 -1 -1 -1 -1 
46 7 185 321 191 149 -1 -1 -1 -1 
47 4 605 178 18 24 -1 -1 -1 -1 
47 6 1 291 177 117 -1 -1 -1 -1 
47 7 185 321 191 149 -1 -1 -1 -1 
48 4 606 180 18 23 -1 -1 -1 -1 
48 6 32 281 167 111 -1 -1 -1 -1 
48 7 226 303 169 132 -1 -1 -1 -1 
49 4 606 180 18 23 -1 -1 -1 -1 
49 6 32 281 167 111 -1 -1 -1 -1 
49 7 226 303 169 132 -1 -1 -1 -1 
50 4 606 182 20 24 -1 -1 -1 -1 
50 6 59 273 159 103 -1 -1 -1 -1 
50 7 258 286 151 118 -1 -1 -1 -1 
51 4 606 184 23 23 -1 -1 -1 -1 
51 6 84 266 151 96 -1 -1 -1 -1 
51 7 287 273 135 106 -1 -1 -1 -1 
52 4 606 184 23 23 -1 -1 -1 -1 
52 6 84 266 151 96 -1 -1 -1 -1 
52 7 287 273 135 106 -1 -1 -1 -1 
53 4 607 186 23 25 -1 -1 -1 -1 
53 6 108 258 145 94 -1 -1 -1 -1 
53 7 310 260 122 97 -1 -1 -1 -1 
54 4 607 186 23 25 -1 -1 -1 -1 
54 6 108 258 145 94 -1 -1 -1 -1 
54 7 310 260 122 97 -1 -1 -1 -1 
55 4 608 189 26 26 -1 -1 -1 -1 
55 6 132 251 137 89 -1 -1 -1 -1 
55 7 329 251 114 88 -1 -1 -1 -1 
56 4 609 190 25 29 -1 -1 -1 -1 
56 6 150 246 134 83 -1 -1 -1 -1 
56 7 351 242 99 82 -1 -1 -1 -1 
57 4 609 190 25 29 -1 -1 -1 -1 
57 6 150 246 134 83 -1 -1 -1 -1 
57 7 351 242 99 82 -1 -1 -1 -1 
58 4 611 190 26 32 -1 -1 -1 -1 
58 6 174 239 120 79 -1 -1 -1 -1 
58 7 368 232 89 78 -1 -1 -1 -1 
59 4 611 190 26 32 -1 -1 -1 -1 
59 6 190 233 114 76 -1 -1 -1 -1 
59 7 381 226 83 70 -1 -1 -1 -1 
60 6 209 228 106 73 -1 -1 -1 -1 
60 7 393 220 77 66 -1 -1 -1 -1 
60 8 8 290 256 187 -1 -1 -1 -1 
61 6 219 222 106 70 -1 -1 -1 -1 
61 7 403 214 71 61 -1 -1 -1 -1 
61 8 4 274 293 197 -1 -1 -1 -1 
62 6 238 218 98 60 -1 -1 -1 -1 
62 7 412 210 67 59 -1 -1 -1 -1 
62 8 27 258 298 171 -1 -1 -1 -1 
63 6 238 218 98 60 -1 -1 -1 -1 
63 7 412 210 67 59 -1 -1 -1 -1 
63 8 27 258 298 171 -1 -1 -1 -1 
64 6 257 213 85 50 -1 -1 -1 -1 
64 7 421 207 62 54 -1 -1 -1 -1 
65 6 257 213 85 50 -1 -1 -1 -1 
66 7 428 203 59 50 -1 -1 -1 -1 
67 7 433 198 58 50 -1 -1 -1 -1 
68 7 433 198 58 50 -1 -1 -1 -1 
69 7 439 195 54 47 -1 -1 -1 -1 
70 7 447 194 49 42 -1 -1 -1 -1 
71 7 447 194 49 42 -1 -1 -1 -1 
72 7 452 191 47 41 -1 -1 -1 -1 
73 7 452 191 47 41 -1 -1 -1 -1 
74 7 458 187 43 42 -1 -1 -1 -1 
75 7 461 184 43 40 -1 -1 -1 -1 
76 7 461 184 43 40 -1 -1 -1 -1 
76 14 262 192 183 149 -1 -1 -1 -1 
77 7 464 184 42 36 -1 -1 -1 -1 
77 14 288 188 165 134 -1 -1 -1 -1 
78 7 464 184 42 36 -1 -1 -1 -1 
78 14 288 188 165 134 -1 -1 -1 -1 
79 7 468 181 38 36 -1 -1 -1 -1 
79 14 315 189 144 116 -1 -1 -1 -1 
80 7 472 179 36 34 -1 -1 -1 -1 
80 14 330 183 133 113 -1 -1 -1 -1 
81 7 472 179 36 34 -1 -1 -1 -1 
81 14 330 183 133 113 -1 -1 -1 -1 
81 15 346 187 53 44 -1 -1 -1 -1 
82 7 474 176 34 36 -1 -1 -1 -1 
82 14 330 183 133 113 -1 -1 -1 -1 
83 7 474 176 34 36 -1 -1 -1 -1 
83 15 352 186 54 42 -1 -1 -1 -1 
84 7 478 175 32 33 -1 -1 -1 -1 
84 15 359 184 54 40 -1 -1 -1 -1 
85 7 481 174 32 31 -1 -1 -1 -1 
85 15 365 183 56 38 -1 -1 -1 -1 
86 7 481 174 32 31 -1 -1 -1 -1 
86 15 365 183 56 38 -1 -1 -1 -1 
86 16 375 176 105 91 -1 -1 -1 -1 
87 7 483 174 32 28 -1 -1 -1 -1 
87 15 370 183 52 37 -1 -1 -1 -1 
87 16 390 172 92 86 -1 -1 -1 -1 
88 7 486 171 31 28 -1 -1 -1 -1 
88 15 376 181 50 36 -1 -1 -1 -1 
88 16 398 172 87 79 -1 -1 -1 -1 
89 7 486 171 31 28 -1 -1 -1 -1 
89 15 376 181 50 36 -1 -1 -1 -1 
89 16 398 172 87 79 -1 -1 -1 -1 
90 7 488 170 30 27 -1 -1 -1 -1 
90 15 380 178 49 37 -1 -1 -1 -1 
90 16 408 167 81 79 -1 -1 -1 -1 
91 7 488 170 30 27 -1 -1 -1 -1 
91 15 380 178 49 37 -1 -1 -1 -1 
91 16 408 167 81 79 -1 -1 -1 -1 
92 7 491 169 27 26 -1 -1 -1 -1 
92 15 386 177 46 35 -1 -1 -1 -1 
92 16 413 169 79 72 -1 -1 -1 -1 
93 7 493 167 27 25 -1 -1 -1 -1 
93 15 389 176 46 34 -1 -1 -1 -1 
93 16 422 162 73 74 -1 -1 -1 -1 
94 7 493 167 27 25 -1 -1 -1 -1 
94 15 389 176 46 34 -1 -1 -1 -1 
94 16 422 162 73 74 -1 -1 -1 -1 
95 7 496 167 25 25 -1 -1 -1 -1 
95 15 393 175 45 32 -1 -1 -1 -1 
95 16 429 164 67 65 -1 -1 -1 -1 
96 7 496 167 25 25 -1 -1 -1 -1 
96 15 393 175 45 32 -1 -1 -1 -1 
96 16 429 164 67 65 -1 -1 -1 -1 
97 7 499 166 22 24 -1 -1 -1 -1 
97 15 398 173 44 33 -1 -1 -1 -1 
97 16 433 163 67 64 -1 -1 -1 -1 
98 7 499 166 22 24 -1 -1 -1 -1 
98 15 402 173 42 31 -1 -1 -1 -1 
99 15 402 173 42 31 -1 -1 -1 -1 
99 16 439 160 66 63 -1 -1 -1 -1 
100 7 501 163 22 22 -1 -1 -1 -1 
100 15 406 171 40 31 -1 -1 -1 -1 
100 16 441 161 64 60 -1 -1 -1 -1 
101 7 501 163 22 22 -1 -1 -1 -1 
101 15 406 171 40 31 -1 -1 -1 -1 
101 16 441 161 64 60 -1 -1 -1 -1 
102 7 503 162 21 23 -1 -1 -1 -1 
102 15 409 170 37 31 -1 -1 -1 -1 
102 16 449 160 55 54 -1 -1 -1 -1 
103 7 504 161 21 21 -1 -1 -1 -1 
103 15 412 169 38 30 -1 -1 -1 -1 
104 7 504 161 21 21 -1 -1 -1 -1 
104 15 412 169 38 30 -1 -1 -1 -1 
105 7 506 160 20 21 -1 -1 -1 -1 
105 15 415 167 38 30 -1 -1 -1 -1 
106 7 506 160 20 21 -1 -1 -1 -1 
106 15 415 167 38 30 -1 -1 -1 -1 
107 7 508 158 19 22 -1 -1 -1 -1 
107 15 418 167 36 29 -1 -1 -1 -1 
108 7 510 158 18 20 -1 -1 -1 -1 
108 15 421 166 35 28 -1 -1 -1 -1 
109 7 510 158 18 20 -1 -1 -1 -1 
109 15 421 166 35 28 -1 -1 -1 -1 
110 7 511 157 17 21 -1 -1 -1 -1 
110 15 423 166 36 27 -1 -1 -1 -1 
111 7 511 157 17 21 -1 -1 -1 -1 
111 15 423 166 36 27 -1 -1 -1 -1 
112 7 512 157 17 21 -1 -1 -1 -1 
112 15 427 165 35 26 -1 -1 -1 -1 
113 7 512 157 17 21 -1 -1 -1 -1 
114 15 429 164 33 26 -1 -1 -1 -1 
115 7 514 155 18 18 -1 -1 -1 -1 
115 15 432 162 31 27 -1 -1 -1 -1 
116 7 514 155 18 18 -1 -1 -1 -1 
116 15 432 162 31 27 -1 -1 -1 -1 
117 7 514 154 19 19 -1 -1 -1 -1 
117 15 433 162 33 26 -1 -1 -1 -1 
118 7 516 154 17 18 -1 -1 -1 -1 
118 15 437 162 29 25 -1 -1 -1 -1 
119 7 516 154 17 18 -1 -1 -1 -1 
119 15 437 162 29 25 -1 -1 -1 -1 
119 19 133 378 199 101 -1 -1 -1 -1 
120 7 516 153 18 18 -1 -1 -1 -1 
120 15 439 162 29 23 -1 -1 -1 -1 
120 19 186 351 172 127 -1 -1 -1 -1 
121 7 516 150 19 20 -1 -1 -1 -1 
121 15 441 160 29 24 -1 -1 -1 -1 
121 19 227 329 150 118 -1 -1 -1 -1 
122 7 516 150 19 20 -1 -1 -1 -1 
122 15 441 160 29 24 -1 -1 -1 -1 
122 19 227 329 150 118 -1 -1 -1 -1 
123 7 517 150 18 20 -1 -1 -1 -1 
123 15 443 160 28 24 -1 -1 -1 -1 
123 19 263 309 133 105 -1 -1 -1 -1 
124 7 517 148 19 20 -1 -1 -1 -1 
124 15 445 159 28 24 -1 -1 -1 -1 
124 19 294 294 119 92 -1 -1 -1 -1 
125 7 517 148 19 20 -1 -1 -1 -1 
125 15 445 159 28 24 -1 -1 -1 -1 
125 19 294 294 119 92 -1 -1 -1 -1 
126 7 519 149 18 18 -1 -1 -1 -1 
126 15 446 159 28 22 -1 -1 -1 -1 
126 19 320 277 104 87 -1 -1 -1 -1 
127 7 519 149 18 18 -1 -1 -1 -1 
127 15 446 159 28 22 -1 -1 -1 -1 
127 19 320 277 104 87 -1 -1 -1 -1 
128 7 520 149 17 17 -1 -1 -1 -1 
128 15 449 158 26 22 -1 -1 -1 -1 
128 19 339 263 97 80 -1 -1 -1 -1 
129 7 520 149 17 17 -1 -1 -1 -1 
129 15 450 157 27 22 -1 -1 -1 -1 
129 19 358 255 92 72 -1 -1 -1 -1 
130 15 450 157 27 22 -1 -1 -1 -1 
130 19 358 255 92 72 -1 -1 -1 -1 
131 15 453 157 26 22 -1 -1 -1 -1 
131 19 376 244 80 66 -1 -1 -1 -1 
131 20 0 354 97 113 -1 -1 -1 -1 
132 15 454 156 27 22 -1 -1 -1 -1 
132 19 388 237 74 61 -1 -1 -1 -1 
132 20 1 329 139 135 -1 -1 -1 -1 
133 15 455 156 28 21 -1 -1 -1 -1 
133 19 399 231 70 55 -1 -1 -1 -1 
133 20 0 311 177 126 -1 -1 -1 -1 
134 15 455 156 28 21 -1 -1 -1 -1 
134 19 399 231 70 55 -1 -1 -1 -1 
134 20 0 311 177 126 -1 -1 -1 -1 
134 21 66 399 234 78 -1 -1 -1 -1 
135 15 459 155 25 21 -1 -1 -1 -1 
135 19 412 223 63 53 -1 -1 -1 -1 
135 20 32 295 180 115 -1 -1 -1 -1 
135 21 119 372 211 106 -1 -1 -1 -1 
136 15 460 154 23 21 -1 -1 -1 -1 
136 19 420 215 60 53 -1 -1 -1 -1 
136 20 78 284 164 101 -1 -1 -1 -1 
136 21 173 347 185 130 -1 -1 -1 -1 
137 15 461 154 24 21 -1 -1 -1 -1 
137 19 427 209 57 51 -1 -1 -1 -1 
137 20 116 272 153 91 -1 -1 -1 -1 
137 21 218 325 160 132 -1 -1 -1 -1 
138 15 461 154 24 21 -1 -1 -1 -1 
138 19 427 209 57 51 -1 -1 -1 -1 
138 20 116 272 153 91 -1 -1 -1 -1 
138 21 218 325 160 132 -1 -1 -1 -1 
139 15 462 153 24 22 -1 -1 -1 -1 
139 19 433 208 55 45 -1 -1 -1 -1 
139 20 152 258 138 87 -1 -1 -1 -1 
139 21 255 307 144 114 -1 -1 -1 -1 
140 15 464 153 24 21 -1 -1 -1 -1 
140 19 439 205 52 41 -1 -1 -1 -1 
140 20 183 249 126 77 -1 -1 -1 -1 
140 21 287 291 128 102 -1 -1 -1 -1 
141 15 464 153 24 21 -1 -1 -1 -1 
141 19 439 205 52 41 -1 -1 -1 -1 
141 20 183 249 126 77 -1 -1 -1 -1 
141 21 287 291 128 102 -1 -1 -1 -1 
142 15 466 154 22 19 -1 -1 -1 -1 
142 19 445 203 50 38 -1 -1 -1 -1 
142 20 212 239 115 73 -1 -1 -1 -1 
142 21 313 274 112 95 -1 -1 -1 -1 
142 22 108 371 149 105 -1 -1 -1 -1 
143 15 467 154 22 18 -1 -1 -1 -1 
143 19 454 198 44 37 -1 -1 -1 -1 
143 20 238 230 103 69 -1 -1 -1 -1 
143 21 333 261 104 86 -1 -1 -1 -1 
143 22 159 341 135 120 -1 -1 -1 -1 
144 15 467 154 22 18 -1 -1 -1 -1 
144 19 454 198 44 37 -1 -1 -1 -1 
144 20 238 230 103 69 -1 -1 -1 -1 
144 21 333 261 104 86 -1 -1 -1 -1 
144 22 159 341 135 120 -1 -1 -1 -1 
145 15 468 154 22 18 -1 -1 -1 -1 
145 19 460 195 40 36 -1 -1 -1 -1 
145 20 260 222 96 65 -1 -1 -1 -1 
145 21 352 251 94 79 -1 -1 -1 -1 
145 22 114 318 208 158 -1 -1 -1 -1 
146 15 469 153 22 18 -1 -1 -1 -1 
146 19 464 192 39 33 -1 -1 -1 -1 
146 20 279 214 87 62 -1 -1 -1 -1 
146 21 370 243 84 71 -1 -1 -1 -1 
146 22 162 298 184 151 -1 -1 -1 -1 
147 15 469 153 22 18 -1 -1 -1 -1 
147 19 464 192 39 33 -1 -1 -1 -1 
147 20 279 214 87 62 -1 -1 -1 -1 
147 21 370 243 84 71 -1 -1 -1 -1 
147 22 162 298 184 151 -1 -1 -1 -1 
148 15 471 153 21 17 -1 -1 -1 -1 
148 19 468 189 38 32 -1 -1 -1 -1 
148 20 297 211 80 57 -1 -1 -1 -1 
148 21 385 233 77 67 -1 -1 -1 -1 
148 22 206 285 163 131 -1 -1 -1 -1 
149 15 471 153 21 17 -1 -1 -1 -1 
149 19 468 189 38 32 -1 -1 -1 -1 
149 20 297 211 80 57 -1 -1 -1 -1 
149 21 385 233 77 67 -1 -1 -1 -1 
149 22 206 285 163 131 -1 -1 -1 -1 
150 15 473 152 20 17 -1 -1 -1 -1 
150 19 471 185 35 33 -1 -1 -1 -1 
150 20 312 205 76 55 -1 -1 -1 -1 
150 21 398 226 72 62 -1 -1 -1 -1 
150 22 240 272 145 116 -1 -1 -1 -1 
151 15 474 152 20 16 -1 -1 -1 -1 
151 19 474 184 34 29 -1 -1 -1 -1 
151 20 324 199 74 52 -1 -1 -1 -1 
151 21 408 222 69 57 -1 -1 -1 -1 
151 22 270 259 129 106 -1 -1 -1 -1 
152 15 475 152 21 16 -1 -1 -1 -1 
152 19 477 182 33 28 -1 -1 -1 -1 
152 20 338 196 66 50 -1 -1 -1 -1 
152 21 417 216 62 54 -1 -1 -1 -1 
152 22 297 247 117 97 -1 -1 -1 -1 
153 15 475 152 21 16 -1 -1 -1 -1 
153 19 477 182 33 28 -1 -1 -1 -1 
153 20 338 196 66 50 -1 -1 -1 -1 
153 21 417 216 62 54 -1 -1 -1 -1 
153 22 297 247 117 97 -1 -1 -1 -1 
154 15 476 152 20 16 -1 -1 -1 -1 
154 19 479 180 33 28 -1 -1 -1 -1 
154 20 348 194 63 46 -1 -1 -1 -1 
154 21 424 211 60 52 -1 -1 -1 -1 
154 22 319 237 104 93 -1 -1 -1 -1 
155 15 479 151 19 15 -1 -1 -1 -1 
155 19 482 178 33 27 -1 -1 -1 -1 
155 20 360 191 58 42 -1 -1 -1 -1 
155 21 433 207 54 46 -1 -1 -1 -1 
155 22 336 229 92 84 -1 -1 -1 -1 
156 7 512 146 20 15 -1 -1 -1 -1 
156 15 479 151 20 15 -1 -1 -1 -1 
156 19 484 176 32 27 -1 -1 -1 -1 
156 20 369 188 55 39 -1 -1 -1 -1 
156 21 440 202 51 45 -1 -1 -1 -1 
156 22 354 224 86 76 -1 -1 -1 -1 
157 7 512 146 20 15 -1 -1 -1 -1 
157 15 479 151 20 15 -1 -1 -1 -1 
157 19 491 172 28 24 -1 -1 -1 -1 
157 20 387 184 49 35 -1 -1 -1 -1 
157 21 451 197 46 40 -1 -1 -1 -1 
158 19 491 172 28 24 -1 -1 -1 -1 
158 20 387 184 49 35 -1 -1 -1 -1 
158 21 451 197 46 40 -1 -1 -1 -1 
158 22 381 213 72 64 -1 -1 -1 -1 
158 25 126 320 206 156 -1 -1 -1 -1 
159 15 483 149 17 16 -1 -1 -1 -1 
159 19 494 170 27 24 -1 -1 -1 -1 
159 20 393 182 50 33 -1 -1 -1 -1 
159 21 458 194 42 37 -1 -1 -1 -1 
159 22 392 208 66 62 -1 -1 -1 -1 
159 25 171 302 187 153 -1 -1 -1 -1 
160 15 483 149 19 15 -1 -1 -1 -1 
160 19 497 170 24 23 -1 -1 -1 -1 
160 20 403 179 42 29 -1 -1 -1 -1 
160 21 463 189 39 38 -1 -1 -1 -1 
160 22 402 203 62 59 -1 -1 -1 -1 
160 25 216 285 161 135 -1 -1 -1 -1 
161 15 485 149 18 15 -1 -1 -1 -1 
161 19 496 168 26 24 -1 -1 -1 -1 
161 20 408 177 41 30 -1 -1 -1 -1 
161 21 468 187 36 36 -1 -1 -1 -1 
161 22 411 200 57 54 -1 -1 -1 -1 
161 25 251 269 143 123 -1 -1 -1 -1 
162 15 485 148 19 15 -1 -1 -1 -1 
162 19 499 167 25 21 -1 -1 -1 -1 
162 20 412 175 40 31 -1 -1 -1 -1 
162 21 471 184 35 35 -1 -1 -1 -1 
162 22 418 199 54 49 -1 -1 -1 -1 
162 25 282 258 124 111 -1 -1 -1 -1 
163 15 485 148 19 15 -1 -1 -1 -1 
163 19 499 167 25 21 -1 -1 -1 -1 
163 20 412 175 40 31 -1 -1 -1 -1 
163 21 471 184 35 35 -1 -1 -1 -1 
163 22 418 199 54 49 -1 -1 -1 -1 
163 25 282 258 124 111 -1 -1 -1 -1 
164 15 486 148 18 14 -1 -1 -1 -1 
164 19 501 166 23 19 -1 -1 -1 -1 
164 20 419 173 36 29 -1 -1 -1 -1 
164 21 475 185 31 28 -1 -1 -1 -1 
164 22 425 194 52 48 -1 -1 -1 -1 
164 25 305 249 116 99 -1 -1 -1 -1 
165 15 488 149 17 12 -1 -1 -1 -1 
165 19 502 165 24 21 -1 -1 -1 -1 
165 20 423 173 35 28 -1 -1 -1 -1 
165 21 478 184 30 27 -1 -1 -1 -1 
165 22 433 193 48 44 -1 -1 -1 -1 
165 25 327 240 103 90 -1 -1 -1 -1 
166 15 488 149 17 12 -1 -1 -1 -1 
166 19 502 165 24 21 -1 -1 -1 -1 
166 20 423 173 35 28 -1 -1 -1 -1 
166 21 478 184 30 27 -1 -1 -1 -1 
166 22 433 193 48 44 -1 -1 -1 -1 
166 25 327 240 103 90 -1 -1 -1 -1 
167 15 489 148 16 13 -1 -1 -1 -1 
167 19 505 165 21 18 -1 -1 -1 -1 
167 20 429 171 32 26 -1 -1 -1 -1 
167 21 482 183 29 25 -1 -1 -1 -1 
167 22 438 188 46 42 -1 -1 -1 -1 
167 25 345 231 94 86 -1 -1 -1 -1 
168 15 490 149 15 12 -1 -1 -1 -1 
168 19 507 164 20 17 -1 -1 -1 -1 
168 20 432 169 33 27 -1 -1 -1 -1 
168 21 485 180 28 25 -1 -1 -1 -1 
168 22 445 186 43 42 -1 -1 -1 -1 
168 25 360 225 87 79 -1 -1 -1 -1 
169 15 490 149 15 12 -1 -1 -1 -1 
169 19 507 164 20 17 -1 -1 -1 -1 
169 20 432 169 33 27 -1 -1 -1 -1 
169 21 485 180 28 25 -1 -1 -1 -1 
169 22 445 186 43 42 -1 -1 -1 -1 
169 25 360 225 87 79 -1 -1 -1 -1 
170 15 491 149 15 11 -1 -1 -1 -1 
170 19 510 164 17 16 -1 -1 -1 -1 
170 20 436 168 30 25 -1 -1 -1 -1 
170 21 487 177 28 25 -1 -1 -1 -1 
170 22 449 183 42 40 -1 -1 -1 -1 
170 25 375 218 79 74 -1 -1 -1 -1 
171 15 491 149 15 11 -1 -1 -1 -1 
171 19 510 164 17 16 -1 -1 -1 -1 
171 20 436 168 30 25 -1 -1 -1 -1 
171 21 487 177 28 25 -1 -1 -1 -1 
171 22 449 183 42 40 -1 -1 -1 -1 
171 25 375 218 79 74 -1 -1 -1 -1 
172 15 492 148 14 11 -1 -1 -1 -1 
172 19 510 163 19 15 -1 -1 -1 -1 
172 20 440 167 29 24 -1 -1 -1 -1 
172 21 492 173 24 27 -1 -1 -1 -1 
172 22 455 183 38 37 -1 -1 -1 -1 
172 25 385 212 75 70 -1 -1 -1 -1 
173 15 492 148 14 11 -1 -1 -1 -1 
173 19 511 162 19 15 -1 -1 -1 -1 
173 20 443 167 29 23 -1 -1 -1 -1 
173 21 493 173 24 25 -1 -1 -1 -1 
173 22 457 180 40 37 -1 -1 -1 -1 
173 25 396 208 69 64 -1 -1 -1 -1 
174 19 511 162 19 15 -1 -1 -1 -1 
174 20 443 167 29 23 -1 -1 -1 -1 
174 21 493 173 24 25 -1 -1 -1 -1 
174 22 457 180 40 37 -1 -1 -1 -1 
174 25 396 208 69 64 -1 -1 -1 -1 
174 26 1 371 193 106 -1 -1 -1 -1 
175 19 513 161 17 15 -1 -1 -1 -1 
175 20 447 165 28 24 -1 -1 -1 -1 
175 21 495 172 24 24 -1 -1 -1 -1 
175 22 461 178 37 35 -1 -1 -1 -1 
175 25 406 204 63 62 -1 -1 -1 -1 
175 26 28 344 209 133 -1 -1 -1 -1 
176 19 513 161 17 15 -1 -1 -1 -1 
176 20 447 165 28 24 -1 -1 -1 -1 
176 21 495 172 24 24 -1 -1 -1 -1 
176 22 461 178 37 35 -1 -1 -1 -1 
176 25 406 204 63 62 -1 -1 -1 -1 
176 26 28 344 209 133 -1 -1 -1 -1 
177 19 513 161 17 15 -1 -1 -1 -1 
177 20 450 164 26 22 -1 -1 -1 -1 
177 21 498 172 22 21 -1 -1 -1 -1 
177 22 466 176 35 35 -1 -1 -1 -1 
177 25 414 200 60 58 -1 -1 -1 -1 
178 20 450 164 26 22 -1 -1 -1 -1 
178 21 498 172 22 21 -1 -1 -1 -1 
178 22 471 174 32 33 -1 -1 -1 -1 
178 25 420 196 59 54 -1 -1 -1 -1 
179 22 471 174 32 33 -1 -1 -1 -1 
179 25 420 196 59 54 -1 -1 -1 -1 
179 26 135 302 165 114 -1 -1 -1 -1 
180 19 514 158 19 14 -1 -1 -1 -1 
180 22 472 173 33 31 -1 -1 -1 -1 
180 25 429 193 54 53 -1 -1 -1 -1 
180 26 175 285 153 103 -1 -1 -1 -1 
181 19 516 157 17 14 -1 -1 -1 -1 
181 20 459 162 24 20 -1 -1 -1 -1 
181 22 476 170 32 30 -1 -1 -1 -1 
181 25 434 191 51 49 -1 -1 -1 -1 
181 26 214 269 132 91 -1 -1 -1 -1 
182 19 516 157 17 14 -1 -1 -1 -1 
182 20 459 162 24 20 -1 -1 -1 -1 
182 22 476 170 32 30 -1 -1 -1 -1 
182 25 434 191 51 49 -1 -1 -1 -1 
182 26 214 269 132 91 -1 -1 -1 -1 
183 19 516 157 17 14 -1 -1 -1 -1 
183 20 459 162 24 20 -1 -1 -1 -1 
183 22 480 169 28 30 -1 -1 -1 -1 
184 22 480 169 28 30 -1 -1 -1 -1 
184 25 441 189 47 47 -1 -1 -1 -1 
184 26 247 255 119 85 -1 -1 -1 -1 
185 20 465 159 23 21 -1 -1 -1 -1 
185 22 481 169 29 28 -1 -1 -1 -1 
185 25 447 186 43 45 -1 -1 -1 -1 
185 26 273 246 112 75 -1 -1 -1 -1 
186 20 465 159 23 21 -1 -1 -1 -1 
186 22 485 167 28 27 -1 -1 -1 -1 
186 25 452 185 40 42 -1 -1 -1 -1 
187 22 485 167 28 27 -1 -1 -1 -1 
187 25 452 185 40 42 -1 -1 -1 -1 
187 26 297 235 97 71 -1 -1 -1 -1 
188 22 486 165 29 25 -1 -1 -1 -1 
188 25 456 184 39 40 -1 -1 -1 -1 
188 26 317 227 87 65 -1 -1 -1 -1 
189 22 486 165 29 25 -1 -1 -1 -1 
189 25 456 184 39 40 -1 -1 -1 -1 
189 26 317 227 87 65 -1 -1 -1 -1 
190 22 490 163 26 25 -1 -1 -1 -1 
190 25 459 181 40 39 -1 -1 -1 -1 
190 26 336 221 78 57 -1 -1 -1 -1 
191 22 492 163 26 25 -1 -1 -1 -1 
191 25 463 179 38 38 -1 -1 -1 -1 
191 26 351 215 72 54 -1 -1 -1 -1 
192 22 492 163 26 25 -1 -1 -1 -1 
192 25 463 179 38 38 -1 -1 -1 -1 
192 26 351 215 72 54 -1 -1 -1 -1 
193 20 476 153 21 19 -1 -1 -1 -1 
193 22 494 160 25 26 -1 -1 -1 -1 
193 25 467 178 35 35 -1 -1 -1 -1 
193 26 364 209 68 53 -1 -1 -1 -1 
194 20 476 153 21 19 -1 -1 -1 -1 
194 22 494 160 25 26 -1 -1 -1 -1 
194 25 467 178 35 35 -1 -1 -1 -1 
194 26 364 209 68 53 -1 -1 -1 -1 
195 20 477 155 22 18 -1 -1 -1 -1 
195 22 497 161 22 22 -1 -1 -1 -1 
195 25 469 180 35 30 -1 -1 -1 -1 
195 26 375 204 68 48 -1 -1 -1 -1 
196 20 477 155 22 18 -1 -1 -1 -1 
196 22 497 161 22 22 -1 -1 -1 -1 
197 25 473 176 33 31 -1 -1 -1 -1 
197 26 386 200 62 46 -1 -1 -1 -1 
198 25 477 175 31 30 -1 -1 -1 -1 
198 26 394 195 58 45 -1 -1 -1 -1 
199 25 477 175 31 30 -1 -1 -1 -1 
199 26 394 195 58 45 -1 -1 -1 -1 
200 25 479 172 32 31 -1 -1 -1 -1 
200 26 402 193 54 41 -1 -1 -1 -1 
201 25 481 172 31 28 -1 -1 -1 -1 
201 26 410 190 50 38 -1 -1 -1 -1 
202 25 481 172 31 28 -1 -1 -1 -1 
202 26 410 190 50 38 -1 -1 -1 -1 
203 25 483 170 30 27 -1 -1 -1 -1 
203 26 416 188 48 36 -1 -1 -1 -1 
204 25 483 170 30 27 -1 -1 -1 -1 
204 26 416 188 48 36 -1 -1 -1 -1 
205 25 487 168 27 28 -1 -1 -1 -1 
205 26 424 185 44 36 -1 -1 -1 -1 
206 25 489 167 28 26 -1 -1 -1 -1 
206 26 429 184 41 33 -1 -1 -1 -1 
207 25 489 167 28 26 -1 -1 -1 -1 
207 26 429 184 41 33 -1 -1 -1 -1 
208 25 491 165 28 27 -1 -1 -1 -1 
208 26 434 181 39 31 -1 -1 -1 -1 
209 25 491 165 28 27 -1 -1 -1 -1 
209 26 434 181 39 31 -1 -1 -1 -1 
210 25 493 165 27 25 -1 -1 -1 -1 
210 26 439 177 37 32 -1 -1 -1 -1 
211 25 495 165 26 23 -1 -1 -1 -1 
211 26 444 177 36 29 -1 -1 -1 -1 
212 25 495 165 26 23 -1 -1 -1 -1 
212 26 444 177 36 29 -1 -1 -1 -1 
213 25 498 166 24 20 -1 -1 -1 -1 
213 26 448 175 34 28 -1 -1 -1 -1 
214 25 498 166 24 20 -1 -1 -1 -1 
214 26 448 175 34 28 -1 -1 -1 -1 
215 25 499 162 24 23 -1 -1 -1 -1 
215 26 450 174 35 27 -1 -1 -1 -1 
216 25 502 161 23 21 -1 -1 -1 -1 
216 26 455 173 33 25 -1 -1 -1 -1 
217 25 502 161 23 21 -1 -1 -1 -1 
217 26 455 173 33 25 -1 -1 -1 -1 
218 25 503 161 23 20 -1 -1 -1 -1 
218 26 459 171 30 25 -1 -1 -1 -1 
219 25 503 161 23 20 -1 -1 -1 -1 
219 26 459 171 30 25 -1 -1 -1 -1 
220 20 499 146 18 14 -1 -1 -1 -1 
220 25 504 162 23 19 -1 -1 -1 -1 
220 26 462 168 29 25 -1 -1 -1 -1 
221 20 499 146 18 14 -1 -1 -1 -1 
221 25 507 162 21 18 -1 -1 -1 -1 
221 26 465 168 26 23 -1 -1 -1 -1 
222 20 499 146 18 14 -1 -1 -1 -1 
222 25 507 162 21 18 -1 -1 -1 -1 
222 26 465 168 26 23 -1 -1 -1 -1 
223 20 499 146 18 14 -1 -1 -1 -1 
223 25 509 159 20 19 -1 -1 -1 -1 
224 25 509 160 21 17 -1 -1 -1 -1 
224 26 471 167 25 21 -1 -1 -1 -1 
225 25 509 160 21 17 -1 -1 -1 -1 
225 26 471 167 25 21 -1 -1 -1 -1 
226 25 511 159 20 17 -1 -1 -1 -1 
226 26 474 165 24 21 -1 -1 -1 -1 
227 25 512 157 20 18 -1 -1 -1 -1 
227 26 476 165 24 20 -1 -1 -1 -1 
228 25 512 157 20 18 -1 -1 -1 -1 
228 26 476 165 24 20 -1 -1 -1 -1 
229 25 514 154 19 18 -1 -1 -1 -1 
229 26 477 164 24 18 -1 -1 -1 -1 
230 25 514 154 19 18 -1 -1 -1 -1 
230 26 477 164 24 18 -1 -1 -1 -1 
231 25 515 154 19 18 -1 -1 -1 -1 
231 26 481 163 22 17 -1 -1 -1 -1 
232 25 517 154 18 17 -1 -1 -1 -1 
232 26 483 162 21 17 -1 -1 -1 -1 
233 25 517 154 18 17 -1 -1 -1 -1 
233 26 483 162 21 17 -1 -1 -1 -1 
234 25 518 154 17 16 -1 -1 -1 -1 
234 26 486 159 20 19 -1 -1 -1 -1 
235 25 519 152 17 18 -1 -1 -1 -1 
235 26 487 157 21 20 -1 -1 -1 -1 
236 25 519 152 17 18 -1 -1 -1 -1 
236 26 487 157 21 20 -1 -1 -1 -1 
237 25 520 151 17 18 -1 -1 -1 -1 
237 26 488 157 22 18 -1 -1 -1 -1 
238 25 520 151 17 18 -1 -1 -1 -1 
238 26 488 157 22 18 -1 -1 -1 -1 
239 25 520 150 17 18 -1 -1 -1 -1 
239 26 489 159 22 15 -1 -1 -1 -1 
240 25 522 149 17 18 -1 -1 -1 -1 
240 26 491 155 22 18 -1 -1 -1 -1 
241 25 522 149 17 18 -1 -1 -1 -1 
241 26 491 155 22 18 -1 -1 -1 -1 
242 25 523 148 17 18 -1 -1 -1 -1 
242 26 494 154 20 19 -1 -1 -1 -1 
243 25 523 148 17 18 -1 -1 -1 -1 
243 26 494 154 20 19 -1 -1 -1 -1 
244 25 523 149 17 17 -1 -1 -1 -1 
244 26 496 153 19 18 -1 -1 -1 -1 
245 25 523 149 17 17 -1 -1 -1 -1 
246 26 497 154 18 16 -1 -1 -1 -1 
247 26 498 154 18 15 -1 -1 -1 -1 
248 26 498 154 18 15 -1 -1 -1 -1 
249 26 499 154 20 15 -1 -1 -1 -1 
250 26 501 155 19 13 -1 -1 -1 -1 
251 26 501 155 19 13 -1 -1 -1 -1 
252 26 503 152 20 14 -1 -1 -1 -1 
253 26 503 152 20 14 -1 -1 -1 -1 
254 26 505 151 19 14 -1 -1 -1 -1 
255 26 508 151 17 14 -1 -1 -1 -1 
256 26 508 151 17 14 -1 -1 -1 -1 
257 26 509 150 16 14 -1 -1 -1 -1 
258 26 509 150 16 14 -1 -1 -1 -1 
259 26 510 148 17 15 -1 -1 -1 -1 
260 26 510 148 18 15 -1 -1 -1 -1 
261 26 510 148 18 15 -1 -1 -1 -1 
262 26 512 147 16 15 -1 -1 -1 -1 
263 26 512 147 16 15 -1 -1 -1 -1 
264 26 512 146 16 15 -1 -1 -1 -1 
265 26 514 147 16 13 -1 -1 -1 -1 
266 26 514 147 16 13 -1 -1 -1 -1 
267 26 514 147 17 12 -1 -1 -1 -1 
268 26 515 146 19 12 -1 -1 -1 -1 
269 26 515 146 19 12 -1 -1 -1 -1 
279 26 515 146 19 12 -1 -1 -1 -1 
281 28 185 356 170 122 -1 -1 -1 -1 
282 28 239 324 142 110 -1 -1 -1 -1 
283 28 283 301 123 95 -1 -1 -1 -1 
284 28 283 301 123 95 -1 -1 -1 -1 
285 28 318 277 105 85 -1 -1 -1 -1 
286 28 347 260 93 78 -1 -1 -1 -1 
287 28 370 252 81 64 -1 -1 -1 -1 
288 28 387 239 74 57 -1 -1 -1 -1 
289 28 402 229 67 55 -1 -1 -1 -1 
290 28 402 229 67 55 -1 -1 -1 -1 
291 28 416 219 62 50 -1 -1 -1 -1 
292 28 427 214 55 47 -1 -1 -1 -1 
293 28 434 207 53 44 -1 -1 -1 -1 
294 28 441 205 51 38 -1 -1 -1 -1 
295 28 453 201 42 36 -1 -1 -1 -1 
296 28 453 201 42 36 -1 -1 -1 -1 
297 28 461 197 36 32 -1 -1 -1 -1 
298 28 465 191 36 34 -1 -1 -1 -1 
299 28 470 186 35 33 -1 -1 -1 -1 
300 28 474 186 34 28 -1 -1 -1 -1 
301 28 478 183 32 26 -1 -1 -1 -1 
302 28 478 183 32 26 -1 -1 -1 -1 
303 28 482 180 30 26 -1 -1 -1 -1 
304 28 486 178 28 24 -1 -1 -1 -1 
305 28 490 175 26 24 -1 -1 -1 -1 
306 28 490 175 26 24 -1 -1 -1 -1 
307 28 493 172 25 24 -1 -1 -1 -1 
308 28 497 171 23 21 -1 -1 -1 -1 
309 28 498 170 23 21 -1 -1 -1 -1 
310 28 498 169 24 19 -1 -1 -1 -1 
311 28 500 167 24 19 -1 -1 -1 -1 
312 28 500 167 24 19 -1 -1 -1 -1 
313 28 504 165 22 19 -1 -1 -1 -1 
314 28 506 163 21 18 -1 -1 -1 -1 
315 28 509 162 18 17 -1 -1 -1 -1 
316 28 510 161 18 16 -1 -1 -1 -1 
317 28 510 161 18 16 -1 -1 -1 -1 
318 28 511 160 19 16 -1 -1 -1 -1 
319 28 512 159 19 16 -1 -1 -1 -1 
320 28 514 157 18 17 -1 -1 -1 -1 
321 28 515 157 18 16 -1 -1 -1 -1 
322 28 517 156 17 15 -1 -1 -1 -1 
323 28 518 156 17 13 -1 -1 -1 -1 
324 28 519 155 16 13 -1 -1 -1 -1 
325 28 519 155 16 13 -1 -1 -1 -1 
335 28 519 155 16 13 -1 -1 -1 -1 
337 29 2 393 255 83 -1 -1 -1 -1 
338 29 2 393 255 83 -1 -1 -1 -1 
339 29 58 360 242 118 -1 -1 -1 -1 
340 29 130 328 206 150 -1 -1 -1 -1 
341 29 190 302 175 136 -1 -1 -1 -1 
342 29 239 276 147 122 -1 -1 -1 -1 
343 29 277 262 130 104 -1 -1 -1 -1 
344 29 309 250 113 89 -1 -1 -1 -1 
345 29 335 238 100 79 -1 -1 -1 -1 
346 29 335 238 100 79 -1 -1 -1 -1 
347 29 357 227 89 74 -1 -1 -1 -1 
348 29 376 220 79 64 -1 -1 -1 -1 
349 29 391 210 71 63 -1 -1 -1 -1 
350 29 404 206 65 56 -1 -1 -1 -1 
351 29 414 199 62 53 -1 -1 -1 -1 
352 29 426 196 55 50 -1 -1 -1 -1 
353 29 433 191 52 45 -1 -1 -1 -1 
354 29 450 185 44 41 -1 -1 -1 -1 
355 29 450 185 44 41 -1 -1 -1 -1 
356 29 455 183 43 39 -1 -1 -1 -1 
356 33 177 295 153 112 -1 -1 -1 -1 
357 29 461 180 38 36 -1 -1 -1 -1 
357 33 221 278 134 94 -1 -1 -1 -1 
358 29 465 177 37 34 -1 -1 -1 -1 
358 33 259 261 121 84 -1 -1 -1 -1 
359 29 465 177 37 34 -1 -1 -1 -1 
359 33 290 248 101 74 -1 -1 -1 -1 
360 33 315 233 92 71 -1 -1 -1 -1 
361 29 477 171 31 30 -1 -1 -1 -1 
361 33 338 225 80 63 -1 -1 -1 -1 
362 29 480 169 31 28 -1 -1 -1 -1 
362 33 356 218 72 55 -1 -1 -1 -1 
363 29 484 167 28 27 -1 -1 -1 -1 
363 33 370 211 67 52 -1 -1 -1 -1 
364 29 486 166 27 26 -1 -1 -1 -1 
364 33 383 204 67 47 -1 -1 -1 -1 
365 29 486 166 27 26 -1 -1 -1 -1 
365 33 383 204 67 47 -1 -1 -1 -1 
366 29 490 164 26 26 -1 -1 -1 -1 
366 33 394 199 59 45 -1 -1 -1 -1 
367 29 493 162 24 25 -1 -1 -1 -1 
367 33 405 195 52 42 -1 -1 -1 -1 
368 29 495 160 24 25 -1 -1 -1 -1 
368 33 413 191 50 38 -1 -1 -1 -1 
369 29 498 160 22 21 -1 -1 -1 -1 
369 33 421 187 46 37 -1 -1 -1 -1 
370 29 499 159 22 22 -1 -1 -1 -1 
370 33 429 185 42 34 -1 -1 -1 -1 
371 29 500 158 23 21 -1 -1 -1 -1 
371 33 435 181 40 32 -1 -1 -1 -1 
372 29 503 156 21 21 -1 -1 -1 -1 
372 33 441 177 38 31 -1 -1 -1 -1 
373 29 505 154 20 21 -1 -1 -1 -1 
373 33 446 176 36 29 -1 -1 -1 -1 
374 29 507 154 19 20 -1 -1 -1 -1 
374 33 450 174 35 27 -1 -1 -1 -1 
375 29 509 153 18 19 -1 -1 -1 -1 
375 33 455 172 32 27 -1 -1 -1 -1 
376 29 510 153 19 18 -1 -1 -1 -1 
376 33 459 169 31 27 -1 -1 -1 -1 
377 29 511 152 18 18 -1 -1 -1 -1 
377 33 463 168 28 24 -1 -1 -1 -1 
378 29 512 153 18 16 -1 -1 -1 -1 
378 33 467 166 27 25 -1 -1 -1 -1 
379 29 512 153 18 16 -1 -1 -1 -1 
379 33 467 166 27 25 -1 -1 -1 -1 
380 29 514 151 17 17 -1 -1 -1 -1 
380 33 471 166 24 22 -1 -1 -1 -1 
381 29 514 151 18 16 -1 -1 -1 -1 
381 33 473 164 26 21 -1 -1 -1 -1 
382 29 515 151 18 14 -1 -1 -1 -1 
382 33 476 162 24 20 -1 -1 -1 -1 
383 29 516 150 18 14 -1 -1 -1 -1 
383 33 477 163 26 18 -1 -1 -1 -1 
384 29 517 149 17 14 -1 -1 -1 -1 
384 33 480 160 24 18 -1 -1 -1 -1 
385 29 520 147 15 15 -1 -1 -1 -1 
385 33 484 156 22 20 -1 -1 -1 -1 
386 29 521 148 14 13 -1 -1 -1 -1 
386 33 486 156 20 18 -1 -1 -1 -1 
387 29 522 147 13 13 -1 -1 -1 -1 
387 33 487 154 20 19 -1 -1 -1 -1 
388 29 522 147 15 13 -1 -1 -1 -1 
388 33 488 153 21 19 -1 -1 -1 -1 
389 29 522 147 15 13 -1 -1 -1 -1 
389 33 488 153 21 19 -1 -1 -1 -1 
390 29 522 147 15 12 -1 -1 -1 -1 
390 33 490 154 20 17 -1 -1 -1 -1 
391 29 523 147 15 11 -1 -1 -1 -1 
391 33 493 153 20 16 -1 -1 -1 -1 
392 29 523 147 15 11 -1 -1 -1 -1 
393 33 497 152 17 14 -1 -1 -1 -1 
394 33 498 151 17 14 -1 -1 -1 -1 
395 33 499 150 17 13 -1 -1 -1 -1 
396 33 501 151 15 11 -1 -1 -1 -1 
397 33 501 150 16 12 -1 -1 -1 -1 
398 33 504 149 13 11 -1 -1 -1 -1 
399 33 504 149 15 10 -1 -1 -1 -1 
400 33 505 148 16 11 -1 -1 -1 -1 
401 33 505 148 16 11 -1 -1 -1 -1 
402 33 507 147 14 10 -1 -1 -1 -1 
403 33 508 146 14 11 -1 -1 -1 -1 
407 33 508 146 14 11 -1 -1 -1 -1 
409 37 0 328 155 133 -1 -1 -1 -1 
410 37 12 304 185 120 -1 -1 -1 -1 
411 37 70 287 167 108 -1 -1 -1 -1 
412 37 118 272 150 95 -1 -1 -1 -1 
413 37 162 258 132 84 -1 -1 -1 -1 
414 37 162 258 132 84 -1 -1 -1 -1 
415 37 199 249 119 73 -1 -1 -1 -1 
416 37 229 235 108 68 -1 -1 -1 -1 
417 37 259 224 96 64 -1 -1 -1 -1 
418 37 282 214 86 59 -1 -1 -1 -1 
419 37 303 210 78 53 -1 -1 -1 -1 
420 37 303 210 78 53 -1 -1 -1 -1 
421 37 319 203 75 53 -1 -1 -1 -1 
422 37 336 199 67 47 -1 -1 -1 -1 
423 37 350 194 62 45 -1 -1 -1 -1 
424 37 363 190 58 40 -1 -1 -1 -1 
425 37 375 187 52 39 -1 -1 -1 -1 
426 37 385 184 49 37 -1 -1 -1 -1 
427 37 393 182 48 33 -1 -1 -1 -1 
428 37 403 179 42 32 -1 -1 -1 -1 
429 37 409 176 41 31 -1 -1 -1 -1 
430 37 416 177 37 26 -1 -1 -1 -1 
431 37 422 173 36 27 -1 -1 -1 -1 
432 37 422 173 36 27 -1 -1 -1 -1 
433 37 427 170 35 27 -1 -1 -1 -1 
434 37 433 169 32 25 -1 -1 -1 -1 
435 37 439 167 30 25 -1 -1 -1 -1 
436 37 443 166 29 24 -1 -1 -1 -1 
437 37 447 164 28 23 -1 -1 -1 -1 
438 37 451 164 27 21 -1 -1 -1 -1 
439 37 455 164 25 19 -1 -1 -1 -1 
440 37 459 163 24 18 -1 -1 -1 -1 
441 37 462 159 23 20 -1 -1 -1 -1 
442 37 465 157 23 21 -1 -1 -1 -1 
443 37 467 157 22 19 -1 -1 -1 -1 
444 37 472 155 20 19 -1 -1 -1 -1 
445 37 473 154 21 20 -1 -1 -1 -1 
446 37 475 154 20 17 -1 -1 -1 -1 
447 37 477 153 21 17 -1 -1 -1 -1 
448 37 477 153 21 17 -1 -1 -1 -1 
449 37 480 154 18 16 -1 -1 -1 -1 
450 37 482 152 17 16 -1 -1 -1 -1 
451 37 484 152 18 16 -1 -1 -1 -1 
452 37 486 151 18 14 -1 -1 -1 -1 
453 37 486 151 18 14 -1 -1 -1 -1 
454 37 487 150 17 14 -1 -1 -1 -1 
455 37 489 150 17 13 -1 -1 -1 -1 
456 37 491 149 15 14 -1 -1 -1 -1 
457 37 492 149 17 13 -1 -1 -1 -1 
458 37 493 149 16 11 -1 -1 -1 -1 
459 37 496 149 15 10 -1 -1 -1 -1 
460 37 498 148 14 11 -1 -1 -1 -1 
461 37 499 148 14 10 -1 -1 -1 -1 
482 37 499 148 14 10 -1 -1 -1 -1 
484 38 583 157 12 13 -1 -1 -1 -1 
485 38 584 158 12 13 -1 -1 -1 -1 
486 38 585 160 12 13 -1 -1 -1 -1 
492 38 586 166 14 15 -1 -1 -1 -1 
493 38 586 167 15 16 -1 -1 -1 -1 
494 38 586 167 15 16 -1 -1 -1 -1 
495 38 587 167 16 17 -1 -1 -1 -1 
496 38 589 168 15 18 -1 -1 -1 -1 
497 38 589 170 17 19 -1 -1 -1 -1 
498 38 589 171 18 21 -1 -1 -1 -1 
499 38 590 172 18 23 -1 -1 -1 -1 
499 40 0 317 155 123 -1 -1 -1 -1 
500 38 591 174 18 23 -1 -1 -1 -1 
500 40 34 300 156 118 -1 -1 -1 -1 
501 38 593 177 18 23 -1 -1 -1 -1 
501 40 75 286 143 109 -1 -1 -1 -1 
502 38 594 176 19 27 -1 -1 -1 -1 
502 40 114 273 132 101 -1 -1 -1 -1 
503 38 595 180 20 28 -1 -1 -1 -1 
503 40 146 262 123 92 -1 -1 -1 -1 
504 38 596 183 21 28 -1 -1 -1 -1 
504 40 176 252 112 85 -1 -1 -1 -1 
505 38 597 186 23 29 -1 -1 -1 -1 
505 40 203 241 102 80 -1 -1 -1 -1 
506 38 597 186 23 29 -1 -1 -1 -1 
506 40 203 241 102 80 -1 -1 -1 -1 
507 38 599 189 23 32 -1 -1 -1 -1 
507 40 227 234 94 72 -1 -1 -1 -1 
507 41 226 173 15 26 -1 -1 -1 -1 
508 38 600 194 26 31 -1 -1 -1 -1 
508 40 249 224 86 71 -1 -1 -1 -1 
508 41 226 173 15 26 -1 -1 -1 -1 
509 38 601 196 28 37 -1 -1 -1 -1 
509 40 269 220 81 64 -1 -1 -1 -1 
510 38 601 196 28 37 -1 -1 -1 -1 
510 40 285 213 77 60 -1 -1 -1 -1 
511 40 301 212 70 54 -1 -1 -1 -1 
512 40 315 207 65 53 -1 -1 -1 -1 
513 40 327 203 62 48 -1 -1 -1 -1 
514 40 339 200 60 46 -1 -1 -1 -1 
515 40 348 197 58 43 -1 -1 -1 -1 
516 40 348 197 58 43 -1 -1 -1 -1 
518 40 368 190 50 39 -1 -1 -1 -1 
519 40 377 188 47 38 -1 -1 -1 -1 
520 40 384 185 47 36 -1 -1 -1 -1 
521 40 390 184 43 34 -1 -1 -1 -1 
522 40 397 181 40 34 -1 -1 -1 -1 
523 40 403 178 39 33 -1 -1 -1 -1 
524 40 408 177 37 31 -1 -1 -1 -1 
525 40 414 176 34 30 -1 -1 -1 -1 
526 40 418 175 34 28 -1 -1 -1 -1 
527 40 423 173 33 27 -1 -1 -1 -1 
528 40 428 172 30 26 -1 -1 -1 -1 
529 40 432 170 31 26 -1 -1 -1 -1 
530 40 435 168 30 25 -1 -1 -1 -1 
531 40 439 166 29 26 -1 -1 -1 -1 
532 40 439 166 29 26 -1 -1 -1 -1 
533 40 443 166 27 25 -1 -1 -1 -1 
534 40 445 165 27 23 -1 -1 -1 -1 
535 40 449 163 26 23 -1 -1 -1 -1 
536 40 452 162 25 23 -1 -1 -1 -1 
537 40 452 162 25 23 -1 -1 -1 -1 
538 40 455 162 26 22 -1 -1 -1 -1 
539 40 457 161 24 22 -1 -1 -1 -1 
540 40 461 160 22 21 -1 -1 -1 -1 
541 40 463 159 21 20 -1 -1 -1 -1 
542 40 465 159 22 20 -1 -1 -1 -1 
544 40 469 158 21 18 -1 -1 -1 -1 
545 40 472 155 20 20 -1 -1 -1 -1 
546 40 474 154 19 20 -1 -1 -1 -1 
547 40 476 154 18 18 -1 -1 -1 -1 
548 40 476 154 18 18 -1 -1 -1 -1 
549 40 477 155 18 17 -1 -1 -1 -1 
550 40 479 154 18 17 -1 -1 -1 -1 
554 40 484 151 17 17 -1 -1 -1 -1 
555 40 486 150 16 17 -1 -1 -1 -1 
556 40 486 150 16 17 -1 -1 -1 -1 
557 40 486 151 16 15 -1 -1 -1 -1 
559 40 490 149 15 15 -1 -1 -1 -1 
572 40 490 149 15 15 -1 -1 -1 -1 
574 49 0 334 149 135 -1 -1 -1 -1 
575 49 0 317 184 121 -1 -1 -1 -1 
576 49 0 317 184 121 -1 -1 -1 -1 
576 50 147 366 201 112 -1 -1 -1 -1 
577 49 38 302 176 113 -1 -1 -1 -1 
577 50 208 335 170 136 -1 -1 -1 -1 
578 49 80 290 161 100 -1 -1 -1 -1 
578 50 254 311 146 117 -1 -1 -1 -1 
579 49 116 276 151 95 -1 -1 -1 -1 
579 50 291 293 127 101 -1 -1 -1 -1 
580 49 149 265 140 88 -1 -1 -1 -1 
580 50 322 273 112 89 -1 -1 -1 -1 
581 49 179 256 127 80 -1 -1 -1 -1 
581 50 347 260 99 78 -1 -1 -1 -1 
582 49 206 248 118 71 -1 -1 -1 -1 
582 50 371 248 85 70 -1 -1 -1 -1 
583 49 230 237 110 68 -1 -1 -1 -1 
583 50 387 237 78 66 -1 -1 -1 -1 
584 49 230 237 110 68 -1 -1 -1 -1 
584 50 387 237 78 66 -1 -1 -1 -1 
585 49 253 231 100 63 -1 -1 -1 -1 
585 50 401 230 72 58 -1 -1 -1 -1 
586 49 270 223 94 59 -1 -1 -1 -1 
586 50 412 218 69 58 -1 -1 -1 -1 
587 49 288 214 86 59 -1 -1 -1 -1 
587 50 424 212 62 54 -1 -1 -1 -1 
588 49 304 213 80 52 -1 -1 -1 -1 
588 50 433 206 56 50 -1 -1 -1 -1 
589 49 319 208 74 51 -1 -1 -1 -1 
589 50 436 205 58 43 -1 -1 -1 -1 
590 49 332 203 70 48 -1 -1 -1 -1 
590 50 448 201 49 42 -1 -1 -1 -1 
591 49 343 201 67 44 -1 -1 -1 -1 
591 50 456 195 44 40 -1 -1 -1 -1 
592 49 354 196 62 44 -1 -1 -1 -1 
592 50 462 192 41 36 -1 -1 -1 -1 
593 49 354 196 62 44 -1 -1 -1 -1 
593 50 462 192 41 36 -1 -1 -1 -1 
594 49 363 194 60 39 -1 -1 -1 -1 
594 50 468 186 37 38 -1 -1 -1 -1 
595 49 372 191 56 38 -1 -1 -1 -1 
595 50 472 185 36 35 -1 -1 -1 -1 
596 49 380 187 55 39 -1 -1 -1 -1 
596 50 474 184 35 30 -1 -1 -1 -1 
597 49 388 186 51 35 -1 -1 -1 -1 
597 50 478 181 34 29 -1 -1 -1 -1 
598 49 395 185 47 32 -1 -1 -1 -1 
598 50 483 178 31 29 -1 -1 -1 -1 
599 49 402 181 44 33 -1 -1 -1 -1 
599 50 485 174 32 29 -1 -1 -1 -1 
600 49 408 180 42 30 -1 -1 -1 -1 
600 50 490 173 29 27 -1 -1 -1 -1 
601 49 413 178 41 30 -1 -1 -1 -1 
601 50 493 171 26 26 -1 -1 -1 -1 
602 49 418 176 40 30 -1 -1 -1 -1 
602 50 496 170 26 25 -1 -1 -1 -1 
602 51 174 344 164 128 -1 -1 -1 -1 
603 49 418 176 40 30 -1 -1 -1 -1 
603 50 496 170 26 25 -1 -1 -1 -1 
603 51 174 344 164 128 -1 -1 -1 -1 
604 49 424 174 37 29 -1 -1 -1 -1 
604 50 498 169 25 23 -1 -1 -1 -1 
604 51 225 320 143 111 -1 -1 -1 -1 
605 49 428 172 36 28 -1 -1 -1 -1 
605 50 498 167 26 24 -1 -1 -1 -1 
605 51 265 299 126 98 -1 -1 -1 -1 
606 49 432 172 35 27 -1 -1 -1 -1 
606 50 500 167 24 21 -1 -1 -1 -1 
606 51 299 283 110 86 -1 -1 -1 -1 
607 49 437 170 32 26 -1 -1 -1 -1 
607 50 504 165 23 20 -1 -1 -1 -1 
607 51 324 264 100 81 -1 -1 -1 -1 
608 49 437 170 32 26 -1 -1 -1 -1 
608 50 504 165 23 20 -1 -1 -1 -1 
608 51 324 264 100 81 -1 -1 -1 -1 
609 49 441 168 32 26 -1 -1 -1 -1 
609 50 505 164 22 20 -1 -1 -1 -1 
609 51 349 257 88 67 -1 -1 -1 -1 
610 49 444 166 32 27 -1 -1 -1 -1 
610 50 508 162 20 20 -1 -1 -1 -1 
611 49 448 166 30 25 -1 -1 -1 -1 
611 50 509 161 20 20 -1 -1 -1 -1 
611 51 384 235 73 58 -1 -1 -1 -1 
612 49 451 165 29 24 -1 -1 -1 -1 
612 50 510 160 20 19 -1 -1 -1 -1 
612 51 400 228 64 50 -1 -1 -1 -1 
613 49 454 165 28 23 -1 -1 -1 -1 
613 50 511 159 20 19 -1 -1 -1 -1 
613 51 410 218 62 52 -1 -1 -1 -1 
614 49 455 164 30 22 -1 -1 -1 -1 
614 50 513 158 19 18 -1 -1 -1 -1 
614 51 421 213 60 48 -1 -1 -1 -1 
615 49 459 162 28 22 -1 -1 -1 -1 
615 50 513 158 19 17 -1 -1 -1 -1 
615 51 430 207 52 44 -1 -1 -1 -1 
616 49 463 160 25 21 -1 -1 -1 -1 
616 50 516 156 18 18 -1 -1 -1 -1 
616 51 437 204 50 41 -1 -1 -1 -1 
617 49 466 160 24 21 -1 -1 -1 -1 
617 50 516 157 17 15 -1 -1 -1 -1 
617 51 445 201 46 38 -1 -1 -1 -1 
618 49 466 159 24 21 -1 -1 -1 -1 
618 50 518 155 16 15 -1 -1 -1 -1 
618 51 452 198 42 35 -1 -1 -1 -1 
619 49 470 159 23 18 -1 -1 -1 -1 
619 50 518 154 17 15 -1 -1 -1 -1 
619 51 458 194 41 34 -1 -1 -1 -1 
620 49 472 157 23 20 -1 -1 -1 -1 
620 50 519 153 17 15 -1 -1 -1 -1 
620 51 463 190 38 33 -1 -1 -1 -1 
621 49 474 156 24 20 -1 -1 -1 -1 
621 50 520 153 16 14 -1 -1 -1 -1 
621 51 469 187 34 32 -1 -1 -1 -1 
622 49 477 155 22 20 -1 -1 -1 -1 
622 50 521 150 15 16 -1 -1 -1 -1 
622 51 473 185 33 30 -1 -1 -1 -1 
623 49 478 155 21 19 -1 -1 -1 -1 
623 50 522 150 15 15 -1 -1 -1 -1 
623 51 476 184 33 26 -1 -1 -1 -1 
624 49 479 155 22 17 -1 -1 -1 -1 
624 50 523 149 14 15 -1 -1 -1 -1 
624 51 479 181 32 27 -1 -1 -1 -1 
625 49 483 155 19 15 -1 -1 -1 -1 
625 50 523 148 14 15 -1 -1 -1 -1 
625 51 482 179 31 25 -1 -1 -1 -1 
626 49 484 154 19 16 -1 -1 -1 -1 
626 50 580 156 12 12 -1 -1 -1 -1 
626 51 485 178 30 23 -1 -1 -1 -1 
627 49 486 153 17 16 -1 -1 -1 -1 
627 50 581 156 12 12 -1 -1 -1 -1 
627 51 489 175 27 24 -1 -1 -1 -1 
628 49 487 152 18 17 -1 -1 -1 -1 
628 50 581 157 11 11 -1 -1 -1 -1 
628 51 493 173 26 23 -1 -1 -1 -1 
629 49 488 152 17 16 -1 -1 -1 -1 
629 50 582 158 11 11 -1 -1 -1 -1 
629 51 497 172 24 21 -1 -1 -1 -1 
630 49 489 152 18 14 -1 -1 -1 -1 
630 50 582 158 12 13 -1 -1 -1 -1 
630 51 498 171 23 20 -1 -1 -1 -1 
631 49 492 152 16 12 -1 -1 -1 -1 
631 50 581 159 14 14 -1 -1 -1 -1 
631 51 498 170 24 19 -1 -1 -1 -1 
632 49 493 151 16 13 -1 -1 -1 -1 
632 50 581 159 15 15 -1 -1 -1 -1 
632 51 499 169 25 18 -1 -1 -1 -1 
633 49 494 151 15 12 -1 -1 -1 -1 
633 50 582 160 14 15 -1 -1 -1 -1 
633 51 503 167 23 18 -1 -1 -1 -1 
634 49 494 151 15 11 -1 -1 -1 -1 
634 50 582 161 14 16 -1 -1 -1 -1 
634 51 505 166 22 18 -1 -1 -1 -1 
635 49 496 150 14 11 -1 -1 -1 -1 
635 50 582 162 15 16 -1 -1 -1 -1 
635 51 507 164 20 17 -1 -1 -1 -1 
636 49 496 150 14 11 -1 -1 -1 -1 
636 50 582 162 15 16 -1 -1 -1 -1 
636 51 507 164 20 17 -1 -1 -1 -1 
637 49 498 150 13 11 -1 -1 -1 -1 
637 50 583 163 15 17 -1 -1 -1 -1 
637 51 509 163 20 17 -1 -1 -1 -1 
638 49 499 149 15 13 -1 -1 -1 -1 
638 50 583 165 15 15 -1 -1 -1 -1 
638 51 511 163 18 16 -1 -1 -1 -1 
639 49 500 149 15 12 -1 -1 -1 -1 
639 50 583 167 15 14 -1 -1 -1 -1 
639 51 512 161 19 17 -1 -1 -1 -1 
640 49 501 148 15 12 -1 -1 -1 -1 
640 50 584 166 15 16 -1 -1 -1 -1 
640 51 512 160 20 15 -1 -1 -1 -1 
641 49 501 148 15 12 -1 -1 -1 -1 
641 50 584 166 15 16 -1 -1 -1 -1 
641 51 512 160 20 15 -1 -1 -1 -1 
642 49 503 148 14 11 -1 -1 -1 -1 
642 50 584 167 15 18 -1 -1 -1 -1 
642 51 513 159 20 16 -1 -1 -1 -1 
643 49 503 148 14 11 -1 -1 -1 -1 
643 50 585 168 15 17 -1 -1 -1 -1 
644 50 585 168 15 19 -1 -1 -1 -1 
644 51 516 156 18 16 -1 -1 -1 -1 
645 50 585 168 15 19 -1 -1 -1 -1 
645 51 516 156 18 16 -1 -1 -1 -1 
646 50 586 169 15 19 -1 -1 -1 -1 
646 51 517 156 18 15 -1 -1 -1 -1 
647 50 586 172 16 20 -1 -1 -1 -1 
647 51 518 156 17 14 -1 -1 -1 -1 
648 50 586 174 18 18 -1 -1 -1 -1 
648 51 520 155 15 14 -1 -1 -1 -1 
649 49 508 146 13 10 -1 -1 -1 -1 
649 50 587 175 18 19 -1 -1 -1 -1 
649 51 521 153 15 15 -1 -1 -1 -1 
650 49 508 146 13 10 -1 -1 -1 -1 
650 50 587 175 18 19 -1 -1 -1 -1 
650 51 521 153 15 15 -1 -1 -1 -1 
651 49 508 146 13 10 -1 -1 -1 -1 
651 50 587 176 19 21 -1 -1 -1 -1 
652 50 588 177 18 21 -1 -1 -1 -1 
652 51 522 150 16 16 -1 -1 -1 -1 
653 50 588 179 20 23 -1 -1 -1 -1 
653 51 523 150 16 15 -1 -1 -1 -1 
654 50 588 179 20 23 -1 -1 -1 -1 
654 51 523 150 16 15 -1 -1 -1 -1 
655 50 588 180 20 23 -1 -1 -1 -1 
655 51 524 149 17 15 -1 -1 -1 -1 
656 50 589 180 20 26 -1 -1 -1 -1 
657 50 590 183 19 24 -1 -1 -1 -1 
658 50 590 185 21 26 -1 -1 -1 -1 
659 50 590 185 21 26 -1 -1 -1 -1 
660 50 591 186 21 28 -1 -1 -1 -1 
660 51 526 148 16 12 -1 -1 -1 -1 
661 50 591 188 24 29 -1 -1 -1 -1 
661 51 527 147 16 12 -1 -1 -1 -1 
662 49 515 141 13 10 -1 -1 -1 -1 
662 50 593 191 25 29 -1 -1 -1 -1 
662 51 527 146 15 13 -1 -1 -1 -1 
663 49 515 141 13 10 -1 -1 -1 -1 
663 50 593 195 26 29 -1 -1 -1 -1 
663 51 527 145 15 13 -1 -1 -1 -1 
664 50 593 195 26 29 -1 -1 -1 -1 
664 51 527 145 15 13 -1 -1 -1 -1 
665 50 593 197 28 32 -1 -1 -1 -1 
665 51 528 145 15 12 -1 -1 -1 -1 
665 57 49 392 210 85 -1 -1 -1 -1 
666 50 595 198 27 35 -1 -1 -1 -1 
666 51 528 145 15 12 -1 -1 -1 -1 
667 50 597 202 27 36 -1 -1 -1 -1 
667 57 162 338 164 124 -1 -1 -1 -1 
668 50 598 206 29 37 -1 -1 -1 -1 
668 57 205 315 146 110 -1 -1 -1 -1 
669 50 598 206 29 37 -1 -1 -1 -1 
669 57 205 315 146 110 -1 -1 -1 -1 
670 50 599 209 31 40 -1 -1 -1 -1 
670 57 244 300 127 94 -1 -1 -1 -1 
671 50 599 211 34 45 -1 -1 -1 -1 
671 57 275 279 114 89 -1 -1 -1 -1 
672 50 599 211 34 45 -1 -1 -1 -1 
672 57 275 279 114 89 -1 -1 -1 -1 
673 50 601 217 37 45 -1 -1 -1 -1 
673 57 302 266 100 79 -1 -1 -1 -1 
674 50 602 219 37 51 -1 -1 -1 -1 
674 57 324 255 92 71 -1 -1 -1 -1 
675 50 602 219 37 51 -1 -1 -1 -1 
676 57 360 236 76 59 -1 -1 -1 -1 
677 57 360 236 76 59 -1 -1 -1 -1 
678 57 376 227 69 57 -1 -1 -1 -1 
679 57 387 221 66 51 -1 -1 -1 -1 
680 57 398 217 59 47 -1 -1 -1 -1 
681 57 408 210 56 45 -1 -1 -1 -1 
682 57 408 210 56 45 -1 -1 -1 -1 
683 57 416 208 52 41 -1 -1 -1 -1 
684 57 424 203 49 40 -1 -1 -1 -1 
685 57 424 203 49 40 -1 -1 -1 -1 
686 57 431 198 44 38 -1 -1 -1 -1 
687 57 437 195 42 34 -1 -1 -1 -1 
688 57 444 192 40 34 -1 -1 -1 -1 
689 57 444 192 40 34 -1 -1 -1 -1 
690 57 450 188 36 33 -1 -1 -1 -1 
691 57 454 186 35 32 -1 -1 -1 -1 
692 57 459 183 32 30 -1 -1 -1 -1 
693 57 459 183 32 30 -1 -1 -1 -1 
694 57 462 182 32 28 -1 -1 -1 -1 
695 57 466 180 30 27 -1 -1 -1 -1 
696 57 469 177 29 26 -1 -1 -1 -1 
697 57 472 177 28 25 -1 -1 -1 -1 
698 57 472 177 28 25 -1 -1 -1 -1 
699 57 475 174 27 24 -1 -1 -1 -1 
700 57 476 172 28 24 -1 -1 -1 -1 
701 57 479 171 26 22 -1 -1 -1 -1 
702 57 483 168 25 23 -1 -1 -1 -1 
703 57 483 168 25 23 -1 -1 -1 -1 
704 57 486 166 24 23 -1 -1 -1 -1 
705 57 487 166 23 21 -1 -1 -1 -1 
706 57 489 165 22 20 -1 -1 -1 -1 
707 57 489 165 22 20 -1 -1 -1 -1 
708 57 490 164 22 19 -1 -1 -1 -1 
709 57 493 163 20 18 -1 -1 -1 -1 
710 57 496 161 18 19 -1 -1 -1 -1 
711 57 496 161 18 19 -1 -1 -1 -1 
712 57 497 160 18 19 -1 -1 -1 -1 
713 57 499 160 19 18 -1 -1 -1 -1 
714 57 500 159 19 18 -1 -1 -1 -1 
715 57 500 158 20 17 -1 -1 -1 -1 
716 57 500 158 20 17 -1 -1 -1 -1 
717 57 501 156 21 18 -1 -1 -1 -1 
718 57 503 155 19 18 -1 -1 -1 -1 
719 57 505 155 18 16 -1 -1 -1 -1 
719 60 578 152 13 13 -1 -1 -1 -1 
720 57 507 154 17 16 -1 -1 -1 -1 
720 60 578 153 14 14 -1 -1 -1 -1 
721 57 507 154 17 16 -1 -1 -1 -1 
721 60 578 153 14 14 -1 -1 -1 -1 
722 57 509 154 16 14 -1 -1 -1 -1 
722 60 578 154 14 14 -1 -1 -1 -1 
723 57 510 154 15 14 -1 -1 -1 -1 
723 60 579 154 15 16 -1 -1 -1 -1 
724 57 510 153 17 14 -1 -1 -1 -1 
724 60 579 155 15 15 -1 -1 -1 -1 
725 57 512 152 15 15 -1 -1 -1 -1 
725 60 579 155 15 14 -1 -1 -1 -1 
726 57 512 152 15 15 -1 -1 -1 -1 
726 60 579 155 15 14 -1 -1 -1 -1 
726 61 0 345 144 131 -1 -1 -1 -1 
727 57 513 151 16 14 -1 -1 -1 -1 
727 60 579 156 16 15 -1 -1 -1 -1 
727 61 2 318 193 127 -1 -1 -1 -1 
728 57 513 151 16 14 -1 -1 -1 -1 
728 60 580 157 16 15 -1 -1 -1 -1 
729 60 580 158 16 15 -1 -1 -1 -1 
729 61 120 277 153 100 -1 -1 -1 -1 
730 60 581 159 16 16 -1 -1 -1 -1 
730 61 167 265 135 85 -1 -1 -1 -1 
731 60 581 159 16 16 -1 -1 -1 -1 
731 61 167 265 135 85 -1 -1 -1 -1 
732 60 581 159 16 18 -1 -1 -1 -1 
732 61 207 251 120 74 -1 -1 -1 -1 
733 60 581 160 16 18 -1 -1 -1 -1 
733 61 240 237 106 69 -1 -1 -1 -1 
734 60 581 161 17 19 -1 -1 -1 -1 
734 61 270 227 95 62 -1 -1 -1 -1 
735 57 519 147 14 13 -1 -1 -1 -1 
735 60 582 164 16 17 -1 -1 -1 -1 
735 61 295 216 86 58 -1 -1 -1 -1 
736 57 519 147 14 13 -1 -1 -1 -1 
736 60 582 164 16 17 -1 -1 -1 -1 
736 61 295 216 86 58 -1 -1 -1 -1 
737 57 519 147 14 13 -1 -1 -1 -1 
737 60 583 166 16 15 -1 -1 -1 -1 
738 60 583 166 16 16 -1 -1 -1 -1 
738 61 336 206 68 46 -1 -1 -1 -1 
739 60 584 166 16 18 -1 -1 -1 -1 
739 61 351 199 64 47 -1 -1 -1 -1 
740 60 585 167 15 18 -1 -1 -1 -1 
740 61 365 195 59 41 -1 -1 -1 -1 
741 60 585 167 15 18 -1 -1 -1 -1 
741 61 365 195 59 41 -1 -1 -1 -1 
742 60 585 168 16 19 -1 -1 -1 -1 
742 61 378 192 53 37 -1 -1 -1 -1 
743 60 585 168 18 21 -1 -1 -1 -1 
743 61 388 188 51 36 -1 -1 -1 -1 
744 60 585 170 19 21 -1 -1 -1 -1 
744 61 398 185 47 34 -1 -1 -1 -1 
745 60 586 172 19 20 -1 -1 -1 -1 
745 61 406 182 45 32 -1 -1 -1 -1 
746 60 586 172 19 20 -1 -1 -1 -1 
746 61 406 182 45 32 -1 -1 -1 -1 
747 60 586 173 20 21 -1 -1 -1 -1 
747 61 414 179 40 29 -1 -1 -1 -1 
748 60 587 174 20 22 -1 -1 -1 -1 
748 61 421 175 39 29 -1 -1 -1 -1 
749 60 589 175 20 25 -1 -1 -1 -1 
749 61 428 174 36 28 -1 -1 -1 -1 
750 60 589 175 20 27 -1 -1 -1 -1 
750 61 432 173 36 25 -1 -1 -1 -1 
751 60 589 175 20 27 -1 -1 -1 -1 
751 61 432 173 36 25 -1 -1 -1 -1 
752 60 590 177 20 26 -1 -1 -1 -1 
752 61 439 170 32 26 -1 -1 -1 -1 
752 62 87 382 224 95 -1 -1 -1 -1 
753 60 590 179 22 27 -1 -1 -1 -1 
753 61 443 169 32 23 -1 -1 -1 -1 
753 62 142 351 201 128 -1 -1 -1 -1 
754 60 590 181 24 28 -1 -1 -1 -1 
754 61 449 167 29 23 -1 -1 -1 -1 
754 62 195 327 173 142 -1 -1 -1 -1 
755 60 590 182 26 31 -1 -1 -1 -1 
755 61 453 166 28 22 -1 -1 -1 -1 
755 62 238 304 154 125 -1 -1 -1 -1 
756 60 590 182 26 31 -1 -1 -1 -1 
756 61 453 166 28 22 -1 -1 -1 -1 
756 62 238 304 154 125 -1 -1 -1 -1 
757 60 592 184 25 31 -1 -1 -1 -1 
757 61 455 163 30 23 -1 -1 -1 -1 
757 62 273 285 134 112 -1 -1 -1 -1 
758 60 593 186 26 34 -1 -1 -1 -1 
758 61 460 162 28 21 -1 -1 -1 -1 
758 62 304 266 118 104 -1 -1 -1 -1 
759 60 594 188 28 36 -1 -1 -1 -1 
759 61 464 160 25 21 -1 -1 -1 -1 
759 62 326 256 108 91 -1 -1 -1 -1 
760 60 596 193 27 34 -1 -1 -1 -1 
760 61 466 159 24 20 -1 -1 -1 -1 
760 62 351 249 93 79 -1 -1 -1 -1 
761 60 596 193 27 34 -1 -1 -1 -1 
761 61 466 159 24 20 -1 -1 -1 -1 
761 62 351 249 93 79 -1 -1 -1 -1 
762 60 597 195 29 36 -1 -1 -1 -1 
762 61 470 159 23 17 -1 -1 -1 -1 
762 62 371 238 83 74 -1 -1 -1 -1 
763 60 598 199 31 36 -1 -1 -1 -1 
763 61 472 157 24 18 -1 -1 -1 -1 
763 62 385 230 76 68 -1 -1 -1 -1 
764 60 599 200 32 40 -1 -1 -1 -1 
764 61 476 156 23 18 -1 -1 -1 -1 
764 62 399 224 68 61 -1 -1 -1 -1 
765 60 600 203 33 42 -1 -1 -1 -1 
765 61 478 155 21 19 -1 -1 -1 -1 
765 62 409 215 65 60 -1 -1 -1 -1 
766 60 600 203 33 42 -1 -1 -1 -1 
766 61 478 155 21 19 -1 -1 -1 -1 
766 62 409 215 65 60 -1 -1 -1 -1 
767 60 601 210 38 43 -1 -1 -1 -1 
767 61 479 155 23 17 -1 -1 -1 -1 
767 62 420 210 60 56 -1 -1 -1 -1 
768 60 601 210 38 43 -1 -1 -1 -1 
768 61 483 154 20 17 -1 -1 -1 -1 
769 61 485 153 19 16 -1 -1 -1 -1 
769 62 433 203 55 47 -1 -1 -1 -1 
770 61 487 151 18 16 -1 -1 -1 -1 
770 62 438 198 53 46 -1 -1 -1 -1 
771 61 487 151 18 16 -1 -1 -1 -1 
771 62 438 198 53 46 -1 -1 -1 -1 
772 61 489 151 17 14 -1 -1 -1 -1 
772 62 449 195 46 43 -1 -1 -1 -1 
773 61 491 150 17 14 -1 -1 -1 -1 
773 62 455 193 42 39 -1 -1 -1 -1 
774 61 493 150 16 13 -1 -1 -1 -1 
774 62 459 189 41 39 -1 -1 -1 -1 
775 61 493 150 16 13 -1 -1 -1 -1 
775 62 459 189 41 39 -1 -1 -1 -1 
775 65 613 234 26 68 -1 -1 -1 -1 
776 61 494 149 17 14 -1 -1 -1 -1 
776 62 464 185 38 39 -1 -1 -1 -1 
777 61 497 148 15 13 -1 -1 -1 -1 
777 62 469 184 36 36 -1 -1 -1 -1 
778 61 497 148 16 12 -1 -1 -1 -1 
778 62 472 182 33 33 -1 -1 -1 -1 
779 61 499 148 15 12 -1 -1 -1 -1 
779 62 475 180 33 31 -1 -1 -1 -1 
780 61 499 148 15 12 -1 -1 -1 -1 
780 62 475 180 33 31 -1 -1 -1 -1 
781 61 500 147 15 12 -1 -1 -1 -1 
781 62 478 179 31 30 -1 -1 -1 -1 
782 61 500 147 15 12 -1 -1 -1 -1 
783 62 484 175 29 27 -1 -1 -1 -1 
784 62 486 175 28 25 -1 -1 -1 -1 
785 62 489 173 26 24 -1 -1 -1 -1 
786 62 489 173 26 24 -1 -1 -1 -1 
787 62 492 171 25 24 -1 -1 -1 -1 
788 62 492 171 25 24 -1 -1 -1 -1 
789 62 494 168 24 24 -1 -1 -1 -1 
790 62 497 167 23 23 -1 -1 -1 -1 
791 62 498 167 23 22 -1 -1 -1 -1 
792 62 498 167 23 22 -1 -1 -1 -1 
793 62 498 166 24 21 -1 -1 -1 -1 
794 62 499 164 24 21 -1 -1 -1 -1 
795 62 500 163 24 21 -1 -1 -1 -1 
796 62 503 162 21 19 -1 -1 -1 -1 
797 62 503 162 21 19 -1 -1 -1 -1 
798 62 504 161 21 19 -1 -1 -1 -1 
799 62 507 160 19 18 -1 -1 -1 -1 
800 62 508 159 19 17 -1 -1 -1 -1 
801 62 509 159 18 17 -1 -1 -1 -1 
802 62 509 159 18 17 -1 -1 -1 -1 
803 62 510 157 19 18 -1 -1 -1 -1 
804 62 510 156 19 18 -1 -1 -1 -1 
805 62 511 155 19 18 -1 -1 -1 -1 
806 62 511 155 19 18 -1 -1 -1 -1 
807 62 512 155 18 16 -1 -1 -1 -1 
808 62 512 154 19 17 -1 -1 -1 -1 
809 62 514 153 18 17 -1 -1 -1 -1 
810 62 515 152 17 17 -1 -1 -1 -1 
811 62 515 152 17 17 -1 -1 -1 -1 
812 62 516 151 17 17 -1 -1 -1 -1 
813 62 516 151 17 16 -1 -1 -1 -1 
814 62 517 150 16 16 -1 -1 -1 -1 
815 62 518 149 16 17 -1 -1 -1 -1 
816 62 518 149 16 17 -1 -1 -1 -1 
817 62 519 149 16 15 -1 -1 -1 -1 
818 62 520 149 15 15 -1 -1 -1 -1 
819 62 521 148 14 15 -1 -1 -1 -1 
820 62 521 148 14 13 -1 -1 -1 -1 
821 62 521 148 14 13 -1 -1 -1 -1 
822 62 522 147 14 13 -1 -1 -1 -1 
823 62 522 146 14 13 -1 -1 -1 -1 
827 62 524 143 14 15 -1 -1 -1 -1 
828 62 524 143 14 15 -1 -1 -1 -1 
840 62 524 143 14 15 -1 -1 -1 -1 
843 66 603 170 18 22 -1 -1 -1 -1 
844 66 603 172 19 20 -1 -1 -1 -1 
845 66 603 172 19 20 -1 -1 -1 -1 
846 66 604 173 18 22 -1 -1 -1 -1 
847 66 605 174 17 22 -1 -1 -1 -1 
848 66 606 176 17 22 -1 -1 -1 -1 
849 66 606 175 19 25 -1 -1 -1 -1 
850 66 606 175 19 25 -1 -1 -1 -1 
854 66 610 180 21 25 -1 -1 -1 -1 
855 66 611 184 21 24 -1 -1 -1 -1 
856 66 611 184 21 24 -1 -1 -1 -1 
857 66 612 185 22 26 -1 -1 -1 -1 
858 66 613 184 22 29 -1 -1 -1 -1 
859 66 613 186 25 29 -1 -1 -1 -1 
860 66 613 186 25 29 -1 -1 -1 -1 
895 66 613 186 25 29 -1 -1 -1 -1 
897 67 0 357 78 91 -1 -1 -1 -1 
898 67 1 332 113 133 -1 -1 -1 -1 
899 67 1 332 113 133 -1 -1 -1 -1 
900 67 1 317 146 131 -1 -1 -1 -1 
901 67 0 304 177 122 -1 -1 -1 -1 
902 67 0 304 177 122 -1 -1 -1 -1 
903 67 28 291 178 114 -1 -1 -1 -1 
904 67 69 278 160 107 -1 -1 -1 -1 
905 67 98 271 154 96 -1 -1 -1 -1 
906 67 98 271 154 96 -1 -1 -1 -1 
907 67 131 259 142 93 -1 -1 -1 -1 
908 67 158 252 131 84 -1 -1 -1 -1 
909 67 183 240 125 85 -1 -1 -1 -1 
910 67 183 240 125 85 -1 -1 -1 -1 
911 67 207 234 112 78 -1 -1 -1 -1 
912 67 207 234 112 78 -1 -1 -1 -1 
913 67 227 230 106 70 -1 -1 -1 -1 
914 67 247 220 99 71 -1 -1 -1 -1 
915 67 264 216 94 65 -1 -1 -1 -1 
916 67 264 216 94 65 -1 -1 -1 -1 
917 67 278 212 90 60 -1 -1 -1 -1 
918 67 295 209 79 57 -1 -1 -1 -1 
919 67 309 204 73 55 -1 -1 -1 -1 
920 67 321 200 70 52 -1 -1 -1 -1 
920 70 597 169 15 13 -1 -1 -1 -1 
921 67 321 200 70 52 -1 -1 -1 -1 
921 70 597 169 15 13 -1 -1 -1 -1 
922 67 321 200 70 52 -1 -1 -1 -1 
923 71 341 195 63 47 -1 -1 -1 -1 
924 71 341 195 63 47 -1 -1 -1 -1 
925 71 351 193 60 45 -1 -1 -1 -1 
926 70 601 173 15 13 -1 -1 -1 -1 
926 71 360 190 56 43 -1 -1 -1 -1 
927 70 601 173 16 14 -1 -1 -1 -1 
927 71 367 188 55 41 -1 -1 -1 -1 
928 70 601 173 16 14 -1 -1 -1 -1 
928 71 367 188 55 41 -1 -1 -1 -1 
929 70 602 173 15 15 -1 -1 -1 -1 
929 71 376 186 50 39 -1 -1 -1 -1 
930 70 602 174 16 16 -1 -1 -1 -1 
930 71 381 184 49 37 -1 -1 -1 -1 
931 70 604 177 15 14 -1 -1 -1 -1 
931 71 388 183 47 35 -1 -1 -1 -1 
932 70 604 177 15 14 -1 -1 -1 -1 
932 71 388 183 47 35 -1 -1 -1 -1 
933 70 604 177 16 14 -1 -1 -1 -1 
933 71 395 181 46 35 -1 -1 -1 -1 
934 70 604 177 17 15 -1 -1 -1 -1 
934 71 401 178 43 35 -1 -1 -1 -1 
935 70 605 177 16 16 -1 -1 -1 -1 
935 71 407 175 40 35 -1 -1 -1 -1 
936 70 605 177 16 16 -1 -1 -1 -1 
936 71 407 175 40 35 -1 -1 -1 -1 
937 70 605 177 17 18 -1 -1 -1 -1 
937 71 411 176 37 31 -1 -1 -1 -1 
938 70 606 177 16 19 -1 -1 -1 -1 
938 71 416 174 36 30 -1 -1 -1 -1 
939 70 606 177 17 20 -1 -1 -1 -1 
939 71 420 171 38 31 -1 -1 -1 -1 
940 70 606 177 17 20 -1 -1 -1 -1 
941 71 424 171 38 30 -1 -1 -1 -1 
942 71 428 169 35 29 -1 -1 -1 -1 
943 71 428 169 35 29 -1 -1 -1 -1 
944 70 608 186 19 16 -1 -1 -1 -1 
944 71 431 169 35 28 -1 -1 -1 -1 
945 70 609 187 20 15 -1 -1 -1 -1 
945 71 436 168 30 28 -1 -1 -1 -1 
946 70 609 187 20 15 -1 -1 -1 -1 
946 71 436 168 30 28 -1 -1 -1 -1 
947 70 610 188 20 16 -1 -1 -1 -1 
947 71 440 167 29 25 -1 -1 -1 -1 
948 70 610 188 20 16 -1 -1 -1 -1 
949 71 442 166 29 26 -1 -1 -1 -1 
950 70 612 190 21 18 -1 -1 -1 -1 
950 71 445 165 29 26 -1 -1 -1 -1 
951 70 612 190 21 18 -1 -1 -1 -1 
952 71 449 166 27 23 -1 -1 -1 -1 
953 70 615 190 20 20 -1 -1 -1 -1 
953 71 451 164 28 23 -1 -1 -1 -1 
954 70 615 190 20 20 -1 -1 -1 -1 
954 71 451 164 28 23 -1 -1 -1 -1 
955 70 615 190 20 20 -1 -1 -1 -1 
956 71 456 162 28 23 -1 -1 -1 -1 
957 71 456 162 28 23 -1 -1 -1 -1 
958 71 459 161 25 22 -1 -1 -1 -1 
959 71 461 160 25 21 -1 -1 -1 -1 
960 71 461 160 25 21 -1 -1 -1 -1 
961 71 464 159 23 21 -1 -1 -1 -1 
962 71 465 158 24 22 -1 -1 -1 -1 
963 70 576 155 14 14 -1 -1 -1 -1 
963 71 467 158 23 21 -1 -1 -1 -1 
964 70 576 155 14 14 -1 -1 -1 -1 
964 71 467 158 23 21 -1 -1 -1 -1 
965 70 576 156 14 14 -1 -1 -1 -1 
965 71 469 157 22 19 -1 -1 -1 -1 
966 70 577 157 13 14 -1 -1 -1 -1 
966 71 471 157 22 19 -1 -1 -1 -1 
967 70 577 157 13 14 -1 -1 -1 -1 
967 71 471 157 22 19 -1 -1 -1 -1 
968 70 577 157 13 16 -1 -1 -1 -1 
968 71 473 156 21 19 -1 -1 -1 -1 
969 70 577 157 13 17 -1 -1 -1 -1 
969 71 475 155 21 19 -1 -1 -1 -1 
970 70 577 157 13 17 -1 -1 -1 -1 
970 71 475 155 21 19 -1 -1 -1 -1 
971 70 577 159 14 15 -1 -1 -1 -1 
971 71 478 155 19 17 -1 -1 -1 -1 
972 70 577 159 15 17 -1 -1 -1 -1 
972 71 479 154 20 19 -1 -1 -1 -1 
973 70 577 159 15 17 -1 -1 -1 -1 
973 71 479 154 20 19 -1 -1 -1 -1 
974 70 577 160 15 17 -1 -1 -1 -1 
974 71 479 155 21 17 -1 -1 -1 -1 
975 70 577 160 15 17 -1 -1 -1 -1 
975 71 479 155 21 17 -1 -1 -1 -1 
976 70 577 162 16 17 -1 -1 -1 -1 
976 71 480 154 21 17 -1 -1 -1 -1 
977 70 577 164 16 17 -1 -1 -1 -1 
977 71 483 153 19 17 -1 -1 -1 -1 
978 70 577 164 16 17 -1 -1 -1 -1 
978 71 483 153 19 17 -1 -1 -1 -1 
979 70 577 165 17 16 -1 -1 -1 -1 
979 71 485 152 18 17 -1 -1 -1 -1 
980 70 577 166 19 17 -1 -1 -1 -1 
980 71 486 152 17 16 -1 -1 -1 -1 
981 70 577 166 19 17 -1 -1 -1 -1 
981 71 486 152 17 16 -1 -1 -1 -1 
982 70 577 166 20 19 -1 -1 -1 -1 
982 71 488 151 16 17 -1 -1 -1 -1 
983 70 577 166 20 19 -1 -1 -1 -1 
983 71 488 151 16 17 -1 -1 -1 -1 
984 70 577 167 21 20 -1 -1 -1 -1 
984 71 489 151 17 15 -1 -1 -1 -1 
985 70 578 168 20 20 -1 -1 -1 -1 
985 71 490 151 16 15 -1 -1 -1 -1 
986 70 578 168 20 20 -1 -1 -1 -1 
986 71 490 151 16 15 -1 -1 -1 -1 
987 70 579 169 18 21 -1 -1 -1 -1 
987 71 491 150 16 15 -1 -1 -1 -1 
988 70 579 171 19 21 -1 -1 -1 -1 
988 71 493 150 16 14 -1 -1 -1 -1 
989 70 579 171 19 21 -1 -1 -1 -1 
989 71 493 150 16 14 -1 -1 -1 -1 
989 74 90 381 240 94 -1 -1 -1 -1 
990 70 579 172 20 21 -1 -1 -1 -1 
990 71 493 150 16 14 -1 -1 -1 -1 
991 70 580 174 20 21 -1 -1 -1 -1 
991 71 495 148 16 15 -1 -1 -1 -1 
991 74 202 330 179 140 -1 -1 -1 -1 
992 70 580 174 20 21 -1 -1 -1 -1 
992 71 495 148 16 15 -1 -1 -1 -1 
992 74 202 330 179 140 -1 -1 -1 -1 
993 70 580 175 21 22 -1 -1 -1 -1 
993 71 496 148 16 15 -1 -1 -1 -1 
993 74 244 308 156 125 -1 -1 -1 -1 
994 70 580 175 21 22 -1 -1 -1 -1 
994 71 496 148 16 15 -1 -1 -1 -1 
994 74 244 308 156 125 -1 -1 -1 -1 
995 70 582 176 20 23 -1 -1 -1 -1 
995 71 497 148 16 14 -1 -1 -1 -1 
995 74 280 294 136 107 -1 -1 -1 -1 
996 70 582 177 21 25 -1 -1 -1 -1 
996 71 498 148 15 13 -1 -1 -1 -1 
996 74 308 274 120 100 -1 -1 -1 -1 
997 70 582 177 21 25 -1 -1 -1 -1 
997 71 498 148 15 13 -1 -1 -1 -1 
997 74 308 274 120 100 -1 -1 -1 -1 
998 70 583 180 23 25 -1 -1 -1 -1 
998 71 499 147 14 14 -1 -1 -1 -1 
998 74 334 261 109 92 -1 -1 -1 -1 
999 70 583 180 24 28 -1 -1 -1 -1 
999 71 499 147 14 14 -1 -1 -1 -1 
1000 70 583 180 24 28 -1 -1 -1 -1 
1000 74 356 253 95 80 -1 -1 -1 -1 
1001 70 584 182 26 29 -1 -1 -1 -1 
1001 74 371 244 88 71 -1 -1 -1 -1 
1002 70 583 184 27 31 -1 -1 -1 -1 
1002 74 388 233 78 70 -1 -1 -1 -1 
1003 70 585 186 26 33 -1 -1 -1 -1 
1003 74 400 227 73 63 -1 -1 -1 -1 
1004 70 585 186 26 33 -1 -1 -1 -1 
1004 74 400 227 73 63 -1 -1 -1 -1 
1005 70 587 190 25 31 -1 -1 -1 -1 
1005 74 410 220 67 58 -1 -1 -1 -1 
1006 70 587 193 27 33 -1 -1 -1 -1 
1006 74 422 213 61 57 -1 -1 -1 -1 
1007 70 588 195 29 37 -1 -1 -1 -1 
1007 74 429 209 58 54 -1 -1 -1 -1 
1008 70 588 195 29 37 -1 -1 -1 -1 
1008 74 429 209 58 54 -1 -1 -1 -1 
1008 75 12 405 251 72 -1 -1 -1 -1 
1009 70 589 198 31 37 -1 -1 -1 -1 
1009 74 434 207 58 46 -1 -1 -1 -1 
1009 75 70 378 223 101 -1 -1 -1 -1 
1010 70 590 201 33 40 -1 -1 -1 -1 
1010 74 435 204 60 43 -1 -1 -1 -1 
1010 75 129 348 198 131 -1 -1 -1 -1 
1011 70 590 201 33 40 -1 -1 -1 -1 
1011 74 435 204 60 43 -1 -1 -1 -1 
1011 75 129 348 198 131 -1 -1 -1 -1 
1012 70 591 205 33 42 -1 -1 -1 -1 
1012 74 448 200 50 43 -1 -1 -1 -1 
1012 75 178 325 174 138 -1 -1 -1 -1 
1013 70 592 211 34 42 -1 -1 -1 -1 
1013 74 455 196 46 40 -1 -1 -1 -1 
1013 75 218 304 154 123 -1 -1 -1 -1 
1014 70 592 211 34 42 -1 -1 -1 -1 
1014 74 455 196 46 40 -1 -1 -1 -1 
1014 75 218 304 154 123 -1 -1 -1 -1 
1015 70 593 212 36 48 -1 -1 -1 -1 
1015 74 461 192 44 38 -1 -1 -1 -1 
1015 75 254 286 135 111 -1 -1 -1 -1 
1016 70 594 215 40 53 -1 -1 -1 -1 
1016 74 466 190 41 36 -1 -1 -1 -1 
1016 75 280 266 127 105 -1 -1 -1 -1 
1017 70 595 222 43 57 -1 -1 -1 -1 
1017 74 470 186 38 37 -1 -1 -1 -1 
1017 75 307 257 111 92 -1 -1 -1 -1 
1018 70 595 222 43 57 -1 -1 -1 -1 
1018 74 470 186 38 37 -1 -1 -1 -1 
1018 75 307 257 111 92 -1 -1 -1 -1 
1018 76 1 379 77 96 -1 -1 -1 -1 
1019 70 595 229 44 59 -1 -1 -1 -1 
1019 74 473 184 37 34 -1 -1 -1 -1 
1019 75 330 250 96 80 -1 -1 -1 -1 
1019 76 1 360 112 118 -1 -1 -1 -1 
1020 70 597 237 42 63 -1 -1 -1 -1 
1020 74 475 184 36 30 -1 -1 -1 -1 
1020 75 351 239 86 75 -1 -1 -1 -1 
1020 76 0 340 147 125 -1 -1 -1 -1 
1021 70 599 242 40 70 -1 -1 -1 -1 
1021 74 479 182 34 29 -1 -1 -1 -1 
1021 75 367 231 77 70 -1 -1 -1 -1 
1021 76 10 326 168 116 -1 -1 -1 -1 
1022 70 599 242 40 70 -1 -1 -1 -1 
1022 74 479 182 34 29 -1 -1 -1 -1 
1022 75 367 231 77 70 -1 -1 -1 -1 
1022 76 10 326 168 116 -1 -1 -1 -1 
1023 70 600 251 39 77 -1 -1 -1 -1 
1023 74 482 179 33 29 -1 -1 -1 -1 
1023 75 381 224 72 65 -1 -1 -1 -1 
1023 76 50 310 158 111 -1 -1 -1 -1 
1023 79 127 410 209 67 -1 -1 -1 -1 
1024 70 604 261 35 87 -1 -1 -1 -1 
1024 74 486 177 30 28 -1 -1 -1 -1 
1024 75 389 215 71 63 -1 -1 -1 -1 
1024 76 84 297 148 103 -1 -1 -1 -1 
1024 79 164 377 201 101 -1 -1 -1 -1 
1025 70 604 261 35 87 -1 -1 -1 -1 
1025 74 486 177 30 28 -1 -1 -1 -1 
1025 75 389 215 71 63 -1 -1 -1 -1 
1025 76 84 297 148 103 -1 -1 -1 -1 
1025 79 164 377 201 101 -1 -1 -1 -1 
1026 70 605 272 34 93 -1 -1 -1 -1 
1026 74 489 176 28 25 -1 -1 -1 -1 
1026 75 400 211 65 59 -1 -1 -1 -1 
1026 76 117 289 137 91 -1 -1 -1 -1 
1026 79 217 349 170 129 -1 -1 -1 -1 
1027 70 608 287 31 102 -1 -1 -1 -1 
1027 74 492 172 27 27 -1 -1 -1 -1 
1027 75 410 206 59 55 -1 -1 -1 -1 
1027 76 144 276 131 86 -1 -1 -1 -1 
1027 79 258 327 150 123 -1 -1 -1 -1 
1028 70 608 287 31 102 -1 -1 -1 -1 
1028 71 577 160 17 16 -1 -1 -1 -1 
1028 74 494 171 27 26 -1 -1 -1 -1 
1028 75 418 204 56 50 -1 -1 -1 -1 
1028 76 172 266 120 82 -1 -1 -1 -1 
1029 71 578 160 16 17 -1 -1 -1 -1 
1029 74 497 171 25 24 -1 -1 -1 -1 
1029 75 427 201 51 46 -1 -1 -1 -1 
1029 76 196 258 111 77 -1 -1 -1 -1 
1029 79 321 290 118 96 -1 -1 -1 -1 
1030 71 578 160 16 17 -1 -1 -1 -1 
1030 74 497 171 25 24 -1 -1 -1 -1 
1030 75 427 201 51 46 -1 -1 -1 -1 
1030 76 196 258 111 77 -1 -1 -1 -1 
1030 79 321 290 118 96 -1 -1 -1 -1 
1031 71 579 162 16 16 -1 -1 -1 -1 
1031 74 498 170 25 22 -1 -1 -1 -1 
1031 75 432 197 50 45 -1 -1 -1 -1 
1031 76 220 249 103 70 -1 -1 -1 -1 
1031 79 347 277 102 83 -1 -1 -1 -1 
1032 71 597 168 14 14 -1 -1 -1 -1 
1032 74 499 169 25 21 -1 -1 -1 -1 
1032 75 438 193 47 42 -1 -1 -1 -1 
1032 76 239 243 97 66 -1 -1 -1 -1 
1032 79 367 263 93 76 -1 -1 -1 -1 
1033 71 580 166 15 14 -1 -1 -1 -1 
1033 74 501 167 23 22 -1 -1 -1 -1 
1033 75 445 191 43 39 -1 -1 -1 -1 
1033 76 256 236 91 59 -1 -1 -1 -1 
1033 79 381 252 88 71 -1 -1 -1 -1 
1034 71 580 166 15 14 -1 -1 -1 -1 
1034 74 501 167 23 22 -1 -1 -1 -1 
1034 75 445 191 43 39 -1 -1 -1 -1 
1034 76 256 236 91 59 -1 -1 -1 -1 
1034 79 381 252 88 71 -1 -1 -1 -1 
1035 71 580 166 16 15 -1 -1 -1 -1 
1035 74 503 166 23 20 -1 -1 -1 -1 
1035 75 451 188 40 37 -1 -1 -1 -1 
1035 76 272 231 87 57 -1 -1 -1 -1 
1035 79 396 243 78 65 -1 -1 -1 -1 
1036 71 581 166 15 17 -1 -1 -1 -1 
1036 74 504 165 24 20 -1 -1 -1 -1 
1036 75 454 187 40 35 -1 -1 -1 -1 
1036 76 287 222 81 57 -1 -1 -1 -1 
1036 79 408 235 70 59 -1 -1 -1 -1 
1037 71 581 166 15 17 -1 -1 -1 -1 
1037 74 504 165 24 20 -1 -1 -1 -1 
1037 75 454 187 40 35 -1 -1 -1 -1 
1037 76 287 222 81 57 -1 -1 -1 -1 
1037 79 408 235 70 59 -1 -1 -1 -1 
1038 71 581 166 16 18 -1 -1 -1 -1 
1038 74 506 163 23 20 -1 -1 -1 -1 
1038 75 459 184 39 34 -1 -1 -1 -1 
1038 76 300 218 77 53 -1 -1 -1 -1 
1038 79 420 226 63 58 -1 -1 -1 -1 
1039 71 581 168 17 16 -1 -1 -1 -1 
1039 74 508 162 21 19 -1 -1 -1 -1 
1039 75 462 182 37 32 -1 -1 -1 -1 
1039 76 313 215 73 50 -1 -1 -1 -1 
1039 79 428 222 61 50 -1 -1 -1 -1 
1040 71 583 168 17 19 -1 -1 -1 -1 
1040 74 510 161 20 19 -1 -1 -1 -1 
1040 75 466 180 35 30 -1 -1 -1 -1 
1040 76 325 213 67 47 -1 -1 -1 -1 
1040 79 436 216 54 49 -1 -1 -1 -1 
1041 71 583 168 17 19 -1 -1 -1 -1 
1041 74 510 161 20 19 -1 -1 -1 -1 
1041 75 466 180 35 30 -1 -1 -1 -1 
1041 76 325 213 67 47 -1 -1 -1 -1 
1041 79 436 216 54 49 -1 -1 -1 -1 
1041 80 602 172 16 17 -1 -1 -1 -1 
1042 71 584 167 18 22 -1 -1 -1 -1 
1042 74 511 160 20 18 -1 -1 -1 -1 
1042 75 470 178 32 30 -1 -1 -1 -1 
1042 76 336 210 64 42 -1 -1 -1 -1 
1042 79 441 212 55 46 -1 -1 -1 -1 
1042 80 603 173 17 17 -1 -1 -1 -1 
1043 71 584 169 18 21 -1 -1 -1 -1 
1043 74 512 160 20 17 -1 -1 -1 -1 
1043 75 473 176 31 28 -1 -1 -1 -1 
1043 76 346 205 62 42 -1 -1 -1 -1 
1043 79 451 207 48 43 -1 -1 -1 -1 
1043 80 603 174 18 17 -1 -1 -1 -1 
1044 71 585 172 17 19 -1 -1 -1 -1 
1044 74 512 158 22 18 -1 -1 -1 -1 
1044 75 476 174 30 28 -1 -1 -1 -1 
1044 76 354 201 62 41 -1 -1 -1 -1 
1044 79 457 204 44 42 -1 -1 -1 -1 
1044 80 604 175 18 17 -1 -1 -1 -1 
1045 71 586 175 17 18 -1 -1 -1 -1 
1045 74 515 157 20 18 -1 -1 -1 -1 
1045 75 479 172 29 27 -1 -1 -1 -1 
1045 76 364 199 54 39 -1 -1 -1 -1 
1045 79 462 201 40 39 -1 -1 -1 -1 
1045 80 606 175 16 19 -1 -1 -1 -1 
1046 71 586 175 17 18 -1 -1 -1 -1 
1046 74 515 157 20 18 -1 -1 -1 -1 
1046 75 479 172 29 27 -1 -1 -1 -1 
1046 76 364 199 54 39 -1 -1 -1 -1 
1046 79 462 201 40 39 -1 -1 -1 -1 
1046 80 606 175 16 19 -1 -1 -1 -1 
1047 71 587 174 17 21 -1 -1 -1 -1 
1047 74 516 157 18 16 -1 -1 -1 -1 
1047 75 482 172 26 24 -1 -1 -1 -1 
1047 76 370 197 53 36 -1 -1 -1 -1 
1047 79 466 200 38 33 -1 -1 -1 -1 
1047 80 606 176 16 19 -1 -1 -1 -1 
1048 71 587 177 18 21 -1 -1 -1 -1 
1048 74 517 157 17 15 -1 -1 -1 -1 
1048 75 485 170 24 23 -1 -1 -1 -1 
1048 76 376 195 52 35 -1 -1 -1 -1 
1048 79 471 194 35 35 -1 -1 -1 -1 
1048 80 607 177 16 20 -1 -1 -1 -1 
1049 71 587 177 20 22 -1 -1 -1 -1 
1049 74 518 157 17 13 -1 -1 -1 -1 
1049 75 487 169 26 24 -1 -1 -1 -1 
1049 76 385 192 49 35 -1 -1 -1 -1 
1049 79 474 191 35 33 -1 -1 -1 -1 
1049 80 607 177 18 22 -1 -1 -1 -1 
1049 82 164 342 205 136 -1 -1 -1 -1 
1050 71 587 178 21 23 -1 -1 -1 -1 
1050 74 519 155 17 15 -1 -1 -1 -1 
1050 75 487 169 26 24 -1 -1 -1 -1 
1050 76 390 189 48 34 -1 -1 -1 -1 
1050 79 478 189 33 32 -1 -1 -1 -1 
1050 80 608 179 18 21 -1 -1 -1 -1 
1051 71 587 178 21 23 -1 -1 -1 -1 
1051 74 519 155 17 15 -1 -1 -1 -1 
1051 76 390 189 48 34 -1 -1 -1 -1 
1051 79 478 189 33 32 -1 -1 -1 -1 
1051 80 608 179 18 21 -1 -1 -1 -1 
1051 82 213 319 182 146 -1 -1 -1 -1 
1052 71 588 178 21 25 -1 -1 -1 -1 
1052 74 519 155 18 14 -1 -1 -1 -1 
1052 76 397 189 44 30 -1 -1 -1 -1 
1052 79 481 187 33 30 -1 -1 -1 -1 
1052 80 608 179 18 21 -1 -1 -1 -1 
1053 71 589 180 21 25 -1 -1 -1 -1 
1053 74 520 153 18 15 -1 -1 -1 -1 
1053 75 494 165 21 19 -1 -1 -1 -1 
1053 76 403 186 42 30 -1 -1 -1 -1 
1053 79 484 183 30 29 -1 -1 -1 -1 
1053 82 291 280 136 113 -1 -1 -1 -1 
1054 71 589 180 21 25 -1 -1 -1 -1 
1054 74 520 153 18 15 -1 -1 -1 -1 
1054 75 494 165 21 19 -1 -1 -1 -1 
1054 76 403 186 42 30 -1 -1 -1 -1 
1054 79 484 183 30 29 -1 -1 -1 -1 
1054 82 291 280 136 113 -1 -1 -1 -1 
1055 71 590 181 22 26 -1 -1 -1 -1 
1055 74 520 152 18 16 -1 -1 -1 -1 
1055 75 496 163 20 17 -1 -1 -1 -1 
1055 76 406 183 42 31 -1 -1 -1 -1 
1055 79 488 181 28 28 -1 -1 -1 -1 
1055 80 610 186 19 17 -1 -1 -1 -1 
1055 82 320 265 122 100 -1 -1 -1 -1 
1056 71 590 182 23 28 -1 -1 -1 -1 
1056 74 521 151 17 16 -1 -1 -1 -1 
1056 75 497 162 21 17 -1 -1 -1 -1 
1056 76 411 181 40 31 -1 -1 -1 -1 
1056 79 491 180 25 25 -1 -1 -1 -1 
1056 80 611 187 20 17 -1 -1 -1 -1 
1056 82 343 253 108 90 -1 -1 -1 -1 
1057 71 592 184 23 29 -1 -1 -1 -1 
1057 74 521 151 17 16 -1 -1 -1 -1 
1057 75 498 161 21 17 -1 -1 -1 -1 
1057 76 417 179 37 29 -1 -1 -1 -1 
1057 79 492 179 26 24 -1 -1 -1 -1 
1057 80 613 189 19 16 -1 -1 -1 -1 
1058 71 592 184 23 29 -1 -1 -1 -1 
1058 75 498 161 21 17 -1 -1 -1 -1 
1058 76 417 179 37 29 -1 -1 -1 -1 
1058 79 492 179 26 24 -1 -1 -1 -1 
1058 80 613 189 19 16 -1 -1 -1 -1 
1058 82 365 244 95 81 -1 -1 -1 -1 
1059 71 592 186 25 30 -1 -1 -1 -1 
1059 75 499 161 21 16 -1 -1 -1 -1 
1059 76 420 178 37 28 -1 -1 -1 -1 
1059 79 494 178 26 22 -1 -1 -1 -1 
1059 80 615 190 18 17 -1 -1 -1 -1 
1059 82 381 233 87 76 -1 -1 -1 -1 
1060 71 593 188 26 32 -1 -1 -1 -1 
1060 75 579 164 16 15 -1 -1 -1 -1 
1060 76 424 177 36 27 -1 -1 -1 -1 
1060 79 498 174 23 24 -1 -1 -1 -1 
1060 80 617 190 19 19 -1 -1 -1 -1 
1060 82 395 226 80 69 -1 -1 -1 -1 
1061 71 593 188 26 32 -1 -1 -1 -1 
1061 75 579 164 16 15 -1 -1 -1 -1 
1061 76 424 177 36 27 -1 -1 -1 -1 
1061 79 498 174 23 24 -1 -1 -1 -1 
1061 80 617 190 19 19 -1 -1 -1 -1 
1061 82 395 226 80 69 -1 -1 -1 -1 
1062 71 593 191 29 31 -1 -1 -1 -1 
1062 75 579 164 17 16 -1 -1 -1 -1 
1062 76 428 175 35 28 -1 -1 -1 -1 
1062 79 499 170 23 26 -1 -1 -1 -1 
1062 80 618 190 20 21 -1 -1 -1 -1 
1062 82 407 218 74 65 -1 -1 -1 -1 
1063 71 595 193 28 33 -1 -1 -1 -1 
1063 75 579 164 18 17 -1 -1 -1 -1 
1063 76 431 174 35 27 -1 -1 -1 -1 
1063 79 500 172 23 21 -1 -1 -1 -1 
1063 80 618 191 21 23 -1 -1 -1 -1 
1063 82 418 212 68 61 -1 -1 -1 -1 
1064 71 595 193 28 33 -1 -1 -1 -1 
1064 75 579 164 18 17 -1 -1 -1 -1 
1064 76 431 174 35 27 -1 -1 -1 -1 
1064 79 500 172 23 21 -1 -1 -1 -1 
1064 80 618 191 21 23 -1 -1 -1 -1 
1064 82 418 212 68 61 -1 -1 -1 -1 
1065 71 597 199 27 31 -1 -1 -1 -1 
1065 75 579 164 18 17 -1 -1 -1 -1 
1065 76 435 173 32 24 -1 -1 -1 -1 
1065 79 503 168 21 23 -1 -1 -1 -1 
1065 80 620 193 19 22 -1 -1 -1 -1 
1066 71 598 204 29 30 -1 -1 -1 -1 
1066 75 580 167 17 15 -1 -1 -1 -1 
1066 76 438 171 32 25 -1 -1 -1 -1 
1066 79 505 168 20 21 -1 -1 -1 -1 
1066 80 622 195 17 21 -1 -1 -1 -1 
1066 82 433 205 61 50 -1 -1 -1 -1 
1067 71 599 199 31 40 -1 -1 -1 -1 
1067 75 580 167 18 17 -1 -1 -1 -1 
1067 76 441 171 32 23 -1 -1 -1 -1 
1067 79 506 165 20 22 -1 -1 -1 -1 
1067 80 623 196 16 22 -1 -1 -1 -1 
1067 82 440 201 56 48 -1 -1 -1 -1 
1068 71 601 203 31 39 -1 -1 -1 -1 
1068 75 581 169 18 18 -1 -1 -1 -1 
1068 76 443 170 32 22 -1 -1 -1 -1 
1068 79 508 164 19 21 -1 -1 -1 -1 
1068 80 623 196 16 22 -1 -1 -1 -1 
1069 71 601 203 31 39 -1 -1 -1 -1 
1069 75 581 169 18 18 -1 -1 -1 -1 
1069 76 443 170 32 22 -1 -1 -1 -1 
1069 79 508 164 19 21 -1 -1 -1 -1 
1069 82 449 198 50 45 -1 -1 -1 -1 
1070 71 601 209 33 39 -1 -1 -1 -1 
1070 75 581 170 18 18 -1 -1 -1 -1 
1070 76 447 169 29 22 -1 -1 -1 -1 
1070 79 510 163 18 21 -1 -1 -1 -1 
1070 82 455 194 47 43 -1 -1 -1 -1 
1071 71 603 211 36 42 -1 -1 -1 -1 
1071 75 582 170 18 19 -1 -1 -1 -1 
1071 76 450 167 28 23 -1 -1 -1 -1 
1071 79 511 162 18 19 -1 -1 -1 -1 
1071 82 461 191 43 40 -1 -1 -1 -1 
1072 71 603 211 36 42 -1 -1 -1 -1 
1072 75 582 170 18 19 -1 -1 -1 -1 
1072 76 450 167 28 23 -1 -1 -1 -1 
1072 79 511 162 18 19 -1 -1 -1 -1 
1072 82 461 191 43 40 -1 -1 -1 -1 
1073 71 605 213 34 46 -1 -1 -1 -1 
1073 75 582 170 18 19 -1 -1 -1 -1 
1073 76 453 167 27 21 -1 -1 -1 -1 
1073 79 511 160 19 20 -1 -1 -1 -1 
1074 71 607 215 32 51 -1 -1 -1 -1 
1074 75 583 173 18 19 -1 -1 -1 -1 
1074 76 455 167 26 19 -1 -1 -1 -1 
1074 79 513 157 19 22 -1 -1 -1 -1 
1074 82 470 185 38 37 -1 -1 -1 -1 
1075 71 607 215 32 51 -1 -1 -1 -1 
1075 75 583 173 18 19 -1 -1 -1 -1 
1075 76 455 167 26 19 -1 -1 -1 -1 
1075 79 513 157 19 22 -1 -1 -1 -1 
1075 82 470 185 38 37 -1 -1 -1 -1 
1076 71 610 216 29 55 -1 -1 -1 -1 
1076 75 584 176 18 18 -1 -1 -1 -1 
1076 76 456 165 28 21 -1 -1 -1 -1 
1076 79 513 157 20 20 -1 -1 -1 -1 
1076 82 474 184 36 35 -1 -1 -1 -1 
1077 71 610 214 29 66 -1 -1 -1 -1 
1077 75 585 176 18 20 -1 -1 -1 -1 
1077 76 459 163 27 21 -1 -1 -1 -1 
1077 79 515 157 18 20 -1 -1 -1 -1 
1077 82 477 182 36 33 -1 -1 -1 -1 
1078 71 610 214 29 66 -1 -1 -1 -1 
1078 75 585 176 18 20 -1 -1 -1 -1 
1078 76 459 163 27 21 -1 -1 -1 -1 
1078 79 515 157 18 20 -1 -1 -1 -1 
1078 82 477 182 36 33 -1 -1 -1 -1 
1079 71 613 227 26 58 -1 -1 -1 -1 
1079 75 585 175 20 22 -1 -1 -1 -1 
1079 76 462 162 25 20 -1 -1 -1 -1 
1079 79 516 155 18 20 -1 -1 -1 -1 
1079 82 481 182 32 30 -1 -1 -1 -1 
1080 71 613 227 26 58 -1 -1 -1 -1 
1080 75 585 175 20 22 -1 -1 -1 -1 
1080 76 462 162 25 20 -1 -1 -1 -1 
1080 79 516 155 18 20 -1 -1 -1 -1 
1080 82 481 182 32 30 -1 -1 -1 -1 
1081 71 613 227 26 58 -1 -1 -1 -1 
1081 75 585 177 21 22 -1 -1 -1 -1 
1081 76 464 160 25 21 -1 -1 -1 -1 
1081 79 517 154 17 19 -1 -1 -1 -1 
1081 82 483 176 32 31 -1 -1 -1 -1 
1082 75 586 178 21 23 -1 -1 -1 -1 
1082 76 466 160 24 20 -1 -1 -1 -1 
1082 79 518 153 17 18 -1 -1 -1 -1 
1082 82 486 176 30 28 -1 -1 -1 -1 
1083 75 586 178 21 23 -1 -1 -1 -1 
1083 76 466 160 24 20 -1 -1 -1 -1 
1083 79 518 153 17 18 -1 -1 -1 -1 
1083 82 486 176 30 28 -1 -1 -1 -1 
1084 75 586 180 22 23 -1 -1 -1 -1 
1084 76 467 160 23 19 -1 -1 -1 -1 
1084 79 519 154 16 16 -1 -1 -1 -1 
1084 82 490 173 28 28 -1 -1 -1 -1 
1085 75 586 180 22 23 -1 -1 -1 -1 
1085 76 467 160 23 19 -1 -1 -1 -1 
1085 79 519 154 16 16 -1 -1 -1 -1 
1085 82 490 173 28 28 -1 -1 -1 -1 
1086 75 583 176 19 22 -1 -1 -1 -1 
1086 76 467 160 23 19 -1 -1 -1 -1 
1087 75 583 176 20 25 -1 -1 -1 -1 
1087 82 499 165 26 21 -1 -1 -1 -1 
1088 75 583 176 20 25 -1 -1 -1 -1 
1088 82 499 165 26 21 -1 -1 -1 -1 
1089 75 584 184 22 18 -1 -1 -1 -1 
1089 82 503 163 23 22 -1 -1 -1 -1 
1090 75 584 184 22 18 -1 -1 -1 -1 
1090 82 503 163 23 22 -1 -1 -1 -1 
1091 75 584 185 22 18 -1 -1 -1 -1 
1091 82 505 163 22 19 -1 -1 -1 -1 
1092 75 586 186 21 19 -1 -1 -1 -1 
1092 82 508 161 19 20 -1 -1 -1 -1 
1093 75 586 186 21 19 -1 -1 -1 -1 
1093 82 508 161 19 20 -1 -1 -1 -1 
1094 75 587 188 22 21 -1 -1 -1 -1 
1094 82 509 160 20 19 -1 -1 -1 -1 
1095 75 587 189 22 23 -1 -1 -1 -1 
1095 82 510 160 20 17 -1 -1 -1 -1 
1096 75 587 189 22 23 -1 -1 -1 -1 
1096 82 510 160 20 17 -1 -1 -1 -1 
1097 75 588 191 22 23 -1 -1 -1 -1 
1097 79 583 175 18 16 -1 -1 -1 -1 
1097 82 511 159 19 18 -1 -1 -1 -1 
1098 75 589 193 23 26 -1 -1 -1 -1 
1098 79 584 177 18 16 -1 -1 -1 -1 
1098 82 512 158 19 18 -1 -1 -1 -1 
1099 75 589 193 23 26 -1 -1 -1 -1 
1099 79 584 177 18 16 -1 -1 -1 -1 
1099 82 512 158 19 18 -1 -1 -1 -1 
1100 75 590 196 24 27 -1 -1 -1 -1 
1100 79 585 177 18 18 -1 -1 -1 -1 
1100 82 512 158 21 17 -1 -1 -1 -1 
1101 75 591 200 26 27 -1 -1 -1 -1 
1101 79 585 181 20 17 -1 -1 -1 -1 
1101 82 514 158 18 16 -1 -1 -1 -1 
1102 75 591 200 26 27 -1 -1 -1 -1 
1102 79 585 181 20 17 -1 -1 -1 -1 
1102 82 514 158 18 16 -1 -1 -1 -1 
1103 71 596 168 15 11 -1 -1 -1 -1 
1103 75 590 201 30 31 -1 -1 -1 -1 
1103 79 585 181 21 18 -1 -1 -1 -1 
1103 82 515 158 17 14 -1 -1 -1 -1 
1104 71 597 168 14 12 -1 -1 -1 -1 
1104 75 592 204 30 32 -1 -1 -1 -1 
1104 79 586 182 21 20 -1 -1 -1 -1 
1104 82 517 157 16 13 -1 -1 -1 -1 
1105 71 597 168 14 12 -1 -1 -1 -1 
1105 75 592 204 30 32 -1 -1 -1 -1 
1105 79 586 182 21 20 -1 -1 -1 -1 
1105 82 517 157 16 13 -1 -1 -1 -1 
1106 71 597 168 14 13 -1 -1 -1 -1 
1106 75 594 210 30 31 -1 -1 -1 -1 
1106 79 586 184 22 20 -1 -1 -1 -1 
1106 82 519 156 16 13 -1 -1 -1 -1 
1107 71 598 169 13 13 -1 -1 -1 -1 
1107 75 595 212 30 37 -1 -1 -1 -1 
1107 79 587 185 23 22 -1 -1 -1 -1 
1107 82 519 155 16 14 -1 -1 -1 -1 
1108 71 598 169 13 13 -1 -1 -1 -1 
1108 75 596 213 31 42 -1 -1 -1 -1 
1108 79 588 186 23 25 -1 -1 -1 -1 
1109 75 596 213 31 42 -1 -1 -1 -1 
1109 79 588 186 23 25 -1 -1 -1 -1 
1109 82 520 154 16 14 -1 -1 -1 -1 
1110 75 598 216 33 46 -1 -1 -1 -1 
1110 79 588 189 25 25 -1 -1 -1 -1 
1110 82 599 170 13 13 -1 -1 -1 -1 
1111 75 598 216 33 46 -1 -1 -1 -1 
1112 79 589 190 26 28 -1 -1 -1 -1 
1113 79 591 192 28 31 -1 -1 -1 -1 
1114 79 591 192 28 31 -1 -1 -1 -1 
1115 75 601 238 38 54 -1 -1 -1 -1 
1115 79 591 194 29 33 -1 -1 -1 -1 
1116 75 603 247 36 56 -1 -1 -1 -1 
1116 79 592 197 31 35 -1 -1 -1 -1 
1116 82 601 172 16 15 -1 -1 -1 -1 
1117 75 603 247 36 56 -1 -1 -1 -1 
1117 79 592 197 31 35 -1 -1 -1 -1 
1117 82 601 172 16 15 -1 -1 -1 -1 
1118 75 605 255 34 61 -1 -1 -1 -1 
1118 79 594 201 31 33 -1 -1 -1 -1 
1118 82 602 174 15 15 -1 -1 -1 -1 
1119 75 605 255 34 61 -1 -1 -1 -1 
1119 79 594 201 31 33 -1 -1 -1 -1 
1119 82 602 174 15 15 -1 -1 -1 -1 
1120 75 607 263 32 69 -1 -1 -1 -1 
1120 79 596 204 29 37 -1 -1 -1 -1 
1120 82 601 175 17 15 -1 -1 -1 -1 
1121 75 609 278 30 74 -1 -1 -1 -1 
1121 79 597 208 32 38 -1 -1 -1 -1 
1121 82 603 177 16 14 -1 -1 -1 -1 
1122 75 609 278 30 74 -1 -1 -1 -1 
1122 79 597 208 32 38 -1 -1 -1 -1 
1122 82 603 177 16 14 -1 -1 -1 -1 
1123 75 611 291 28 82 -1 -1 -1 -1 
1123 79 599 212 33 40 -1 -1 -1 -1 
1123 82 604 177 16 15 -1 -1 -1 -1 
1124 75 614 308 25 90 -1 -1 -1 -1 
1124 79 599 212 33 40 -1 -1 -1 -1 
1125 75 614 308 25 90 -1 -1 -1 -1 
1125 79 600 222 39 44 -1 -1 -1 -1 
1126 79 600 222 39 44 -1 -1 -1 -1 
1126 82 606 179 15 14 -1 -1 -1 -1 
1127 79 602 229 37 46 -1 -1 -1 -1 
1127 82 606 178 15 17 -1 -1 -1 -1 
1128 79 602 232 37 51 -1 -1 -1 -1 
1128 82 606 178 16 19 -1 -1 -1 -1 
1129 79 602 232 37 51 -1 -1 -1 -1 
1129 82 606 178 16 19 -1 -1 -1 -1 
1130 79 602 232 37 51 -1 -1 -1 -1 
1131 82 606 179 17 19 -1 -1 -1 -1 
1132 82 607 182 16 17 -1 -1 -1 -1 
1133 71 591 156 14 13 -1 -1 -1 -1 
1133 82 608 185 16 16 -1 -1 -1 -1 
1134 71 591 156 14 13 -1 -1 -1 -1 
1134 82 608 185 16 16 -1 -1 -1 -1 
1134 89 612 252 27 68 -1 -1 -1 -1 
1135 71 593 158 12 12 -1 -1 -1 -1 
1135 82 608 187 18 14 -1 -1 -1 -1 
1135 89 612 265 27 71 -1 -1 -1 -1 
