100 19 1446 762 71 68 -1 -1 -1 -1 
101 19 1424 776 75 73 -1 -1 -1 -1 
102 19 1383 793 101 92 -1 -1 -1 -1 
103 19 1328 826 113 96 -1 -1 -1 -1 
104 19 1328 826 113 96 -1 -1 -1 -1 
152 35 1449 771 82 82 -1 -1 -1 -1 
153 35 1411 801 95 95 -1 -1 -1 -1 
154 35 1363 831 124 119 -1 -1 -1 -1 
155 35 1363 831 124 119 -1 -1 -1 -1 
185 47 1112 764 95 79 -1 -1 -1 -1 
186 47 1071 780 106 81 -1 -1 -1 -1 
188 47 1071 780 106 81 -1 -1 -1 -1 
189 47 910 846 138 101 -1 -1 -1 -1 
190 47 910 846 138 101 -1 -1 -1 -1 
222 67 1445 763 82 69 -1 -1 -1 -1 
223 67 1423 772 90 78 -1 -1 -1 -1 
224 67 1374 803 114 93 -1 -1 -1 -1 
225 67 1330 829 130 104 -1 -1 -1 -1 
226 47 1116 789 86 71 -1 -1 -1 -1 
226 67 1330 829 130 104 -1 -1 -1 -1 
227 47 1079 802 100 74 -1 -1 -1 -1 
228 47 1032 815 107 84 -1 -1 -1 -1 
229 47 985 842 110 82 -1 -1 -1 -1 
233 47 985 842 110 82 -1 -1 -1 -1 
239 77 1701 777 69 76 -1 -1 -1 -1 
240 77 1703 779 69 74 -1 -1 -1 -1 
241 77 1706 796 74 69 -1 -1 -1 -1 
242 77 1703 793 81 82 -1 -1 -1 -1 
243 77 1702 795 83 80 -1 -1 -1 -1 
244 77 1704 797 83 81 -1 -1 -1 -1 
245 77 1701 802 88 86 -1 -1 -1 -1 
246 77 1700 802 91 92 -1 -1 -1 -1 
247 77 1700 805 94 94 -1 -1 -1 -1 
248 77 1705 817 95 90 -1 -1 -1 -1 
249 77 1706 818 96 94 -1 -1 -1 -1 
250 77 1706 821 94 97 -1 -1 -1 -1 
251 77 1704 822 101 100 -1 -1 -1 -1 
252 77 1711 839 99 93 -1 -1 -1 -1 
253 77 1708 835 102 103 -1 -1 -1 -1 
254 77 1712 847 96 100 -1 -1 -1 -1 
255 77 1712 855 98 104 -1 -1 -1 -1 
256 77 1710 860 100 105 -1 -1 -1 -1 
257 77 1714 884 106 94 -1 -1 -1 -1 
258 77 1720 890 102 103 -1 -1 -1 -1 
259 77 1718 918 117 95 -1 -1 -1 -1 
260 77 1718 927 123 104 -1 -1 -1 -1 
261 77 1716 931 122 118 -1 -1 -1 -1 
262 77 1724 947 120 120 -1 -1 -1 -1 
263 77 1719 972 133 126 -1 -1 -1 -1 
263 80 1707 882 86 85 -1 -1 -1 -1 
264 77 1728 989 126 139 -1 -1 -1 -1 
264 80 1707 889 89 88 -1 -1 -1 -1 
265 77 1733 1059 146 102 -1 -1 -1 -1 
265 80 1711 900 89 98 -1 -1 -1 -1 
266 77 1736 1020 132 171 -1 -1 -1 -1 
266 80 1710 916 95 110 -1 -1 -1 -1 
267 77 1737 1054 149 188 -1 -1 -1 -1 
267 80 1708 930 99 122 -1 -1 -1 -1 
268 77 1740 1082 148 208 -1 -1 -1 -1 
268 80 1713 941 99 122 -1 -1 -1 -1 
269 77 1740 1112 167 225 -1 -1 -1 -1 
269 80 1710 960 114 132 -1 -1 -1 -1 
270 77 1745 1163 178 239 -1 -1 -1 -1 
270 80 1715 967 112 136 -1 -1 -1 -1 
271 77 1755 1227 204 274 -1 -1 -1 -1 
271 80 1715 967 112 136 -1 -1 -1 -1 
272 77 1759 1284 227 330 -1 -1 -1 -1 
272 80 1723 1015 134 167 -1 -1 -1 -1 
272 81 1441 759 82 84 -1 -1 -1 -1 
273 77 1768 1362 276 369 -1 -1 -1 -1 
273 80 1733 1044 141 176 -1 -1 -1 -1 
273 81 1420 771 89 90 -1 -1 -1 -1 
274 77 1796 1488 297 418 -1 -1 -1 -1 
274 80 1743 1095 151 204 -1 -1 -1 -1 
274 81 1382 795 111 101 -1 -1 -1 -1 
275 77 1796 1488 297 418 -1 -1 -1 -1 
275 80 1751 1162 171 226 -1 -1 -1 -1 
275 81 1333 823 128 115 -1 -1 -1 -1 
276 80 1764 1223 200 273 -1 -1 -1 -1 
276 81 1284 850 162 146 -1 -1 -1 -1 
277 80 1789 1321 210 310 -1 -1 -1 -1 
277 81 1185 890 222 202 -1 -1 -1 -1 
278 80 1796 1415 253 394 -1 -1 -1 -1 
278 81 1185 890 222 202 -1 -1 -1 -1 
279 80 1796 1415 253 394 -1 -1 -1 -1 
312 89 1441 766 69 63 -1 -1 -1 -1 
313 89 1415 781 79 72 -1 -1 -1 -1 
314 89 1386 800 98 83 -1 -1 -1 -1 
315 89 1353 818 106 89 -1 -1 -1 -1 
316 89 1304 846 121 110 -1 -1 -1 -1 
317 89 1238 876 151 137 -1 -1 -1 -1 
318 89 1238 876 151 137 -1 -1 -1 -1 
331 95 1469 744 68 53 -1 -1 -1 -1 
332 95 1453 750 71 60 -1 -1 -1 -1 
333 95 1444 759 71 63 -1 -1 -1 -1 
334 95 1423 769 77 70 -1 -1 -1 -1 
335 95 1400 785 85 78 -1 -1 -1 -1 
336 95 1372 800 98 87 -1 -1 -1 -1 
337 95 1332 812 116 104 -1 -1 -1 -1 
338 95 1291 827 138 123 -1 -1 -1 -1 
339 95 1234 866 161 138 -1 -1 -1 -1 
340 95 1144 899 208 176 -1 -1 -1 -1 
341 95 1037 931 261 228 -1 -1 -1 -1 
342 95 1037 931 261 228 -1 -1 -1 -1 
393 112 1442 757 77 70 -1 -1 -1 -1 
394 112 1421 770 78 74 -1 -1 -1 -1 
395 112 1377 790 108 91 -1 -1 -1 -1 
396 112 1334 817 118 106 -1 -1 -1 -1 
397 112 1274 840 140 134 -1 -1 -1 -1 
398 112 1274 840 140 134 -1 -1 -1 -1 
