4 4 344 249 97 82 -1 -1 -1 -1 
4 5 466 154 22 22 -1 -1 -1 -1 
4 7 343 248 97 84 -1 -1 -1 -1 
5 4 361 237 91 79 -1 -1 -1 -1 
5 5 467 153 23 22 -1 -1 -1 -1 
5 7 343 248 97 84 -1 -1 -1 -1 
5 8 0 233 47 44 -1 -1 -1 -1 
6 4 375 230 83 73 -1 -1 -1 -1 
6 5 468 153 22 22 -1 -1 -1 -1 
6 8 0 227 60 50 -1 -1 -1 -1 
7 4 375 230 83 73 -1 -1 -1 -1 
7 5 468 153 22 22 -1 -1 -1 -1 
7 8 0 227 60 50 -1 -1 -1 -1 
7 9 507 148 15 13 -1 -1 -1 -1 
8 4 390 223 74 67 -1 -1 -1 -1 
8 5 472 152 20 22 -1 -1 -1 -1 
8 8 0 225 73 53 -1 -1 -1 -1 
8 9 507 148 16 12 -1 -1 -1 -1 
9 4 390 223 74 67 -1 -1 -1 -1 
9 5 472 152 20 22 -1 -1 -1 -1 
9 8 0 225 73 53 -1 -1 -1 -1 
9 9 507 148 16 12 -1 -1 -1 -1 
10 4 401 219 70 59 -1 -1 -1 -1 
10 5 473 151 20 21 -1 -1 -1 -1 
10 8 0 221 85 52 -1 -1 -1 -1 
10 9 508 147 14 12 -1 -1 -1 -1 
11 4 410 212 67 59 -1 -1 -1 -1 
11 5 474 151 21 20 -1 -1 -1 -1 
11 8 1 218 96 51 -1 -1 -1 -1 
11 9 508 147 15 11 -1 -1 -1 -1 
12 4 410 212 67 59 -1 -1 -1 -1 
12 5 474 151 21 20 -1 -1 -1 -1 
12 8 1 218 96 51 -1 -1 -1 -1 
12 9 508 147 15 11 -1 -1 -1 -1 
13 4 420 208 62 53 -1 -1 -1 -1 
13 5 476 151 20 19 -1 -1 -1 -1 
13 8 16 214 91 50 -1 -1 -1 -1 
13 9 509 147 14 11 -1 -1 -1 -1 
14 4 429 203 58 50 -1 -1 -1 -1 
14 5 478 150 19 19 -1 -1 -1 -1 
14 8 28 212 90 47 -1 -1 -1 -1 
14 9 509 147 13 10 -1 -1 -1 -1 
15 4 429 203 58 50 -1 -1 -1 -1 
15 5 478 150 19 19 -1 -1 -1 -1 
15 8 28 212 90 47 -1 -1 -1 -1 
15 9 509 147 13 10 -1 -1 -1 -1 
16 4 434 200 56 47 -1 -1 -1 -1 
16 5 480 150 18 18 -1 -1 -1 -1 
16 8 41 209 87 47 -1 -1 -1 -1 
16 9 510 147 12 9 -1 -1 -1 -1 
17 4 438 196 55 45 -1 -1 -1 -1 
17 5 482 149 17 18 -1 -1 -1 -1 
17 8 53 205 85 46 -1 -1 -1 -1 
18 4 438 196 55 45 -1 -1 -1 -1 
18 5 482 149 17 18 -1 -1 -1 -1 
18 8 53 205 85 46 -1 -1 -1 -1 
19 4 449 194 47 40 -1 -1 -1 -1 
19 5 483 148 17 18 -1 -1 -1 -1 
19 8 61 201 87 47 -1 -1 -1 -1 
20 4 449 194 47 40 -1 -1 -1 -1 
20 5 483 148 17 18 -1 -1 -1 -1 
20 8 61 201 87 47 -1 -1 -1 -1 
21 4 454 192 45 39 -1 -1 -1 -1 
21 5 483 148 18 18 -1 -1 -1 -1 
21 8 76 200 81 43 -1 -1 -1 -1 
22 4 458 188 45 38 -1 -1 -1 -1 
22 5 484 147 19 19 -1 -1 -1 -1 
22 8 87 196 77 45 -1 -1 -1 -1 
23 4 458 188 45 38 -1 -1 -1 -1 
23 5 484 147 19 19 -1 -1 -1 -1 
23 8 87 196 77 45 -1 -1 -1 -1 
24 4 463 185 39 37 -1 -1 -1 -1 
24 5 485 147 18 18 -1 -1 -1 -1 
24 8 97 194 77 44 -1 -1 -1 -1 
25 4 463 185 39 37 -1 -1 -1 -1 
25 5 485 147 18 18 -1 -1 -1 -1 
25 8 97 194 77 44 -1 -1 -1 -1 
26 4 468 184 37 34 -1 -1 -1 -1 
26 5 486 146 18 18 -1 -1 -1 -1 
26 8 107 191 74 43 -1 -1 -1 -1 
27 4 471 182 35 32 -1 -1 -1 -1 
27 5 488 146 17 17 -1 -1 -1 -1 
27 8 118 190 72 40 -1 -1 -1 -1 
28 4 471 182 35 32 -1 -1 -1 -1 
28 5 488 146 17 17 -1 -1 -1 -1 
28 8 118 190 72 40 -1 -1 -1 -1 
29 4 475 180 32 30 -1 -1 -1 -1 
29 5 490 145 16 17 -1 -1 -1 -1 
29 8 127 187 71 40 -1 -1 -1 -1 
30 4 475 180 32 30 -1 -1 -1 -1 
30 5 490 145 16 17 -1 -1 -1 -1 
30 8 127 187 71 40 -1 -1 -1 -1 
31 4 477 178 33 30 -1 -1 -1 -1 
31 5 490 146 16 15 -1 -1 -1 -1 
31 8 136 186 69 38 -1 -1 -1 -1 
32 4 481 176 30 27 -1 -1 -1 -1 
32 5 491 145 16 16 -1 -1 -1 -1 
32 8 142 184 68 38 -1 -1 -1 -1 
33 4 481 176 30 27 -1 -1 -1 -1 
33 5 491 145 16 16 -1 -1 -1 -1 
33 8 142 184 68 38 -1 -1 -1 -1 
34 4 483 174 31 28 -1 -1 -1 -1 
34 5 492 145 16 15 -1 -1 -1 -1 
34 8 151 182 69 37 -1 -1 -1 -1 
35 4 483 174 31 28 -1 -1 -1 -1 
35 5 492 145 16 15 -1 -1 -1 -1 
35 8 151 182 69 37 -1 -1 -1 -1 
36 4 485 172 30 27 -1 -1 -1 -1 
36 5 494 145 16 14 -1 -1 -1 -1 
36 8 161 182 63 35 -1 -1 -1 -1 
37 4 488 172 29 24 -1 -1 -1 -1 
37 5 495 144 15 15 -1 -1 -1 -1 
37 8 170 179 61 36 -1 -1 -1 -1 
38 4 488 172 29 24 -1 -1 -1 -1 
38 5 495 144 15 15 -1 -1 -1 -1 
38 8 170 179 61 36 -1 -1 -1 -1 
39 4 491 170 26 25 -1 -1 -1 -1 
39 5 496 143 15 15 -1 -1 -1 -1 
39 8 177 177 56 35 -1 -1 -1 -1 
40 4 491 170 26 25 -1 -1 -1 -1 
40 5 496 143 15 15 -1 -1 -1 -1 
40 8 177 177 56 35 -1 -1 -1 -1 
41 4 495 168 24 24 -1 -1 -1 -1 
41 5 497 144 15 13 -1 -1 -1 -1 
41 8 184 175 49 34 -1 -1 -1 -1 
42 4 496 168 25 22 -1 -1 -1 -1 
42 5 497 143 15 14 -1 -1 -1 -1 
42 8 193 175 40 32 -1 -1 -1 -1 
43 4 496 168 25 22 -1 -1 -1 -1 
43 5 497 143 15 14 -1 -1 -1 -1 
43 8 193 175 40 32 -1 -1 -1 -1 
44 4 498 165 23 24 -1 -1 -1 -1 
44 5 497 143 15 14 -1 -1 -1 -1 
45 4 498 164 25 23 -1 -1 -1 -1 
46 4 499 164 25 21 -1 -1 -1 -1 
47 4 503 163 21 20 -1 -1 -1 -1 
48 4 504 162 22 19 -1 -1 -1 -1 
49 4 504 162 22 19 -1 -1 -1 -1 
50 4 506 160 20 20 -1 -1 -1 -1 
51 4 506 160 20 20 -1 -1 -1 -1 
52 4 508 159 19 20 -1 -1 -1 -1 
53 4 510 160 18 18 -1 -1 -1 -1 
54 4 510 160 18 18 -1 -1 -1 -1 
55 4 510 159 19 18 -1 -1 -1 -1 
56 4 511 156 19 19 -1 -1 -1 -1 
57 4 511 156 19 19 -1 -1 -1 -1 
58 4 512 155 19 19 -1 -1 -1 -1 
58 11 258 165 41 23 -1 -1 -1 -1 
59 4 512 155 19 19 -1 -1 -1 -1 
59 11 258 165 41 23 -1 -1 -1 -1 
60 4 513 155 19 18 -1 -1 -1 -1 
60 11 261 163 42 23 -1 -1 -1 -1 
61 4 514 155 19 16 -1 -1 -1 -1 
61 11 265 161 39 25 -1 -1 -1 -1 
62 4 514 155 19 16 -1 -1 -1 -1 
62 11 265 161 39 25 -1 -1 -1 -1 
63 4 516 155 18 15 -1 -1 -1 -1 
63 11 271 161 34 24 -1 -1 -1 -1 
64 4 518 154 16 15 -1 -1 -1 -1 
64 11 274 160 32 24 -1 -1 -1 -1 
65 4 518 154 16 15 -1 -1 -1 -1 
65 11 274 160 32 24 -1 -1 -1 -1 
66 4 518 153 16 16 -1 -1 -1 -1 
66 11 278 159 28 23 -1 -1 -1 -1 
67 4 518 153 16 16 -1 -1 -1 -1 
67 11 278 159 28 23 -1 -1 -1 -1 
68 4 519 153 17 15 -1 -1 -1 -1 
68 11 282 159 33 23 -1 -1 -1 -1 
69 4 521 151 16 16 -1 -1 -1 -1 
69 11 285 158 33 24 -1 -1 -1 -1 
70 4 521 151 16 16 -1 -1 -1 -1 
70 11 285 158 33 24 -1 -1 -1 -1 
71 4 521 151 16 15 -1 -1 -1 -1 
72 4 521 151 16 15 -1 -1 -1 -1 
87 4 582 155 13 14 -1 -1 -1 -1 
88 4 582 155 13 14 -1 -1 -1 -1 
89 4 582 156 13 13 -1 -1 -1 -1 
90 4 583 157 12 12 -1 -1 -1 -1 
91 4 583 157 12 12 -1 -1 -1 -1 
94 4 584 157 12 14 -1 -1 -1 -1 
95 4 585 160 12 12 -1 -1 -1 -1 
96 4 585 160 12 12 -1 -1 -1 -1 
99 4 583 160 14 15 -1 -1 -1 -1 
107 4 587 167 14 14 -1 -1 -1 -1 
108 4 587 168 15 14 -1 -1 -1 -1 
109 4 587 168 15 14 -1 -1 -1 -1 
110 4 588 168 14 14 -1 -1 -1 -1 
111 4 588 169 15 14 -1 -1 -1 -1 
112 4 588 169 15 14 -1 -1 -1 -1 
113 4 589 169 15 14 -1 -1 -1 -1 
114 4 589 169 15 14 -1 -1 -1 -1 
115 4 589 170 15 15 -1 -1 -1 -1 
116 4 589 170 16 17 -1 -1 -1 -1 
117 4 589 170 16 17 -1 -1 -1 -1 
118 4 589 171 17 18 -1 -1 -1 -1 
119 4 589 172 18 19 -1 -1 -1 -1 
120 4 590 172 17 19 -1 -1 -1 -1 
120 12 130 344 196 135 -1 -1 -1 -1 
121 4 590 172 17 19 -1 -1 -1 -1 
121 12 130 344 196 135 -1 -1 -1 -1 
122 4 591 173 17 20 -1 -1 -1 -1 
122 12 186 318 168 126 -1 -1 -1 -1 
123 4 591 174 18 21 -1 -1 -1 -1 
123 12 231 295 148 114 -1 -1 -1 -1 
124 4 591 174 18 21 -1 -1 -1 -1 
124 12 231 295 148 114 -1 -1 -1 -1 
125 4 592 175 18 21 -1 -1 -1 -1 
125 12 269 275 129 103 -1 -1 -1 -1 
126 4 592 175 19 24 -1 -1 -1 -1 
126 12 302 262 112 92 -1 -1 -1 -1 
127 4 594 176 18 26 -1 -1 -1 -1 
127 12 327 252 98 80 -1 -1 -1 -1 
128 4 594 176 18 26 -1 -1 -1 -1 
128 12 327 252 98 80 -1 -1 -1 -1 
128 13 327 251 98 80 -1 -1 -1 -1 
129 4 595 177 18 26 -1 -1 -1 -1 
129 12 350 243 88 69 -1 -1 -1 -1 
130 4 596 181 19 22 -1 -1 -1 -1 
130 12 369 233 79 63 -1 -1 -1 -1 
131 4 596 181 19 22 -1 -1 -1 -1 
131 12 369 233 79 63 -1 -1 -1 -1 
132 4 596 180 20 26 -1 -1 -1 -1 
132 12 385 223 72 62 -1 -1 -1 -1 
133 4 597 182 20 27 -1 -1 -1 -1 
133 12 398 216 66 55 -1 -1 -1 -1 
134 4 597 182 20 27 -1 -1 -1 -1 
134 12 398 216 66 55 -1 -1 -1 -1 
135 4 597 182 20 27 -1 -1 -1 -1 
136 12 420 207 57 46 -1 -1 -1 -1 
137 12 420 207 57 46 -1 -1 -1 -1 
138 12 429 202 54 45 -1 -1 -1 -1 
139 12 429 202 54 45 -1 -1 -1 -1 
140 12 436 199 49 42 -1 -1 -1 -1 
141 12 443 195 46 39 -1 -1 -1 -1 
142 12 451 193 42 35 -1 -1 -1 -1 
142 14 602 194 26 31 -1 -1 -1 -1 
143 12 451 193 42 35 -1 -1 -1 -1 
143 14 602 194 26 31 -1 -1 -1 -1 
144 12 454 188 44 37 -1 -1 -1 -1 
144 14 602 194 28 35 -1 -1 -1 -1 
145 12 460 185 40 34 -1 -1 -1 -1 
145 14 604 197 29 36 -1 -1 -1 -1 
146 12 460 185 40 34 -1 -1 -1 -1 
146 14 604 197 29 36 -1 -1 -1 -1 
147 12 465 183 37 33 -1 -1 -1 -1 
148 12 470 181 35 30 -1 -1 -1 -1 
149 12 470 181 35 30 -1 -1 -1 -1 
150 12 473 179 34 29 -1 -1 -1 -1 
151 12 473 179 34 29 -1 -1 -1 -1 
152 12 477 176 31 29 -1 -1 -1 -1 
153 4 579 156 20 14 -1 -1 -1 -1 
153 12 481 175 30 27 -1 -1 -1 -1 
154 4 579 156 20 14 -1 -1 -1 -1 
154 12 484 173 29 25 -1 -1 -1 -1 
154 15 612 211 27 49 -1 -1 -1 -1 
155 4 579 156 20 14 -1 -1 -1 -1 
155 12 484 173 29 25 -1 -1 -1 -1 
155 15 612 211 27 49 -1 -1 -1 -1 
156 4 579 156 20 14 -1 -1 -1 -1 
157 12 489 171 27 23 -1 -1 -1 -1 
158 12 489 171 27 23 -1 -1 -1 -1 
159 12 492 169 26 23 -1 -1 -1 -1 
160 12 495 167 25 22 -1 -1 -1 -1 
161 12 497 167 23 20 -1 -1 -1 -1 
162 12 497 167 23 20 -1 -1 -1 -1 
163 12 499 165 23 21 -1 -1 -1 -1 
164 12 499 164 24 20 -1 -1 -1 -1 
165 12 499 164 24 20 -1 -1 -1 -1 
166 12 502 163 21 19 -1 -1 -1 -1 
167 12 503 161 22 19 -1 -1 -1 -1 
168 12 506 160 20 18 -1 -1 -1 -1 
169 12 506 160 20 18 -1 -1 -1 -1 
170 12 507 159 19 17 -1 -1 -1 -1 
171 12 509 158 19 17 -1 -1 -1 -1 
172 12 510 156 20 18 -1 -1 -1 -1 
173 12 510 156 20 18 -1 -1 -1 -1 
174 4 583 172 17 18 -1 -1 -1 -1 
174 12 511 156 20 18 -1 -1 -1 -1 
175 4 512 155 19 17 -1 -1 -1 -1 
176 4 514 154 19 17 -1 -1 -1 -1 
176 12 584 175 16 17 -1 -1 -1 -1 
177 4 514 154 19 17 -1 -1 -1 -1 
177 12 584 175 16 17 -1 -1 -1 -1 
178 4 516 154 17 15 -1 -1 -1 -1 
178 12 584 176 17 18 -1 -1 -1 -1 
179 4 517 152 17 16 -1 -1 -1 -1 
179 12 584 176 18 21 -1 -1 -1 -1 
180 4 517 152 17 16 -1 -1 -1 -1 
180 12 584 176 18 21 -1 -1 -1 -1 
180 16 0 294 102 159 -1 -1 -1 -1 
181 4 517 151 17 16 -1 -1 -1 -1 
181 12 584 174 19 24 -1 -1 -1 -1 
181 16 1 278 141 185 -1 -1 -1 -1 
182 4 519 151 16 15 -1 -1 -1 -1 
182 12 584 175 21 26 -1 -1 -1 -1 
182 16 1 264 171 176 -1 -1 -1 -1 
183 4 520 151 15 14 -1 -1 -1 -1 
183 12 585 181 20 21 -1 -1 -1 -1 
183 16 0 241 204 174 -1 -1 -1 -1 
184 4 521 150 15 14 -1 -1 -1 -1 
184 12 585 181 20 21 -1 -1 -1 -1 
185 4 521 150 15 14 -1 -1 -1 -1 
185 16 12 232 218 160 -1 -1 -1 -1 
186 4 521 149 16 14 -1 -1 -1 -1 
186 12 585 183 23 24 -1 -1 -1 -1 
186 16 53 221 203 152 -1 -1 -1 -1 
187 4 521 149 16 14 -1 -1 -1 -1 
187 12 585 183 23 24 -1 -1 -1 -1 
187 16 53 221 203 152 -1 -1 -1 -1 
188 4 521 149 16 14 -1 -1 -1 -1 
188 12 588 182 22 27 -1 -1 -1 -1 
189 12 587 188 22 24 -1 -1 -1 -1 
189 16 124 207 172 133 -1 -1 -1 -1 
190 12 588 187 22 27 -1 -1 -1 -1 
190 16 155 201 159 125 -1 -1 -1 -1 
191 12 588 188 25 30 -1 -1 -1 -1 
191 16 181 191 142 120 -1 -1 -1 -1 
192 12 588 188 25 30 -1 -1 -1 -1 
192 16 181 191 142 120 -1 -1 -1 -1 
193 12 589 191 27 30 -1 -1 -1 -1 
193 16 207 188 132 112 -1 -1 -1 -1 
194 12 589 191 27 30 -1 -1 -1 -1 
194 16 227 185 125 104 -1 -1 -1 -1 
195 16 227 185 125 104 -1 -1 -1 -1 
195 17 604 176 17 20 -1 -1 -1 -1 
196 16 248 182 113 96 -1 -1 -1 -1 
196 17 605 177 16 21 -1 -1 -1 -1 
197 16 264 188 105 85 -1 -1 -1 -1 
197 17 606 178 16 21 -1 -1 -1 -1 
198 16 280 177 97 85 -1 -1 -1 -1 
198 17 606 178 17 22 -1 -1 -1 -1 
198 19 196 366 179 112 -1 -1 -1 -1 
199 16 280 177 97 85 -1 -1 -1 -1 
199 17 606 178 17 22 -1 -1 -1 -1 
199 19 196 366 179 112 -1 -1 -1 -1 
200 16 295 173 92 82 -1 -1 -1 -1 
200 17 606 178 17 22 -1 -1 -1 -1 
201 16 309 172 86 78 -1 -1 -1 -1 
201 19 288 314 131 109 -1 -1 -1 -1 
202 16 309 172 86 78 -1 -1 -1 -1 
202 19 288 314 131 109 -1 -1 -1 -1 
203 16 320 173 83 71 -1 -1 -1 -1 
203 19 320 291 115 98 -1 -1 -1 -1 
203 20 596 206 34 45 -1 -1 -1 -1 
204 16 333 165 75 75 -1 -1 -1 -1 
204 19 349 275 98 85 -1 -1 -1 -1 
205 16 343 163 72 70 -1 -1 -1 -1 
205 19 370 262 89 76 -1 -1 -1 -1 
206 16 353 161 67 67 -1 -1 -1 -1 
206 19 390 251 78 67 -1 -1 -1 -1 
207 16 353 161 67 67 -1 -1 -1 -1 
207 19 390 251 78 67 -1 -1 -1 -1 
207 22 598 218 40 53 -1 -1 -1 -1 
208 16 361 163 66 62 -1 -1 -1 -1 
208 19 403 240 73 63 -1 -1 -1 -1 
208 22 598 218 40 53 -1 -1 -1 -1 
209 16 368 162 62 59 -1 -1 -1 -1 
209 19 417 231 65 58 -1 -1 -1 -1 
210 16 368 162 62 59 -1 -1 -1 -1 
210 19 417 231 65 58 -1 -1 -1 -1 
210 23 611 191 28 27 -1 -1 -1 -1 
211 16 377 161 59 59 -1 -1 -1 -1 
211 19 428 224 60 51 -1 -1 -1 -1 
211 23 613 191 26 30 -1 -1 -1 -1 
211 24 603 235 36 62 -1 -1 -1 -1 
212 16 382 157 58 58 -1 -1 -1 -1 
212 19 437 216 54 50 -1 -1 -1 -1 
212 23 616 194 23 30 -1 -1 -1 -1 
212 24 606 241 33 67 -1 -1 -1 -1 
213 16 390 157 55 54 -1 -1 -1 -1 
213 19 445 213 51 44 -1 -1 -1 -1 
213 23 617 195 22 31 -1 -1 -1 -1 
213 24 608 246 31 71 -1 -1 -1 -1 
214 16 397 151 52 57 -1 -1 -1 -1 
214 19 453 207 46 42 -1 -1 -1 -1 
215 16 397 151 52 57 -1 -1 -1 -1 
215 19 453 207 46 42 -1 -1 -1 -1 
216 16 402 153 48 54 -1 -1 -1 -1 
216 19 459 202 45 41 -1 -1 -1 -1 
217 16 408 154 46 51 -1 -1 -1 -1 
217 19 465 198 42 37 -1 -1 -1 -1 
218 16 413 152 44 51 -1 -1 -1 -1 
218 19 470 195 37 35 -1 -1 -1 -1 
219 16 413 152 44 51 -1 -1 -1 -1 
219 19 470 195 37 35 -1 -1 -1 -1 
220 16 418 149 45 52 -1 -1 -1 -1 
220 19 474 191 35 34 -1 -1 -1 -1 
221 16 418 149 45 52 -1 -1 -1 -1 
221 19 474 191 35 34 -1 -1 -1 -1 
222 16 423 151 41 47 -1 -1 -1 -1 
222 19 477 187 35 34 -1 -1 -1 -1 
223 16 423 151 41 47 -1 -1 -1 -1 
224 19 482 186 32 30 -1 -1 -1 -1 
225 19 486 183 30 28 -1 -1 -1 -1 
226 19 490 181 27 27 -1 -1 -1 -1 
227 19 490 181 27 27 -1 -1 -1 -1 
227 26 433 150 38 41 -1 -1 -1 -1 
228 19 493 179 26 25 -1 -1 -1 -1 
229 19 495 175 26 26 -1 -1 -1 -1 
230 19 495 175 26 26 -1 -1 -1 -1 
231 19 498 172 23 25 -1 -1 -1 -1 
232 19 498 171 25 25 -1 -1 -1 -1 
233 19 498 171 25 25 -1 -1 -1 -1 
234 19 499 170 24 23 -1 -1 -1 -1 
234 27 577 163 18 17 -1 -1 -1 -1 
235 19 503 169 22 22 -1 -1 -1 -1 
235 27 577 165 19 15 -1 -1 -1 -1 
236 19 503 169 22 22 -1 -1 -1 -1 
236 27 577 165 19 15 -1 -1 -1 -1 
237 19 506 168 20 20 -1 -1 -1 -1 
237 27 577 166 20 16 -1 -1 -1 -1 
238 19 508 167 19 19 -1 -1 -1 -1 
239 19 508 167 19 19 -1 -1 -1 -1 
240 19 509 165 20 19 -1 -1 -1 -1 
241 19 511 164 19 17 -1 -1 -1 -1 
241 27 579 169 19 18 -1 -1 -1 -1 
242 19 511 164 19 17 -1 -1 -1 -1 
242 27 579 169 19 18 -1 -1 -1 -1 
243 19 512 164 19 17 -1 -1 -1 -1 
243 27 579 169 19 19 -1 -1 -1 -1 
244 19 512 164 19 17 -1 -1 -1 -1 
244 27 579 169 19 19 -1 -1 -1 -1 
245 19 513 162 20 18 -1 -1 -1 -1 
245 27 579 171 19 19 -1 -1 -1 -1 
246 19 514 162 19 15 -1 -1 -1 -1 
246 27 579 173 19 18 -1 -1 -1 -1 
247 19 516 160 18 16 -1 -1 -1 -1 
247 27 580 175 19 17 -1 -1 -1 -1 
248 19 516 160 18 16 -1 -1 -1 -1 
248 27 580 175 19 17 -1 -1 -1 -1 
249 19 517 158 19 16 -1 -1 -1 -1 
249 27 581 176 18 18 -1 -1 -1 -1 
250 19 517 158 19 16 -1 -1 -1 -1 
250 27 581 176 18 18 -1 -1 -1 -1 
251 19 519 158 17 14 -1 -1 -1 -1 
251 27 581 179 19 18 -1 -1 -1 -1 
252 19 520 157 16 13 -1 -1 -1 -1 
252 27 582 179 19 19 -1 -1 -1 -1 
253 19 520 157 16 13 -1 -1 -1 -1 
253 27 582 179 19 19 -1 -1 -1 -1 
254 19 521 156 15 13 -1 -1 -1 -1 
254 27 583 182 20 19 -1 -1 -1 -1 
255 19 522 156 15 13 -1 -1 -1 -1 
255 27 583 184 21 18 -1 -1 -1 -1 
256 19 522 156 15 13 -1 -1 -1 -1 
256 27 583 184 21 18 -1 -1 -1 -1 
257 19 523 155 16 13 -1 -1 -1 -1 
257 27 584 185 22 20 -1 -1 -1 -1 
258 19 576 157 14 14 -1 -1 -1 -1 
258 27 584 186 23 21 -1 -1 -1 -1 
259 19 576 157 14 15 -1 -1 -1 -1 
259 27 584 187 25 23 -1 -1 -1 -1 
260 19 576 157 15 16 -1 -1 -1 -1 
260 27 585 186 25 27 -1 -1 -1 -1 
261 19 576 157 15 16 -1 -1 -1 -1 
261 27 585 186 25 27 -1 -1 -1 -1 
261 29 597 165 15 15 -1 -1 -1 -1 
262 19 576 157 14 16 -1 -1 -1 -1 
262 27 585 187 26 30 -1 -1 -1 -1 
262 29 598 166 13 16 -1 -1 -1 -1 
263 19 576 157 14 16 -1 -1 -1 -1 
263 27 586 190 25 29 -1 -1 -1 -1 
264 27 588 190 26 33 -1 -1 -1 -1 
264 29 598 168 15 15 -1 -1 -1 -1 
265 27 588 190 26 33 -1 -1 -1 -1 
265 29 598 168 15 15 -1 -1 -1 -1 
266 27 588 192 28 36 -1 -1 -1 -1 
266 29 599 168 15 16 -1 -1 -1 -1 
267 27 588 195 31 37 -1 -1 -1 -1 
267 29 577 164 17 17 -1 -1 -1 -1 
268 27 589 197 31 39 -1 -1 -1 -1 
268 29 577 165 17 17 -1 -1 -1 -1 
269 27 589 197 31 39 -1 -1 -1 -1 
269 29 577 165 17 17 -1 -1 -1 -1 
270 19 577 165 18 17 -1 -1 -1 -1 
270 27 590 202 33 39 -1 -1 -1 -1 
270 29 600 170 16 16 -1 -1 -1 -1 
271 19 577 166 18 18 -1 -1 -1 -1 
271 27 591 204 33 42 -1 -1 -1 -1 
271 29 601 173 17 16 -1 -1 -1 -1 
272 19 577 166 18 18 -1 -1 -1 -1 
272 27 591 204 33 42 -1 -1 -1 -1 
272 29 601 173 17 16 -1 -1 -1 -1 
273 19 578 166 17 19 -1 -1 -1 -1 
273 27 591 210 36 42 -1 -1 -1 -1 
273 29 602 175 17 16 -1 -1 -1 -1 
274 19 579 168 18 19 -1 -1 -1 -1 
274 27 591 210 36 42 -1 -1 -1 -1 
275 19 579 168 18 19 -1 -1 -1 -1 
275 29 604 176 16 15 -1 -1 -1 -1 
276 19 579 167 18 22 -1 -1 -1 -1 
276 29 605 176 16 17 -1 -1 -1 -1 
277 19 579 167 18 22 -1 -1 -1 -1 
277 29 605 176 16 17 -1 -1 -1 -1 
278 19 580 168 18 22 -1 -1 -1 -1 
278 27 595 218 41 54 -1 -1 -1 -1 
278 29 606 176 16 18 -1 -1 -1 -1 
279 19 580 170 18 22 -1 -1 -1 -1 
279 27 595 218 41 54 -1 -1 -1 -1 
279 29 606 176 17 20 -1 -1 -1 -1 
280 19 580 172 18 21 -1 -1 -1 -1 
280 29 607 176 16 21 -1 -1 -1 -1 
280 31 73 338 207 139 -1 -1 -1 -1 
281 19 580 172 18 21 -1 -1 -1 -1 
281 29 607 176 16 21 -1 -1 -1 -1 
281 31 73 338 207 139 -1 -1 -1 -1 
282 19 580 173 20 21 -1 -1 -1 -1 
282 29 607 177 18 22 -1 -1 -1 -1 
282 31 128 316 184 136 -1 -1 -1 -1 
283 19 581 174 19 23 -1 -1 -1 -1 
283 29 607 177 18 22 -1 -1 -1 -1 
283 31 177 296 160 122 -1 -1 -1 -1 
284 19 581 174 19 23 -1 -1 -1 -1 
284 31 177 296 160 122 -1 -1 -1 -1 
285 19 583 174 18 25 -1 -1 -1 -1 
285 29 609 183 19 19 -1 -1 -1 -1 
285 31 217 277 141 111 -1 -1 -1 -1 
286 19 583 175 20 26 -1 -1 -1 -1 
286 29 610 186 19 17 -1 -1 -1 -1 
286 31 252 266 127 94 -1 -1 -1 -1 
287 19 583 175 20 26 -1 -1 -1 -1 
287 29 610 186 19 17 -1 -1 -1 -1 
287 31 252 266 127 94 -1 -1 -1 -1 
288 19 582 178 22 25 -1 -1 -1 -1 
288 29 611 186 22 20 -1 -1 -1 -1 
288 31 281 250 112 91 -1 -1 -1 -1 
288 34 608 273 31 88 -1 -1 -1 -1 
289 19 583 180 24 26 -1 -1 -1 -1 
289 29 613 187 20 21 -1 -1 -1 -1 
289 31 308 243 98 79 -1 -1 -1 -1 
290 19 583 181 25 27 -1 -1 -1 -1 
290 29 614 188 20 21 -1 -1 -1 -1 
290 31 331 231 87 74 -1 -1 -1 -1 
291 19 583 181 25 27 -1 -1 -1 -1 
291 29 614 188 20 21 -1 -1 -1 -1 
291 31 331 231 87 74 -1 -1 -1 -1 
292 19 583 181 25 27 -1 -1 -1 -1 
292 29 615 188 22 24 -1 -1 -1 -1 
293 19 584 186 25 28 -1 -1 -1 -1 
293 29 617 189 21 25 -1 -1 -1 -1 
293 31 363 216 77 65 -1 -1 -1 -1 
294 19 584 186 25 28 -1 -1 -1 -1 
294 29 617 189 21 25 -1 -1 -1 -1 
294 31 363 216 77 65 -1 -1 -1 -1 
295 19 585 188 26 29 -1 -1 -1 -1 
295 29 618 190 21 27 -1 -1 -1 -1 
295 31 378 213 70 57 -1 -1 -1 -1 
296 19 586 190 26 29 -1 -1 -1 -1 
296 29 619 191 20 28 -1 -1 -1 -1 
296 31 388 206 66 55 -1 -1 -1 -1 
297 19 587 190 26 32 -1 -1 -1 -1 
297 29 621 193 18 27 -1 -1 -1 -1 
297 31 402 203 60 48 -1 -1 -1 -1 
298 19 587 190 26 32 -1 -1 -1 -1 
298 29 621 193 18 27 -1 -1 -1 -1 
298 31 402 203 60 48 -1 -1 -1 -1 
299 19 587 192 28 36 -1 -1 -1 -1 
299 29 621 196 18 27 -1 -1 -1 -1 
299 31 408 199 59 48 -1 -1 -1 -1 
300 19 587 192 28 36 -1 -1 -1 -1 
300 29 621 196 18 27 -1 -1 -1 -1 
300 31 408 199 59 48 -1 -1 -1 -1 
301 19 588 194 29 38 -1 -1 -1 -1 
301 29 623 197 16 28 -1 -1 -1 -1 
301 31 417 195 52 45 -1 -1 -1 -1 
302 19 590 197 30 39 -1 -1 -1 -1 
302 29 624 198 15 28 -1 -1 -1 -1 
302 31 424 193 50 41 -1 -1 -1 -1 
303 19 591 199 31 42 -1 -1 -1 -1 
303 29 624 198 15 28 -1 -1 -1 -1 
304 19 591 199 31 42 -1 -1 -1 -1 
304 31 432 189 46 40 -1 -1 -1 -1 
305 19 590 202 33 43 -1 -1 -1 -1 
305 31 437 187 47 38 -1 -1 -1 -1 
306 19 592 210 33 40 -1 -1 -1 -1 
306 31 443 185 43 35 -1 -1 -1 -1 
307 19 592 210 33 40 -1 -1 -1 -1 
307 31 443 185 43 35 -1 -1 -1 -1 
308 19 594 210 34 44 -1 -1 -1 -1 
308 31 449 182 39 34 -1 -1 -1 -1 
309 19 594 210 34 44 -1 -1 -1 -1 
309 31 449 182 39 34 -1 -1 -1 -1 
310 19 595 211 39 51 -1 -1 -1 -1 
310 31 454 180 36 32 -1 -1 -1 -1 
311 19 596 214 40 57 -1 -1 -1 -1 
311 31 458 178 34 31 -1 -1 -1 -1 
312 19 596 219 43 59 -1 -1 -1 -1 
312 31 462 176 33 30 -1 -1 -1 -1 
313 19 596 219 43 59 -1 -1 -1 -1 
314 31 465 174 32 28 -1 -1 -1 -1 
315 31 469 173 31 26 -1 -1 -1 -1 
316 31 469 173 31 26 -1 -1 -1 -1 
317 31 472 172 30 25 -1 -1 -1 -1 
318 31 475 169 29 26 -1 -1 -1 -1 
319 31 475 169 29 26 -1 -1 -1 -1 
320 31 477 168 28 25 -1 -1 -1 -1 
320 37 604 248 35 84 -1 -1 -1 -1 
321 31 481 166 27 24 -1 -1 -1 -1 
321 37 606 259 33 88 -1 -1 -1 -1 
322 31 481 166 27 24 -1 -1 -1 -1 
322 37 606 259 33 88 -1 -1 -1 -1 
323 31 484 165 26 24 -1 -1 -1 -1 
323 37 609 268 30 95 -1 -1 -1 -1 
324 31 486 164 24 23 -1 -1 -1 -1 
325 31 488 163 24 21 -1 -1 -1 -1 
326 31 488 163 24 21 -1 -1 -1 -1 
327 31 490 163 24 19 -1 -1 -1 -1 
328 31 490 163 24 19 -1 -1 -1 -1 
329 31 494 160 20 21 -1 -1 -1 -1 
330 31 495 159 21 21 -1 -1 -1 -1 
331 31 495 159 21 21 -1 -1 -1 -1 
332 31 497 158 21 20 -1 -1 -1 -1 
333 31 499 158 21 19 -1 -1 -1 -1 
334 31 499 158 21 19 -1 -1 -1 -1 
335 31 500 158 20 16 -1 -1 -1 -1 
336 31 501 156 21 18 -1 -1 -1 -1 
337 31 501 156 21 18 -1 -1 -1 -1 
338 31 503 156 20 17 -1 -1 -1 -1 
339 31 503 156 20 17 -1 -1 -1 -1 
340 31 506 154 18 17 -1 -1 -1 -1 
341 31 507 155 17 15 -1 -1 -1 -1 
342 31 507 155 17 15 -1 -1 -1 -1 
343 31 509 154 16 15 -1 -1 -1 -1 
344 31 509 154 16 15 -1 -1 -1 -1 
345 31 509 152 18 16 -1 -1 -1 -1 
346 31 511 151 17 16 -1 -1 -1 -1 
347 31 511 151 17 16 -1 -1 -1 -1 
348 31 512 151 17 15 -1 -1 -1 -1 
349 31 512 151 17 15 -1 -1 -1 -1 
350 31 513 151 17 13 -1 -1 -1 -1 
378 31 513 151 17 13 -1 -1 -1 -1 
380 38 22 387 269 88 -1 -1 -1 -1 
381 38 76 362 242 116 -1 -1 -1 -1 
382 38 76 362 242 116 -1 -1 -1 -1 
383 38 133 336 215 141 -1 -1 -1 -1 
384 38 183 317 185 144 -1 -1 -1 -1 
385 38 224 298 162 126 -1 -1 -1 -1 
386 38 224 298 162 126 -1 -1 -1 -1 
387 38 257 281 145 115 -1 -1 -1 -1 
388 38 257 281 145 115 -1 -1 -1 -1 
389 38 286 267 129 104 -1 -1 -1 -1 
390 38 310 256 115 96 -1 -1 -1 -1 
391 38 310 256 115 96 -1 -1 -1 -1 
392 38 328 247 107 86 -1 -1 -1 -1 
393 38 351 237 93 79 -1 -1 -1 -1 
394 38 351 237 93 79 -1 -1 -1 -1 
395 38 367 229 87 76 -1 -1 -1 -1 
396 38 380 223 78 69 -1 -1 -1 -1 
397 38 380 223 78 69 -1 -1 -1 -1 
398 38 391 215 73 67 -1 -1 -1 -1 
398 40 390 214 77 67 -1 -1 -1 -1 
399 38 391 215 73 67 -1 -1 -1 -1 
399 40 390 214 77 67 -1 -1 -1 -1 
400 38 400 210 70 62 -1 -1 -1 -1 
401 38 409 207 67 58 -1 -1 -1 -1 
402 38 409 207 67 58 -1 -1 -1 -1 
403 38 419 204 60 54 -1 -1 -1 -1 
404 38 419 204 60 54 -1 -1 -1 -1 
405 38 426 200 59 50 -1 -1 -1 -1 
405 40 425 199 62 51 -1 -1 -1 -1 
406 38 431 196 56 50 -1 -1 -1 -1 
406 40 430 196 57 50 -1 -1 -1 -1 
407 38 431 196 56 50 -1 -1 -1 -1 
407 40 430 196 57 50 -1 -1 -1 -1 
408 38 436 192 54 48 -1 -1 -1 -1 
408 40 437 193 52 47 -1 -1 -1 -1 
409 38 443 191 50 43 -1 -1 -1 -1 
410 38 443 191 50 43 -1 -1 -1 -1 
411 38 450 188 46 42 -1 -1 -1 -1 
412 38 454 186 44 41 -1 -1 -1 -1 
413 38 454 186 44 41 -1 -1 -1 -1 
414 38 458 183 43 40 -1 -1 -1 -1 
415 38 458 183 43 40 -1 -1 -1 -1 
416 38 462 182 40 36 -1 -1 -1 -1 
417 38 465 179 38 36 -1 -1 -1 -1 
418 38 465 179 38 36 -1 -1 -1 -1 
419 38 468 178 37 33 -1 -1 -1 -1 
420 38 472 175 34 33 -1 -1 -1 -1 
421 38 472 175 34 33 -1 -1 -1 -1 
422 38 474 174 35 31 -1 -1 -1 -1 
423 38 477 173 34 29 -1 -1 -1 -1 
424 38 477 173 34 29 -1 -1 -1 -1 
425 38 480 171 32 29 -1 -1 -1 -1 
426 38 483 168 30 30 -1 -1 -1 -1 
427 38 483 168 30 30 -1 -1 -1 -1 
428 38 485 167 28 29 -1 -1 -1 -1 
429 38 487 167 27 27 -1 -1 -1 -1 
430 38 487 167 27 27 -1 -1 -1 -1 
431 38 489 166 27 26 -1 -1 -1 -1 
432 38 491 164 27 26 -1 -1 -1 -1 
433 38 491 164 27 26 -1 -1 -1 -1 
434 38 493 165 26 23 -1 -1 -1 -1 
435 38 495 162 25 24 -1 -1 -1 -1 
436 38 495 162 25 24 -1 -1 -1 -1 
437 38 498 161 23 24 -1 -1 -1 -1 
438 38 499 161 22 22 -1 -1 -1 -1 
439 38 499 161 22 22 -1 -1 -1 -1 
440 38 499 161 23 21 -1 -1 -1 -1 
441 38 500 160 24 21 -1 -1 -1 -1 
442 38 500 160 24 21 -1 -1 -1 -1 
443 38 502 158 22 22 -1 -1 -1 -1 
444 38 504 157 21 21 -1 -1 -1 -1 
445 38 504 157 21 21 -1 -1 -1 -1 
446 38 506 156 20 20 -1 -1 -1 -1 
447 38 507 155 19 20 -1 -1 -1 -1 
448 38 507 155 19 20 -1 -1 -1 -1 
449 38 509 155 18 18 -1 -1 -1 -1 
450 38 509 155 18 18 -1 -1 -1 -1 
451 38 510 154 18 19 -1 -1 -1 -1 
452 38 510 153 19 19 -1 -1 -1 -1 
453 38 510 153 19 19 -1 -1 -1 -1 
454 38 511 154 19 17 -1 -1 -1 -1 
455 38 512 154 18 16 -1 -1 -1 -1 
456 38 512 154 18 16 -1 -1 -1 -1 
456 41 72 384 229 93 -1 -1 -1 -1 
457 38 513 152 18 17 -1 -1 -1 -1 
457 41 138 353 197 126 -1 -1 -1 -1 
458 38 513 152 19 16 -1 -1 -1 -1 
458 41 197 325 169 132 -1 -1 -1 -1 
459 38 513 152 19 16 -1 -1 -1 -1 
459 41 197 325 169 132 -1 -1 -1 -1 
460 38 514 151 19 16 -1 -1 -1 -1 
460 41 245 302 144 111 -1 -1 -1 -1 
461 38 514 151 19 16 -1 -1 -1 -1 
461 41 245 302 144 111 -1 -1 -1 -1 
462 38 515 151 18 15 -1 -1 -1 -1 
462 41 282 280 127 101 -1 -1 -1 -1 
463 38 516 150 17 15 -1 -1 -1 -1 
463 41 314 262 109 92 -1 -1 -1 -1 
464 38 516 150 17 15 -1 -1 -1 -1 
464 41 314 262 109 92 -1 -1 -1 -1 
465 38 517 149 17 15 -1 -1 -1 -1 
465 41 342 252 94 79 -1 -1 -1 -1 
466 38 517 149 17 15 -1 -1 -1 -1 
466 41 362 240 85 72 -1 -1 -1 -1 
467 38 517 149 17 15 -1 -1 -1 -1 
467 41 380 233 75 62 -1 -1 -1 -1 
468 41 380 233 75 62 -1 -1 -1 -1 
469 38 519 146 17 16 -1 -1 -1 -1 
469 41 396 224 68 58 -1 -1 -1 -1 
469 42 396 222 69 61 -1 -1 -1 -1 
470 38 519 146 17 16 -1 -1 -1 -1 
470 41 396 224 68 58 -1 -1 -1 -1 
470 42 396 222 69 61 -1 -1 -1 -1 
471 38 519 146 17 16 -1 -1 -1 -1 
472 38 521 146 16 14 -1 -1 -1 -1 
472 41 419 209 60 54 -1 -1 -1 -1 
473 38 521 146 16 14 -1 -1 -1 -1 
473 41 419 209 60 54 -1 -1 -1 -1 
474 38 521 146 16 14 -1 -1 -1 -1 
475 41 428 206 56 46 -1 -1 -1 -1 
476 38 522 146 16 13 -1 -1 -1 -1 
476 41 434 202 54 44 -1 -1 -1 -1 
477 38 522 146 16 13 -1 -1 -1 -1 
478 41 442 198 50 40 -1 -1 -1 -1 
479 38 524 145 15 13 -1 -1 -1 -1 
479 41 452 194 43 38 -1 -1 -1 -1 
480 38 524 145 15 13 -1 -1 -1 -1 
480 41 452 194 43 38 -1 -1 -1 -1 
481 38 524 145 15 13 -1 -1 -1 -1 
482 41 463 186 39 36 -1 -1 -1 -1 
483 41 463 186 39 36 -1 -1 -1 -1 
484 41 468 186 35 32 -1 -1 -1 -1 
485 41 471 183 34 31 -1 -1 -1 -1 
486 41 471 183 34 31 -1 -1 -1 -1 
487 41 476 180 31 30 -1 -1 -1 -1 
488 41 478 178 32 27 -1 -1 -1 -1 
489 41 478 178 32 27 -1 -1 -1 -1 
490 41 482 177 29 25 -1 -1 -1 -1 
491 41 482 177 29 25 -1 -1 -1 -1 
492 41 485 174 28 25 -1 -1 -1 -1 
493 41 488 173 27 24 -1 -1 -1 -1 
494 41 488 173 27 24 -1 -1 -1 -1 
494 43 577 165 17 15 -1 -1 -1 -1 
495 41 491 171 25 23 -1 -1 -1 -1 
496 41 494 169 23 22 -1 -1 -1 -1 
496 43 577 166 18 15 -1 -1 -1 -1 
497 41 494 169 23 22 -1 -1 -1 -1 
497 43 577 166 18 15 -1 -1 -1 -1 
498 41 497 167 21 22 -1 -1 -1 -1 
498 43 577 166 19 16 -1 -1 -1 -1 
499 41 498 166 22 22 -1 -1 -1 -1 
499 43 577 166 20 17 -1 -1 -1 -1 
500 41 498 166 22 22 -1 -1 -1 -1 
500 43 577 166 20 17 -1 -1 -1 -1 
501 41 499 164 22 22 -1 -1 -1 -1 
501 43 577 166 19 19 -1 -1 -1 -1 
502 41 499 164 22 22 -1 -1 -1 -1 
502 43 577 166 19 19 -1 -1 -1 -1 
503 41 499 164 24 20 -1 -1 -1 -1 
503 43 578 166 19 19 -1 -1 -1 -1 
504 41 501 163 22 19 -1 -1 -1 -1 
504 43 578 168 19 19 -1 -1 -1 -1 
505 41 501 163 22 19 -1 -1 -1 -1 
505 43 578 168 19 19 -1 -1 -1 -1 
506 41 502 161 22 19 -1 -1 -1 -1 
506 43 578 168 19 20 -1 -1 -1 -1 
507 41 505 160 20 18 -1 -1 -1 -1 
507 43 579 169 18 20 -1 -1 -1 -1 
508 41 505 160 20 18 -1 -1 -1 -1 
508 43 579 169 18 20 -1 -1 -1 -1 
509 41 508 158 18 18 -1 -1 -1 -1 
509 43 579 169 19 20 -1 -1 -1 -1 
510 41 508 158 18 18 -1 -1 -1 -1 
510 43 579 169 19 20 -1 -1 -1 -1 
511 41 508 157 18 18 -1 -1 -1 -1 
511 43 579 170 19 21 -1 -1 -1 -1 
512 41 510 156 18 18 -1 -1 -1 -1 
512 43 579 171 19 21 -1 -1 -1 -1 
513 41 510 156 18 18 -1 -1 -1 -1 
513 43 579 171 19 21 -1 -1 -1 -1 
514 41 511 156 18 17 -1 -1 -1 -1 
514 43 579 174 19 18 -1 -1 -1 -1 
515 41 511 156 18 17 -1 -1 -1 -1 
515 43 579 174 19 18 -1 -1 -1 -1 
516 41 511 155 19 16 -1 -1 -1 -1 
516 43 580 174 19 19 -1 -1 -1 -1 
517 41 513 155 18 15 -1 -1 -1 -1 
517 43 579 174 20 22 -1 -1 -1 -1 
518 41 513 155 18 15 -1 -1 -1 -1 
518 43 579 174 20 22 -1 -1 -1 -1 
519 41 513 154 18 15 -1 -1 -1 -1 
519 43 579 175 20 22 -1 -1 -1 -1 
520 41 514 153 18 15 -1 -1 -1 -1 
520 43 581 176 19 22 -1 -1 -1 -1 
521 41 514 153 18 15 -1 -1 -1 -1 
521 43 581 176 19 22 -1 -1 -1 -1 
522 41 516 152 16 15 -1 -1 -1 -1 
522 43 582 177 19 23 -1 -1 -1 -1 
523 41 516 152 16 15 -1 -1 -1 -1 
523 43 582 177 19 23 -1 -1 -1 -1 
524 41 516 152 17 14 -1 -1 -1 -1 
524 43 582 177 19 24 -1 -1 -1 -1 
525 41 517 151 16 13 -1 -1 -1 -1 
525 43 583 179 20 24 -1 -1 -1 -1 
526 41 517 151 16 13 -1 -1 -1 -1 
526 43 583 179 20 24 -1 -1 -1 -1 
527 41 517 150 16 13 -1 -1 -1 -1 
527 43 582 182 22 21 -1 -1 -1 -1 
528 41 517 150 16 13 -1 -1 -1 -1 
528 43 582 182 22 21 -1 -1 -1 -1 
529 41 519 149 15 13 -1 -1 -1 -1 
529 43 583 183 22 22 -1 -1 -1 -1 
530 41 520 149 14 12 -1 -1 -1 -1 
530 43 583 183 23 24 -1 -1 -1 -1 
531 41 520 149 14 12 -1 -1 -1 -1 
531 43 583 183 23 24 -1 -1 -1 -1 
532 41 520 149 14 12 -1 -1 -1 -1 
533 41 522 148 13 11 -1 -1 -1 -1 
534 41 522 148 13 11 -1 -1 -1 -1 
535 41 522 148 13 11 -1 -1 -1 -1 
536 43 584 185 25 30 -1 -1 -1 -1 
537 43 584 185 25 30 -1 -1 -1 -1 
538 43 585 187 25 30 -1 -1 -1 -1 
539 43 585 189 26 31 -1 -1 -1 -1 
540 43 585 189 26 31 -1 -1 -1 -1 
541 43 587 190 25 32 -1 -1 -1 -1 
542 41 590 167 16 16 -1 -1 -1 -1 
542 43 587 190 25 32 -1 -1 -1 -1 
543 41 592 168 16 16 -1 -1 -1 -1 
543 43 587 190 26 34 -1 -1 -1 -1 
544 41 593 168 15 18 -1 -1 -1 -1 
544 43 587 191 27 37 -1 -1 -1 -1 
545 41 593 168 15 18 -1 -1 -1 -1 
545 43 587 191 27 37 -1 -1 -1 -1 
546 41 593 169 16 18 -1 -1 -1 -1 
546 43 588 193 29 38 -1 -1 -1 -1 
547 41 593 169 16 18 -1 -1 -1 -1 
547 43 588 193 29 38 -1 -1 -1 -1 
548 41 593 170 17 20 -1 -1 -1 -1 
548 43 589 194 30 40 -1 -1 -1 -1 
549 41 595 172 17 19 -1 -1 -1 -1 
549 43 589 198 31 40 -1 -1 -1 -1 
550 41 595 172 17 19 -1 -1 -1 -1 
550 43 589 198 31 40 -1 -1 -1 -1 
551 41 595 174 18 18 -1 -1 -1 -1 
551 43 589 200 34 40 -1 -1 -1 -1 
552 41 597 174 18 19 -1 -1 -1 -1 
552 43 590 202 32 42 -1 -1 -1 -1 
553 41 597 174 18 19 -1 -1 -1 -1 
553 43 590 202 32 42 -1 -1 -1 -1 
554 41 597 175 19 20 -1 -1 -1 -1 
554 43 591 205 33 43 -1 -1 -1 -1 
555 41 597 175 20 21 -1 -1 -1 -1 
555 43 592 210 34 43 -1 -1 -1 -1 
556 41 597 175 20 21 -1 -1 -1 -1 
556 43 592 210 34 43 -1 -1 -1 -1 
556 46 0 401 235 76 -1 -1 -1 -1 
557 41 601 178 19 20 -1 -1 -1 -1 
557 43 592 212 35 45 -1 -1 -1 -1 
557 46 31 364 251 113 -1 -1 -1 -1 
558 41 601 178 19 20 -1 -1 -1 -1 
558 43 592 212 35 45 -1 -1 -1 -1 
558 46 31 364 251 113 -1 -1 -1 -1 
559 41 602 181 19 19 -1 -1 -1 -1 
559 43 592 212 35 45 -1 -1 -1 -1 
559 46 104 333 214 143 -1 -1 -1 -1 
560 41 603 181 19 21 -1 -1 -1 -1 
560 46 166 308 183 131 -1 -1 -1 -1 
561 41 603 181 19 21 -1 -1 -1 -1 
561 46 166 308 183 131 -1 -1 -1 -1 
562 41 605 184 19 19 -1 -1 -1 -1 
562 46 217 285 156 117 -1 -1 -1 -1 
563 41 605 184 19 19 -1 -1 -1 -1 
563 46 217 285 156 117 -1 -1 -1 -1 
564 41 606 185 20 20 -1 -1 -1 -1 
564 46 257 266 137 104 -1 -1 -1 -1 
565 41 605 185 24 22 -1 -1 -1 -1 
565 46 293 253 117 89 -1 -1 -1 -1 
566 41 605 185 24 22 -1 -1 -1 -1 
566 46 293 253 117 89 -1 -1 -1 -1 
567 41 581 162 17 18 -1 -1 -1 -1 
567 46 321 242 102 79 -1 -1 -1 -1 
567 50 598 234 41 61 -1 -1 -1 -1 
568 41 582 164 16 17 -1 -1 -1 -1 
568 46 346 232 89 72 -1 -1 -1 -1 
568 50 598 238 41 64 -1 -1 -1 -1 
569 41 582 164 16 17 -1 -1 -1 -1 
569 46 346 232 89 72 -1 -1 -1 -1 
569 50 598 238 41 64 -1 -1 -1 -1 
569 51 608 189 25 24 -1 -1 -1 -1 
570 41 583 166 15 15 -1 -1 -1 -1 
570 46 364 223 81 65 -1 -1 -1 -1 
570 50 599 241 40 70 -1 -1 -1 -1 
570 51 610 191 24 24 -1 -1 -1 -1 
571 41 584 167 15 15 -1 -1 -1 -1 
571 46 380 212 76 61 -1 -1 -1 -1 
571 50 599 241 40 70 -1 -1 -1 -1 
571 51 611 191 27 27 -1 -1 -1 -1 
572 41 584 167 15 15 -1 -1 -1 -1 
572 46 396 208 66 55 -1 -1 -1 -1 
572 51 613 193 26 27 -1 -1 -1 -1 
573 46 407 205 62 48 -1 -1 -1 -1 
574 46 417 198 57 48 -1 -1 -1 -1 
574 50 606 267 33 90 -1 -1 -1 -1 
575 46 417 198 57 48 -1 -1 -1 -1 
575 50 606 267 33 90 -1 -1 -1 -1 
576 46 426 194 53 44 -1 -1 -1 -1 
576 50 608 276 31 95 -1 -1 -1 -1 
576 54 60 394 243 81 -1 -1 -1 -1 
577 46 434 191 51 40 -1 -1 -1 -1 
577 50 608 276 31 95 -1 -1 -1 -1 
578 46 434 191 51 40 -1 -1 -1 -1 
578 54 124 360 215 119 -1 -1 -1 -1 
579 46 442 187 46 40 -1 -1 -1 -1 
579 54 188 329 181 144 -1 -1 -1 -1 
580 46 450 185 42 36 -1 -1 -1 -1 
580 54 238 304 157 121 -1 -1 -1 -1 
581 46 450 185 42 36 -1 -1 -1 -1 
581 54 238 304 157 121 -1 -1 -1 -1 
582 41 587 175 19 19 -1 -1 -1 -1 
582 46 454 182 40 34 -1 -1 -1 -1 
582 54 280 284 133 106 -1 -1 -1 -1 
583 41 587 175 19 19 -1 -1 -1 -1 
583 46 459 179 38 33 -1 -1 -1 -1 
584 46 459 179 38 33 -1 -1 -1 -1 
584 54 313 262 115 96 -1 -1 -1 -1 
585 41 589 173 19 24 -1 -1 -1 -1 
585 46 463 176 37 32 -1 -1 -1 -1 
585 54 342 252 101 82 -1 -1 -1 -1 
586 41 589 173 19 24 -1 -1 -1 -1 
586 46 463 176 37 32 -1 -1 -1 -1 
586 54 342 252 101 82 -1 -1 -1 -1 
587 41 589 173 20 27 -1 -1 -1 -1 
587 46 469 175 33 29 -1 -1 -1 -1 
587 54 364 240 89 73 -1 -1 -1 -1 
588 41 590 175 19 27 -1 -1 -1 -1 
588 46 472 173 33 29 -1 -1 -1 -1 
588 54 381 230 80 67 -1 -1 -1 -1 
589 41 590 181 20 22 -1 -1 -1 -1 
589 46 475 171 31 27 -1 -1 -1 -1 
589 54 398 222 72 62 -1 -1 -1 -1 
590 41 590 181 20 22 -1 -1 -1 -1 
590 46 475 171 31 27 -1 -1 -1 -1 
590 54 398 222 72 62 -1 -1 -1 -1 
591 41 590 179 21 25 -1 -1 -1 -1 
591 46 479 168 30 28 -1 -1 -1 -1 
591 54 410 215 67 56 -1 -1 -1 -1 
592 41 590 179 21 25 -1 -1 -1 -1 
592 46 479 168 30 28 -1 -1 -1 -1 
592 54 410 215 67 56 -1 -1 -1 -1 
593 41 591 180 21 27 -1 -1 -1 -1 
593 46 482 167 29 25 -1 -1 -1 -1 
593 54 421 208 61 53 -1 -1 -1 -1 
594 41 592 182 22 27 -1 -1 -1 -1 
594 46 486 166 26 24 -1 -1 -1 -1 
594 54 430 203 58 48 -1 -1 -1 -1 
595 41 592 182 22 27 -1 -1 -1 -1 
595 46 486 166 26 24 -1 -1 -1 -1 
595 54 430 203 58 48 -1 -1 -1 -1 
596 41 593 184 23 28 -1 -1 -1 -1 
596 46 487 165 27 23 -1 -1 -1 -1 
596 54 436 199 56 45 -1 -1 -1 -1 
597 41 593 184 23 28 -1 -1 -1 -1 
597 46 487 165 27 23 -1 -1 -1 -1 
597 54 436 199 56 45 -1 -1 -1 -1 
598 41 593 186 25 28 -1 -1 -1 -1 
598 46 491 163 23 22 -1 -1 -1 -1 
598 54 448 195 47 42 -1 -1 -1 -1 
599 41 594 187 26 31 -1 -1 -1 -1 
599 46 493 162 23 21 -1 -1 -1 -1 
599 54 454 192 44 39 -1 -1 -1 -1 
600 41 594 187 26 31 -1 -1 -1 -1 
600 46 493 162 23 21 -1 -1 -1 -1 
600 54 454 192 44 39 -1 -1 -1 -1 
601 41 596 190 27 31 -1 -1 -1 -1 
601 46 495 160 23 21 -1 -1 -1 -1 
601 54 459 187 43 39 -1 -1 -1 -1 
602 41 597 192 26 32 -1 -1 -1 -1 
602 46 498 159 21 21 -1 -1 -1 -1 
602 54 466 185 40 36 -1 -1 -1 -1 
603 41 597 192 26 32 -1 -1 -1 -1 
603 46 498 159 21 21 -1 -1 -1 -1 
603 54 466 185 40 36 -1 -1 -1 -1 
604 41 598 194 26 35 -1 -1 -1 -1 
604 46 499 159 21 18 -1 -1 -1 -1 
604 54 469 182 37 34 -1 -1 -1 -1 
605 41 598 194 26 35 -1 -1 -1 -1 
605 46 499 159 21 18 -1 -1 -1 -1 
605 54 469 182 37 34 -1 -1 -1 -1 
606 41 600 196 28 35 -1 -1 -1 -1 
606 46 501 158 20 17 -1 -1 -1 -1 
606 54 474 179 33 32 -1 -1 -1 -1 
607 41 601 199 29 35 -1 -1 -1 -1 
607 46 502 155 21 19 -1 -1 -1 -1 
607 54 478 177 33 31 -1 -1 -1 -1 
608 41 601 199 29 35 -1 -1 -1 -1 
608 46 502 155 21 19 -1 -1 -1 -1 
608 54 478 177 33 31 -1 -1 -1 -1 
608 57 0 325 120 136 -1 -1 -1 -1 
609 41 601 202 30 37 -1 -1 -1 -1 
609 46 505 156 19 17 -1 -1 -1 -1 
609 54 480 178 32 25 -1 -1 -1 -1 
609 57 0 309 158 126 -1 -1 -1 -1 
610 41 604 206 29 38 -1 -1 -1 -1 
610 46 507 155 17 16 -1 -1 -1 -1 
610 54 483 173 32 27 -1 -1 -1 -1 
610 57 17 293 174 114 -1 -1 -1 -1 
611 41 604 208 33 39 -1 -1 -1 -1 
611 46 508 154 17 16 -1 -1 -1 -1 
611 54 486 172 31 25 -1 -1 -1 -1 
611 57 63 280 156 101 -1 -1 -1 -1 
612 41 604 208 33 39 -1 -1 -1 -1 
612 46 508 154 17 16 -1 -1 -1 -1 
612 54 486 172 31 25 -1 -1 -1 -1 
612 57 63 280 156 101 -1 -1 -1 -1 
613 41 606 209 33 44 -1 -1 -1 -1 
613 46 509 153 16 16 -1 -1 -1 -1 
613 54 490 170 27 25 -1 -1 -1 -1 
613 57 101 270 147 93 -1 -1 -1 -1 
614 41 606 209 33 44 -1 -1 -1 -1 
614 46 509 153 16 16 -1 -1 -1 -1 
614 54 490 170 27 25 -1 -1 -1 -1 
614 57 101 270 147 93 -1 -1 -1 -1 
615 41 608 214 31 44 -1 -1 -1 -1 
615 46 511 153 16 15 -1 -1 -1 -1 
615 54 494 168 25 24 -1 -1 -1 -1 
615 57 138 257 134 87 -1 -1 -1 -1 
616 41 610 215 29 49 -1 -1 -1 -1 
616 46 512 151 15 15 -1 -1 -1 -1 
616 54 496 166 26 25 -1 -1 -1 -1 
616 57 170 249 121 77 -1 -1 -1 -1 
617 41 610 215 29 49 -1 -1 -1 -1 
617 46 512 151 15 15 -1 -1 -1 -1 
617 54 496 166 26 25 -1 -1 -1 -1 
617 57 170 249 121 77 -1 -1 -1 -1 
618 41 610 215 29 49 -1 -1 -1 -1 
618 46 512 151 15 15 -1 -1 -1 -1 
619 54 498 166 24 22 -1 -1 -1 -1 
619 57 198 238 111 76 -1 -1 -1 -1 
620 54 498 165 26 20 -1 -1 -1 -1 
620 57 223 234 102 64 -1 -1 -1 -1 
621 54 500 164 25 20 -1 -1 -1 -1 
621 57 245 221 94 65 -1 -1 -1 -1 
622 54 500 164 25 20 -1 -1 -1 -1 
622 57 245 221 94 65 -1 -1 -1 -1 
623 54 503 164 23 17 -1 -1 -1 -1 
623 57 266 215 88 59 -1 -1 -1 -1 
623 59 618 237 21 57 -1 -1 -1 -1 
624 54 503 162 25 18 -1 -1 -1 -1 
624 57 283 212 82 55 -1 -1 -1 -1 
625 54 503 162 25 18 -1 -1 -1 -1 
625 57 283 212 82 55 -1 -1 -1 -1 
626 54 506 160 23 18 -1 -1 -1 -1 
626 57 301 208 74 51 -1 -1 -1 -1 
627 54 506 160 23 18 -1 -1 -1 -1 
627 57 301 208 74 51 -1 -1 -1 -1 
628 54 509 158 21 19 -1 -1 -1 -1 
628 57 314 201 70 49 -1 -1 -1 -1 
629 54 510 154 23 21 -1 -1 -1 -1 
629 57 327 198 66 46 -1 -1 -1 -1 
630 54 510 154 23 21 -1 -1 -1 -1 
630 57 327 198 66 46 -1 -1 -1 -1 
631 54 511 153 22 21 -1 -1 -1 -1 
631 57 341 194 59 45 -1 -1 -1 -1 
631 62 340 195 60 44 -1 -1 -1 -1 
632 54 512 155 21 17 -1 -1 -1 -1 
632 57 351 192 57 41 -1 -1 -1 -1 
633 54 512 155 21 17 -1 -1 -1 -1 
633 57 351 192 57 41 -1 -1 -1 -1 
634 54 514 154 21 17 -1 -1 -1 -1 
634 57 361 187 54 41 -1 -1 -1 -1 
635 54 514 154 21 17 -1 -1 -1 -1 
635 57 361 187 54 41 -1 -1 -1 -1 
636 54 515 154 22 16 -1 -1 -1 -1 
636 57 369 185 53 39 -1 -1 -1 -1 
637 54 515 154 22 16 -1 -1 -1 -1 
638 57 378 182 50 38 -1 -1 -1 -1 
639 57 386 181 46 35 -1 -1 -1 -1 
640 57 386 181 46 35 -1 -1 -1 -1 
641 57 393 178 45 34 -1 -1 -1 -1 
642 57 400 177 41 31 -1 -1 -1 -1 
643 57 400 177 41 31 -1 -1 -1 -1 
644 57 407 175 38 31 -1 -1 -1 -1 
645 57 407 175 38 31 -1 -1 -1 -1 
646 57 411 174 39 30 -1 -1 -1 -1 
647 57 418 172 35 28 -1 -1 -1 -1 
648 57 418 172 35 28 -1 -1 -1 -1 
649 54 595 169 20 27 -1 -1 -1 -1 
649 57 422 171 35 26 -1 -1 -1 -1 
650 54 595 169 23 29 -1 -1 -1 -1 
650 57 428 169 33 27 -1 -1 -1 -1 
651 54 595 169 23 29 -1 -1 -1 -1 
651 57 428 169 33 27 -1 -1 -1 -1 
652 54 596 171 25 30 -1 -1 -1 -1 
652 57 432 168 31 26 -1 -1 -1 -1 
653 54 597 171 25 31 -1 -1 -1 -1 
653 57 435 165 31 26 -1 -1 -1 -1 
654 54 597 171 25 31 -1 -1 -1 -1 
654 57 435 165 31 26 -1 -1 -1 -1 
655 54 597 171 25 32 -1 -1 -1 -1 
655 57 440 165 29 25 -1 -1 -1 -1 
656 54 597 171 25 32 -1 -1 -1 -1 
656 57 440 165 29 25 -1 -1 -1 -1 
657 54 597 171 25 32 -1 -1 -1 -1 
658 57 447 163 26 21 -1 -1 -1 -1 
659 57 447 163 26 21 -1 -1 -1 -1 
660 57 450 161 27 23 -1 -1 -1 -1 
661 57 450 161 27 23 -1 -1 -1 -1 
662 57 454 161 25 21 -1 -1 -1 -1 
663 57 456 160 25 22 -1 -1 -1 -1 
664 57 456 160 25 22 -1 -1 -1 -1 
664 64 0 363 114 113 -1 -1 -1 -1 
665 57 460 159 22 20 -1 -1 -1 -1 
665 64 1 341 149 135 -1 -1 -1 -1 
666 57 461 158 24 20 -1 -1 -1 -1 
666 64 0 326 184 136 -1 -1 -1 -1 
667 57 461 158 24 20 -1 -1 -1 -1 
667 64 0 326 184 136 -1 -1 -1 -1 
668 57 464 158 23 19 -1 -1 -1 -1 
668 64 30 311 184 123 -1 -1 -1 -1 
669 57 464 158 23 19 -1 -1 -1 -1 
669 64 30 311 184 123 -1 -1 -1 -1 
670 57 467 157 22 19 -1 -1 -1 -1 
670 64 71 296 169 114 -1 -1 -1 -1 
671 57 467 157 22 19 -1 -1 -1 -1 
671 64 71 296 169 114 -1 -1 -1 -1 
672 57 469 155 21 19 -1 -1 -1 -1 
672 64 105 286 160 103 -1 -1 -1 -1 
673 57 472 154 20 20 -1 -1 -1 -1 
673 64 140 271 145 97 -1 -1 -1 -1 
674 57 472 154 20 20 -1 -1 -1 -1 
674 64 140 271 145 97 -1 -1 -1 -1 
675 57 474 153 19 19 -1 -1 -1 -1 
675 64 170 260 132 90 -1 -1 -1 -1 
676 57 476 153 19 17 -1 -1 -1 -1 
676 64 197 251 122 85 -1 -1 -1 -1 
677 57 476 153 19 17 -1 -1 -1 -1 
677 64 197 251 122 85 -1 -1 -1 -1 
678 57 477 153 20 17 -1 -1 -1 -1 
678 64 222 242 114 78 -1 -1 -1 -1 
679 57 480 153 18 17 -1 -1 -1 -1 
679 64 244 236 103 73 -1 -1 -1 -1 
680 57 480 153 18 17 -1 -1 -1 -1 
680 64 244 236 103 73 -1 -1 -1 -1 
681 57 481 152 19 16 -1 -1 -1 -1 
681 64 263 230 98 65 -1 -1 -1 -1 
682 57 481 152 19 16 -1 -1 -1 -1 
682 64 263 230 98 65 -1 -1 -1 -1 
683 57 483 150 18 17 -1 -1 -1 -1 
683 64 279 221 91 65 -1 -1 -1 -1 
684 57 485 150 17 16 -1 -1 -1 -1 
684 64 294 216 87 61 -1 -1 -1 -1 
685 57 485 150 17 16 -1 -1 -1 -1 
685 64 294 216 87 61 -1 -1 -1 -1 
686 57 485 150 17 15 -1 -1 -1 -1 
686 64 309 213 78 55 -1 -1 -1 -1 
687 57 487 149 17 16 -1 -1 -1 -1 
687 64 322 207 74 56 -1 -1 -1 -1 
688 57 489 148 17 16 -1 -1 -1 -1 
688 64 334 205 68 48 -1 -1 -1 -1 
689 57 489 148 17 16 -1 -1 -1 -1 
689 64 334 205 68 48 -1 -1 -1 -1 
690 57 490 147 17 16 -1 -1 -1 -1 
690 64 345 199 65 50 -1 -1 -1 -1 
690 67 596 142 26 42 -1 -1 -1 -1 
690 68 575 147 17 13 -1 -1 -1 -1 
691 57 490 147 17 16 -1 -1 -1 -1 
691 64 354 196 62 47 -1 -1 -1 -1 
691 67 597 142 26 43 -1 -1 -1 -1 
691 68 575 146 19 14 -1 -1 -1 -1 
