4 1 1724 869 88 105 -1 -1 -1 -1 
6 1 1727 880 92 120 -1 -1 -1 -1 
7 1 1729 891 92 118 -1 -1 -1 -1 
8 1 1727 911 102 123 -1 -1 -1 -1 
9 1 1726 917 104 136 -1 -1 -1 -1 
10 1 1724 929 106 138 -1 -1 -1 -1 
11 1 1726 948 113 140 -1 -1 -1 -1 
13 1 1727 970 122 175 -1 -1 -1 -1 
14 1 1727 970 122 175 -1 -1 -1 -1 
15 1 1724 1005 129 200 -1 -1 -1 -1 
16 1 1724 1005 129 200 -1 -1 -1 -1 
17 1 1732 1057 141 223 -1 -1 -1 -1 
18 1 1737 1084 144 236 -1 -1 -1 -1 
19 1 1736 1114 153 254 -1 -1 -1 -1 
20 1 1736 1145 172 270 -1 -1 -1 -1 
21 1 1740 1187 179 297 -1 -1 -1 -1 
22 1 1744 1241 194 337 -1 -1 -1 -1 
23 1 1751 1296 205 359 -1 -1 -1 -1 
24 1 1748 1345 232 405 -1 -1 -1 -1 
25 1 1752 1408 246 442 -1 -1 -1 -1 
26 1 1752 1408 246 442 -1 -1 -1 -1 
27 1 1757 1449 252 436 -1 -1 -1 -1 
28 1 1769 1530 265 384 -1 -1 -1 -1 
29 1 1769 1530 265 384 -1 -1 -1 -1 
32 15 1704 796 64 64 -1 -1 -1 -1 
33 15 1702 802 67 63 -1 -1 -1 -1 
34 15 1705 801 69 72 -1 -1 -1 -1 
35 15 1709 799 63 84 -1 -1 -1 -1 
36 15 1707 804 71 79 -1 -1 -1 -1 
37 15 1707 804 71 79 -1 -1 -1 -1 
38 15 1715 821 72 73 -1 -1 -1 -1 
39 15 1714 829 76 70 -1 -1 -1 -1 
40 15 1717 833 78 76 -1 -1 -1 -1 
41 15 1717 841 81 73 -1 -1 -1 -1 
42 15 1722 843 80 82 -1 -1 -1 -1 
43 15 1722 851 85 85 -1 -1 -1 -1 
44 15 1728 853 79 87 -1 -1 -1 -1 
45 15 1729 862 82 89 -1 -1 -1 -1 
46 15 1728 865 84 91 -1 -1 -1 -1 
47 15 1729 874 90 98 -1 -1 -1 -1 
48 15 1732 877 85 101 -1 -1 -1 -1 
49 15 1735 889 88 101 -1 -1 -1 -1 
51 15 1732 895 97 114 -1 -1 -1 -1 
52 15 1736 920 93 102 -1 -1 -1 -1 
53 15 1735 929 100 110 -1 -1 -1 -1 
54 15 1735 929 100 110 -1 -1 -1 -1 
56 21 1753 1042 137 194 -1 -1 -1 -1 
57 21 1756 1056 147 204 -1 -1 -1 -1 
58 21 1759 1076 150 224 -1 -1 -1 -1 
59 21 1765 1104 158 224 -1 -1 -1 -1 
60 21 1767 1128 165 230 -1 -1 -1 -1 
61 21 1771 1151 177 254 -1 -1 -1 -1 
62 21 1772 1181 187 265 -1 -1 -1 -1 
63 21 1788 1225 197 287 -1 -1 -1 -1 
64 21 1788 1225 197 287 -1 -1 -1 -1 
65 21 1799 1280 220 326 -1 -1 -1 -1 
66 21 1812 1334 222 368 -1 -1 -1 -1 
67 21 1816 1387 250 410 -1 -1 -1 -1 
68 21 1816 1387 250 410 -1 -1 -1 -1 
104 44 979 794 137 92 -1 -1 -1 -1 
105 44 803 854 174 116 -1 -1 -1 -1 
106 44 723 864 192 114 -1 -1 -1 -1 
107 44 681 884 192 158 -1 -1 -1 -1 
107 49 1493 734 51 46 -1 -1 -1 -1 
108 44 681 884 192 158 -1 -1 -1 -1 
109 49 1465 741 70 58 -1 -1 -1 -1 
110 49 1455 751 71 57 -1 -1 -1 -1 
111 49 1447 752 65 66 -1 -1 -1 -1 
112 49 1424 756 72 77 -1 -1 -1 -1 
113 49 1410 771 80 78 -1 -1 -1 -1 
114 49 1377 788 91 80 -1 -1 -1 -1 
115 49 1354 791 97 96 -1 -1 -1 -1 
116 49 1354 791 97 96 -1 -1 -1 -1 
116 54 50 1096 257 196 -1 -1 -1 -1 
117 49 1327 816 106 96 -1 -1 -1 -1 
117 54 1 1146 212 203 -1 -1 -1 -1 
118 49 1286 829 130 108 -1 -1 -1 -1 
118 54 1 1146 212 203 -1 -1 -1 -1 
119 49 1217 856 155 125 -1 -1 -1 -1 
120 49 1166 870 180 154 -1 -1 -1 -1 
121 49 1090 898 208 189 -1 -1 -1 -1 
122 49 1024 918 235 218 -1 -1 -1 -1 
123 49 903 963 285 268 -1 -1 -1 -1 
124 49 903 963 285 268 -1 -1 -1 -1 
142 61 1514 727 58 43 -1 -1 -1 -1 
143 61 1514 734 60 42 -1 -1 -1 -1 
144 61 1507 737 69 54 -1 -1 -1 -1 
145 61 1500 748 76 52 -1 -1 -1 -1 
146 61 1494 751 73 61 -1 -1 -1 -1 
147 61 1490 756 78 60 -1 -1 -1 -1 
148 61 1488 756 70 70 -1 -1 -1 -1 
149 61 1473 763 84 86 -1 -1 -1 -1 
150 61 1461 780 88 82 -1 -1 -1 -1 
151 61 1445 788 103 89 -1 -1 -1 -1 
152 61 1445 788 103 89 -1 -1 -1 -1 
154 71 1206 922 229 232 -1 -1 -1 -1 
155 71 1206 922 229 232 -1 -1 -1 -1 
