3 1 441 946 212 145 -1 -1 -1 -1 
4 1 319 978 237 172 -1 -1 -1 -1 
6 1 319 978 237 172 -1 -1 -1 -1 
12 3 1686 793 66 57 -1 -1 -1 -1 
13 3 1686 793 66 57 -1 -1 -1 -1 
14 3 1686 807 74 56 -1 -1 -1 -1 
15 3 1684 805 78 70 -1 -1 -1 -1 
16 3 1683 811 79 68 -1 -1 -1 -1 
29 3 1683 811 79 68 -1 -1 -1 -1 
31 7 1711 934 100 100 -1 -1 -1 -1 
33 7 1715 958 107 110 -1 -1 -1 -1 
34 7 1715 981 115 111 -1 -1 -1 -1 
35 7 1723 1008 119 133 -1 -1 -1 -1 
36 7 1718 1039 130 149 -1 -1 -1 -1 
37 7 1730 1071 134 171 -1 -1 -1 -1 
38 7 1739 1107 144 196 -1 -1 -1 -1 
39 7 1738 1171 170 199 -1 -1 -1 -1 
40 7 1738 1224 189 236 -1 -1 -1 -1 
41 7 1736 1302 222 279 -1 -1 -1 -1 
42 7 1739 1387 252 333 -1 -1 -1 -1 
43 7 1770 1520 258 378 -1 -1 -1 -1 
45 7 1770 1520 258 378 -1 -1 -1 -1 
53 16 1396 785 97 85 -1 -1 -1 -1 
54 16 1356 812 114 89 -1 -1 -1 -1 
55 16 1406 779 74 66 -1 -1 -1 -1 
56 16 1376 784 91 85 -1 -1 -1 -1 
57 16 1335 813 106 87 -1 -1 -1 -1 
58 16 1335 813 106 87 -1 -1 -1 -1 
