4 2 245 233 108 62 -1 -1 -1 -1 
5 2 269 223 97 59 -1 -1 -1 -1 
6 2 269 223 97 59 -1 -1 -1 -1 
7 2 290 216 88 55 -1 -1 -1 -1 
8 2 307 212 82 51 -1 -1 -1 -1 
9 2 324 207 75 47 -1 -1 -1 -1 
10 2 324 207 75 47 -1 -1 -1 -1 
11 2 339 203 70 43 -1 -1 -1 -1 
12 2 352 196 66 44 -1 -1 -1 -1 
13 2 352 196 66 44 -1 -1 -1 -1 
14 2 364 191 59 42 -1 -1 -1 -1 
15 2 364 191 59 42 -1 -1 -1 -1 
16 2 375 190 55 37 -1 -1 -1 -1 
16 5 580 171 17 17 -1 -1 -1 -1 
17 2 383 189 53 34 -1 -1 -1 -1 
17 5 580 173 18 18 -1 -1 -1 -1 
18 2 383 189 53 34 -1 -1 -1 -1 
18 5 580 173 18 18 -1 -1 -1 -1 
19 2 392 186 50 33 -1 -1 -1 -1 
19 5 581 175 19 17 -1 -1 -1 -1 
20 2 401 183 44 31 -1 -1 -1 -1 
20 5 582 176 18 17 -1 -1 -1 -1 
21 2 401 183 44 31 -1 -1 -1 -1 
21 5 582 176 18 17 -1 -1 -1 -1 
22 2 407 181 43 29 -1 -1 -1 -1 
22 5 583 175 20 22 -1 -1 -1 -1 
23 2 407 181 43 29 -1 -1 -1 -1 
23 5 583 175 20 22 -1 -1 -1 -1 
24 2 414 179 38 28 -1 -1 -1 -1 
24 5 584 177 20 22 -1 -1 -1 -1 
25 2 420 178 37 25 -1 -1 -1 -1 
25 5 583 182 23 20 -1 -1 -1 -1 
26 2 420 178 37 25 -1 -1 -1 -1 
26 5 583 182 23 20 -1 -1 -1 -1 
27 2 426 175 36 26 -1 -1 -1 -1 
27 5 584 183 23 21 -1 -1 -1 -1 
28 2 426 175 36 26 -1 -1 -1 -1 
28 5 584 183 23 21 -1 -1 -1 -1 
29 2 430 174 36 24 -1 -1 -1 -1 
29 5 585 183 23 23 -1 -1 -1 -1 
30 2 435 173 34 23 -1 -1 -1 -1 
30 5 587 185 22 24 -1 -1 -1 -1 
31 2 435 173 34 23 -1 -1 -1 -1 
31 5 587 185 22 24 -1 -1 -1 -1 
32 2 440 171 33 22 -1 -1 -1 -1 
32 5 588 189 23 24 -1 -1 -1 -1 
33 2 440 171 33 22 -1 -1 -1 -1 
33 5 588 189 23 24 -1 -1 -1 -1 
34 2 443 170 32 21 -1 -1 -1 -1 
34 5 589 191 24 27 -1 -1 -1 -1 
35 2 448 168 31 22 -1 -1 -1 -1 
35 5 591 191 25 30 -1 -1 -1 -1 
36 2 448 168 31 22 -1 -1 -1 -1 
36 5 591 191 25 30 -1 -1 -1 -1 
37 2 452 167 28 20 -1 -1 -1 -1 
37 5 590 194 30 33 -1 -1 -1 -1 
38 2 454 165 30 21 -1 -1 -1 -1 
38 5 592 199 30 33 -1 -1 -1 -1 
39 2 458 165 28 18 -1 -1 -1 -1 
39 5 593 200 31 36 -1 -1 -1 -1 
39 6 606 177 17 16 -1 -1 -1 -1 
40 2 458 165 28 18 -1 -1 -1 -1 
40 5 593 200 31 36 -1 -1 -1 -1 
40 6 606 177 17 16 -1 -1 -1 -1 
41 2 462 164 25 17 -1 -1 -1 -1 
41 5 596 203 29 39 -1 -1 -1 -1 
41 6 607 176 16 19 -1 -1 -1 -1 
42 2 465 162 24 18 -1 -1 -1 -1 
42 5 598 209 31 39 -1 -1 -1 -1 
42 6 608 181 18 17 -1 -1 -1 -1 
43 2 466 162 24 17 -1 -1 -1 -1 
43 5 599 213 33 42 -1 -1 -1 -1 
43 6 608 181 18 17 -1 -1 -1 -1 
44 2 469 161 25 15 -1 -1 -1 -1 
44 5 599 213 33 42 -1 -1 -1 -1 
44 6 609 184 18 18 -1 -1 -1 -1 
44 7 579 157 15 13 -1 -1 -1 -1 
45 2 469 161 25 15 -1 -1 -1 -1 
45 6 609 184 18 18 -1 -1 -1 -1 
45 7 579 157 15 13 -1 -1 -1 -1 
46 2 474 159 22 16 -1 -1 -1 -1 
46 6 610 187 19 16 -1 -1 -1 -1 
46 7 580 157 15 15 -1 -1 -1 -1 
46 8 89 385 248 92 -1 -1 -1 -1 
47 2 474 159 22 16 -1 -1 -1 -1 
47 6 610 187 19 16 -1 -1 -1 -1 
47 7 580 157 15 15 -1 -1 -1 -1 
47 8 89 385 248 92 -1 -1 -1 -1 
48 2 476 158 22 17 -1 -1 -1 -1 
48 6 611 186 20 20 -1 -1 -1 -1 
48 7 581 157 14 16 -1 -1 -1 -1 
48 8 158 353 210 126 -1 -1 -1 -1 
49 2 478 157 21 17 -1 -1 -1 -1 
49 6 613 186 20 21 -1 -1 -1 -1 
49 7 581 159 15 16 -1 -1 -1 -1 
49 8 212 330 178 142 -1 -1 -1 -1 
50 2 479 157 22 15 -1 -1 -1 -1 
50 6 615 187 20 23 -1 -1 -1 -1 
50 7 582 160 14 16 -1 -1 -1 -1 
50 8 255 306 154 127 -1 -1 -1 -1 
51 2 481 156 21 15 -1 -1 -1 -1 
51 6 617 187 20 24 -1 -1 -1 -1 
51 7 582 161 15 17 -1 -1 -1 -1 
51 8 289 289 135 109 -1 -1 -1 -1 
52 2 481 156 21 15 -1 -1 -1 -1 
52 6 617 187 20 24 -1 -1 -1 -1 
52 7 582 161 15 17 -1 -1 -1 -1 
52 8 289 289 135 109 -1 -1 -1 -1 
53 2 484 154 19 16 -1 -1 -1 -1 
53 6 618 187 21 27 -1 -1 -1 -1 
53 7 582 162 15 17 -1 -1 -1 -1 
53 8 319 273 119 100 -1 -1 -1 -1 
54 2 486 154 19 15 -1 -1 -1 -1 
54 6 619 189 20 28 -1 -1 -1 -1 
54 7 582 165 16 15 -1 -1 -1 -1 
54 8 343 258 106 92 -1 -1 -1 -1 
55 2 486 154 19 15 -1 -1 -1 -1 
55 6 619 189 20 28 -1 -1 -1 -1 
55 7 582 165 16 15 -1 -1 -1 -1 
55 8 343 258 106 92 -1 -1 -1 -1 
56 2 488 153 18 15 -1 -1 -1 -1 
56 6 619 189 20 28 -1 -1 -1 -1 
56 7 582 166 16 15 -1 -1 -1 -1 
57 2 488 153 18 15 -1 -1 -1 -1 
57 7 582 166 16 15 -1 -1 -1 -1 
57 8 364 250 94 79 -1 -1 -1 -1 
58 2 489 152 19 16 -1 -1 -1 -1 
58 7 583 167 16 15 -1 -1 -1 -1 
58 8 381 239 85 73 -1 -1 -1 -1 
59 2 491 152 18 14 -1 -1 -1 -1 
59 7 584 168 15 17 -1 -1 -1 -1 
59 8 395 232 78 65 -1 -1 -1 -1 
60 2 491 152 18 14 -1 -1 -1 -1 
60 7 584 168 15 17 -1 -1 -1 -1 
60 8 395 232 78 65 -1 -1 -1 -1 
61 2 492 152 18 12 -1 -1 -1 -1 
61 7 584 168 16 19 -1 -1 -1 -1 
61 8 407 219 73 68 -1 -1 -1 -1 
62 2 494 152 17 11 -1 -1 -1 -1 
62 7 585 169 15 19 -1 -1 -1 -1 
62 8 418 214 67 62 -1 -1 -1 -1 
63 2 494 152 17 11 -1 -1 -1 -1 
63 7 585 169 15 19 -1 -1 -1 -1 
63 8 418 214 67 62 -1 -1 -1 -1 
64 2 496 151 15 12 -1 -1 -1 -1 
64 7 585 169 16 22 -1 -1 -1 -1 
64 8 428 209 61 57 -1 -1 -1 -1 
65 2 496 151 15 12 -1 -1 -1 -1 
65 7 585 169 16 22 -1 -1 -1 -1 
65 8 428 209 61 57 -1 -1 -1 -1 
66 2 498 150 15 12 -1 -1 -1 -1 
66 7 586 171 17 21 -1 -1 -1 -1 
66 8 434 208 59 50 -1 -1 -1 -1 
67 2 498 150 15 12 -1 -1 -1 -1 
67 7 587 173 17 21 -1 -1 -1 -1 
68 7 587 173 17 21 -1 -1 -1 -1 
68 8 435 204 62 46 -1 -1 -1 -1 
69 7 588 174 17 22 -1 -1 -1 -1 
69 8 449 200 50 43 -1 -1 -1 -1 
70 7 588 174 17 22 -1 -1 -1 -1 
70 8 449 200 50 43 -1 -1 -1 -1 
71 7 588 175 19 24 -1 -1 -1 -1 
71 8 456 197 48 42 -1 -1 -1 -1 
72 7 588 178 20 25 -1 -1 -1 -1 
72 8 460 193 46 38 -1 -1 -1 -1 
73 7 588 178 20 25 -1 -1 -1 -1 
73 8 460 193 46 38 -1 -1 -1 -1 
74 7 588 180 21 24 -1 -1 -1 -1 
74 8 467 188 41 39 -1 -1 -1 -1 
75 7 590 181 20 25 -1 -1 -1 -1 
75 8 471 187 38 36 -1 -1 -1 -1 
76 7 590 181 20 25 -1 -1 -1 -1 
76 8 471 187 38 36 -1 -1 -1 -1 
77 7 590 181 20 28 -1 -1 -1 -1 
77 8 474 184 37 35 -1 -1 -1 -1 
78 7 590 185 21 28 -1 -1 -1 -1 
78 8 477 183 37 32 -1 -1 -1 -1 
79 7 590 185 21 28 -1 -1 -1 -1 
79 8 477 183 37 32 -1 -1 -1 -1 
80 7 590 186 22 32 -1 -1 -1 -1 
80 8 481 180 34 31 -1 -1 -1 -1 
81 7 590 186 22 32 -1 -1 -1 -1 
81 8 481 180 34 31 -1 -1 -1 -1 
82 7 591 190 26 32 -1 -1 -1 -1 
82 8 484 178 33 30 -1 -1 -1 -1 
83 7 591 190 26 32 -1 -1 -1 -1 
84 8 488 178 29 27 -1 -1 -1 -1 
85 8 491 172 27 28 -1 -1 -1 -1 
86 8 491 172 27 28 -1 -1 -1 -1 
87 8 493 171 27 27 -1 -1 -1 -1 
87 13 595 198 28 38 -1 -1 -1 -1 
88 8 496 170 26 26 -1 -1 -1 -1 
88 13 596 203 27 38 -1 -1 -1 -1 
89 8 496 170 26 26 -1 -1 -1 -1 
89 13 596 203 27 38 -1 -1 -1 -1 
90 8 498 169 25 25 -1 -1 -1 -1 
91 8 498 169 25 25 -1 -1 -1 -1 
92 8 498 168 26 24 -1 -1 -1 -1 
92 13 601 209 30 42 -1 -1 -1 -1 
93 8 500 166 25 24 -1 -1 -1 -1 
94 8 500 166 25 24 -1 -1 -1 -1 
95 8 504 164 23 23 -1 -1 -1 -1 
95 13 602 218 36 53 -1 -1 -1 -1 
96 8 504 164 23 23 -1 -1 -1 -1 
96 13 602 218 36 53 -1 -1 -1 -1 
97 8 505 162 23 23 -1 -1 -1 -1 
97 13 602 224 37 57 -1 -1 -1 -1 
98 8 507 161 22 24 -1 -1 -1 -1 
98 13 606 232 33 61 -1 -1 -1 -1 
99 8 507 161 22 24 -1 -1 -1 -1 
99 13 606 232 33 61 -1 -1 -1 -1 
100 8 510 161 20 21 -1 -1 -1 -1 
101 8 510 160 20 20 -1 -1 -1 -1 
102 8 510 160 20 20 -1 -1 -1 -1 
103 8 511 159 20 21 -1 -1 -1 -1 
103 14 612 258 27 79 -1 -1 -1 -1 
104 8 511 159 20 21 -1 -1 -1 -1 
104 14 612 258 27 79 -1 -1 -1 -1 
105 8 512 158 20 20 -1 -1 -1 -1 
106 8 513 158 21 19 -1 -1 -1 -1 
107 8 513 158 21 19 -1 -1 -1 -1 
108 8 515 156 18 19 -1 -1 -1 -1 
109 8 515 156 18 19 -1 -1 -1 -1 
110 8 517 155 17 19 -1 -1 -1 -1 
111 8 518 154 17 18 -1 -1 -1 -1 
112 8 518 154 17 18 -1 -1 -1 -1 
113 8 519 154 17 17 -1 -1 -1 -1 
114 8 519 154 17 17 -1 -1 -1 -1 
115 8 520 153 17 17 -1 -1 -1 -1 
116 8 521 152 16 17 -1 -1 -1 -1 
117 8 521 152 16 17 -1 -1 -1 -1 
118 8 521 151 17 18 -1 -1 -1 -1 
119 8 521 151 17 18 -1 -1 -1 -1 
120 8 522 149 17 18 -1 -1 -1 -1 
121 8 522 149 16 17 -1 -1 -1 -1 
122 8 522 149 16 17 -1 -1 -1 -1 
123 8 523 149 17 17 -1 -1 -1 -1 
176 8 523 149 17 17 -1 -1 -1 -1 
178 15 0 368 97 106 -1 -1 -1 -1 
179 15 0 344 138 132 -1 -1 -1 -1 
180 15 0 329 174 132 -1 -1 -1 -1 
181 15 0 329 174 132 -1 -1 -1 -1 
182 15 23 310 185 123 -1 -1 -1 -1 
183 15 66 294 172 112 -1 -1 -1 -1 
184 15 66 294 172 112 -1 -1 -1 -1 
185 15 107 282 155 100 -1 -1 -1 -1 
186 15 142 271 145 92 -1 -1 -1 -1 
187 15 175 257 131 87 -1 -1 -1 -1 
188 15 175 257 131 87 -1 -1 -1 -1 
189 15 204 247 120 79 -1 -1 -1 -1 
190 15 204 247 120 79 -1 -1 -1 -1 
191 15 228 240 110 74 -1 -1 -1 -1 
191 16 113 395 222 82 -1 -1 -1 -1 
192 15 250 231 102 68 -1 -1 -1 -1 
192 16 162 363 204 115 -1 -1 -1 -1 
193 15 270 224 93 64 -1 -1 -1 -1 
193 16 217 333 175 141 -1 -1 -1 -1 
194 15 270 224 93 64 -1 -1 -1 -1 
194 16 217 333 175 141 -1 -1 -1 -1 
195 15 288 215 86 61 -1 -1 -1 -1 
195 16 263 308 151 124 -1 -1 -1 -1 
196 15 288 215 86 61 -1 -1 -1 -1 
196 16 263 308 151 124 -1 -1 -1 -1 
197 15 305 213 79 56 -1 -1 -1 -1 
197 16 300 289 129 106 -1 -1 -1 -1 
198 15 319 203 73 60 -1 -1 -1 -1 
198 16 332 273 112 93 -1 -1 -1 -1 
199 15 333 203 68 49 -1 -1 -1 -1 
199 16 356 258 100 84 -1 -1 -1 -1 
200 15 333 203 68 49 -1 -1 -1 -1 
200 16 356 258 100 84 -1 -1 -1 -1 
201 15 344 198 65 48 -1 -1 -1 -1 
201 16 375 246 89 76 -1 -1 -1 -1 
202 15 354 195 63 48 -1 -1 -1 -1 
202 16 392 236 81 70 -1 -1 -1 -1 
203 15 365 192 57 44 -1 -1 -1 -1 
203 16 407 228 73 62 -1 -1 -1 -1 
203 18 0 343 190 133 -1 -1 -1 -1 
204 15 365 192 57 44 -1 -1 -1 -1 
204 16 407 228 73 62 -1 -1 -1 -1 
204 18 0 343 190 133 -1 -1 -1 -1 
205 15 373 189 54 41 -1 -1 -1 -1 
205 16 418 222 69 56 -1 -1 -1 -1 
205 18 33 326 194 125 -1 -1 -1 -1 
205 19 226 172 14 27 -1 -1 -1 -1 
206 15 381 186 53 41 -1 -1 -1 -1 
206 16 429 211 61 58 -1 -1 -1 -1 
206 18 87 308 173 115 -1 -1 -1 -1 
206 19 226 172 14 27 -1 -1 -1 -1 
207 15 389 185 49 37 -1 -1 -1 -1 
207 16 438 208 57 52 -1 -1 -1 -1 
207 18 132 288 158 108 -1 -1 -1 -1 
207 19 226 172 14 27 -1 -1 -1 -1 
208 15 396 183 47 36 -1 -1 -1 -1 
208 16 445 205 54 47 -1 -1 -1 -1 
208 18 171 274 145 98 -1 -1 -1 -1 
208 19 226 172 14 27 -1 -1 -1 -1 
209 15 396 183 47 36 -1 -1 -1 -1 
209 16 445 205 54 47 -1 -1 -1 -1 
209 18 171 274 145 98 -1 -1 -1 -1 
209 19 226 172 14 27 -1 -1 -1 -1 
210 15 402 181 44 34 -1 -1 -1 -1 
210 16 453 200 50 45 -1 -1 -1 -1 
210 18 208 262 128 88 -1 -1 -1 -1 
210 19 226 172 14 27 -1 -1 -1 -1 
211 15 409 179 39 32 -1 -1 -1 -1 
211 16 460 196 45 41 -1 -1 -1 -1 
211 18 239 252 115 81 -1 -1 -1 -1 
211 19 226 172 14 27 -1 -1 -1 -1 
212 15 414 177 38 31 -1 -1 -1 -1 
212 16 465 193 43 39 -1 -1 -1 -1 
212 18 266 242 108 75 -1 -1 -1 -1 
212 19 226 172 15 27 -1 -1 -1 -1 
213 15 414 177 38 31 -1 -1 -1 -1 
213 16 465 193 43 39 -1 -1 -1 -1 
213 18 266 242 108 75 -1 -1 -1 -1 
213 19 226 172 15 27 -1 -1 -1 -1 
214 15 419 174 36 31 -1 -1 -1 -1 
214 16 470 189 40 38 -1 -1 -1 -1 
214 18 289 233 96 69 -1 -1 -1 -1 
214 19 226 172 15 27 -1 -1 -1 -1 
215 15 423 173 37 29 -1 -1 -1 -1 
215 16 474 185 39 37 -1 -1 -1 -1 
215 18 310 227 88 63 -1 -1 -1 -1 
215 19 226 172 15 27 -1 -1 -1 -1 
216 15 423 173 37 29 -1 -1 -1 -1 
216 16 474 185 39 37 -1 -1 -1 -1 
216 18 310 227 88 63 -1 -1 -1 -1 
216 19 226 172 15 27 -1 -1 -1 -1 
217 15 427 172 36 28 -1 -1 -1 -1 
217 16 476 183 40 35 -1 -1 -1 -1 
217 18 328 218 80 59 -1 -1 -1 -1 
218 15 433 170 33 27 -1 -1 -1 -1 
218 16 481 182 34 31 -1 -1 -1 -1 
218 18 344 215 74 54 -1 -1 -1 -1 
219 15 433 170 33 27 -1 -1 -1 -1 
219 16 481 182 34 31 -1 -1 -1 -1 
219 18 344 215 74 54 -1 -1 -1 -1 
220 15 437 169 30 26 -1 -1 -1 -1 
220 16 484 180 33 29 -1 -1 -1 -1 
220 18 360 208 67 54 -1 -1 -1 -1 
221 15 441 166 29 27 -1 -1 -1 -1 
221 16 488 177 30 30 -1 -1 -1 -1 
221 18 372 204 65 49 -1 -1 -1 -1 
222 15 444 166 27 25 -1 -1 -1 -1 
222 16 492 173 29 29 -1 -1 -1 -1 
222 18 384 199 61 48 -1 -1 -1 -1 
223 15 444 166 27 25 -1 -1 -1 -1 
223 16 492 173 29 29 -1 -1 -1 -1 
223 18 384 199 61 48 -1 -1 -1 -1 
224 15 447 165 28 24 -1 -1 -1 -1 
224 16 493 172 29 27 -1 -1 -1 -1 
224 18 393 197 59 46 -1 -1 -1 -1 
225 15 451 165 26 22 -1 -1 -1 -1 
225 16 496 170 26 26 -1 -1 -1 -1 
225 18 403 193 53 43 -1 -1 -1 -1 
226 15 451 165 26 22 -1 -1 -1 -1 
226 16 496 170 26 26 -1 -1 -1 -1 
226 18 403 193 53 43 -1 -1 -1 -1 
227 15 454 163 25 22 -1 -1 -1 -1 
227 16 498 170 25 24 -1 -1 -1 -1 
227 18 411 190 51 40 -1 -1 -1 -1 
228 15 455 163 27 22 -1 -1 -1 -1 
228 16 497 169 28 23 -1 -1 -1 -1 
228 18 418 188 46 39 -1 -1 -1 -1 
229 15 459 162 23 20 -1 -1 -1 -1 
229 16 501 167 24 22 -1 -1 -1 -1 
229 18 427 186 43 36 -1 -1 -1 -1 
230 15 459 162 23 20 -1 -1 -1 -1 
230 16 501 167 24 22 -1 -1 -1 -1 
230 18 427 186 43 36 -1 -1 -1 -1 
231 15 462 160 23 20 -1 -1 -1 -1 
231 16 503 167 23 20 -1 -1 -1 -1 
231 18 433 184 43 36 -1 -1 -1 -1 
232 15 465 158 21 20 -1 -1 -1 -1 
232 16 504 164 24 21 -1 -1 -1 -1 
232 18 438 182 43 34 -1 -1 -1 -1 
233 15 466 158 22 20 -1 -1 -1 -1 
233 16 507 162 22 20 -1 -1 -1 -1 
233 18 445 178 39 32 -1 -1 -1 -1 
234 15 466 158 22 20 -1 -1 -1 -1 
234 16 507 162 22 20 -1 -1 -1 -1 
234 18 445 178 39 32 -1 -1 -1 -1 
235 15 468 160 21 17 -1 -1 -1 -1 
235 16 509 161 20 20 -1 -1 -1 -1 
235 18 450 178 37 30 -1 -1 -1 -1 
236 15 471 156 21 18 -1 -1 -1 -1 
236 16 509 160 21 20 -1 -1 -1 -1 
236 18 455 176 33 29 -1 -1 -1 -1 
237 15 473 155 20 19 -1 -1 -1 -1 
237 16 512 159 18 20 -1 -1 -1 -1 
237 18 460 174 32 29 -1 -1 -1 -1 
238 15 473 155 20 19 -1 -1 -1 -1 
238 16 512 159 18 20 -1 -1 -1 -1 
238 18 460 174 32 29 -1 -1 -1 -1 
239 15 473 155 20 19 -1 -1 -1 -1 
239 16 512 158 20 19 -1 -1 -1 -1 
240 15 605 174 16 17 -1 -1 -1 -1 
240 16 512 157 21 19 -1 -1 -1 -1 
240 18 468 170 28 27 -1 -1 -1 -1 
241 15 606 176 16 15 -1 -1 -1 -1 
241 16 514 156 20 18 -1 -1 -1 -1 
241 18 472 167 27 28 -1 -1 -1 -1 
242 15 606 176 16 15 -1 -1 -1 -1 
242 16 514 156 20 18 -1 -1 -1 -1 
242 18 472 167 27 28 -1 -1 -1 -1 
243 15 606 176 16 16 -1 -1 -1 -1 
243 16 516 156 18 16 -1 -1 -1 -1 
243 18 475 164 27 29 -1 -1 -1 -1 
244 15 606 177 16 17 -1 -1 -1 -1 
244 16 517 155 17 15 -1 -1 -1 -1 
244 18 477 166 26 25 -1 -1 -1 -1 
245 15 606 177 16 17 -1 -1 -1 -1 
245 16 517 155 17 15 -1 -1 -1 -1 
245 18 477 166 26 25 -1 -1 -1 -1 
246 15 607 176 16 19 -1 -1 -1 -1 
246 16 518 154 17 15 -1 -1 -1 -1 
246 18 480 165 26 23 -1 -1 -1 -1 
247 15 609 181 16 16 -1 -1 -1 -1 
247 16 519 154 16 14 -1 -1 -1 -1 
247 18 482 165 25 22 -1 -1 -1 -1 
248 15 609 181 16 16 -1 -1 -1 -1 
248 16 520 153 16 14 -1 -1 -1 -1 
249 16 520 153 16 14 -1 -1 -1 -1 
249 18 485 163 24 22 -1 -1 -1 -1 
250 15 609 182 18 17 -1 -1 -1 -1 
250 16 521 151 16 15 -1 -1 -1 -1 
250 18 488 160 22 22 -1 -1 -1 -1 
251 15 610 184 18 17 -1 -1 -1 -1 
251 16 521 151 16 15 -1 -1 -1 -1 
252 15 611 185 18 17 -1 -1 -1 -1 
252 16 579 158 14 12 -1 -1 -1 -1 
252 18 491 158 23 23 -1 -1 -1 -1 
253 15 613 186 19 18 -1 -1 -1 -1 
253 16 579 158 14 13 -1 -1 -1 -1 
253 18 494 157 21 22 -1 -1 -1 -1 
254 15 613 186 19 18 -1 -1 -1 -1 
254 16 579 158 14 13 -1 -1 -1 -1 
254 18 494 157 21 22 -1 -1 -1 -1 
255 15 614 187 19 19 -1 -1 -1 -1 
255 16 579 157 15 15 -1 -1 -1 -1 
255 18 495 156 21 22 -1 -1 -1 -1 
256 15 614 186 20 22 -1 -1 -1 -1 
256 16 579 157 15 15 -1 -1 -1 -1 
257 15 617 188 19 21 -1 -1 -1 -1 
257 18 498 155 21 21 -1 -1 -1 -1 
258 15 618 188 20 23 -1 -1 -1 -1 
258 16 502 159 19 15 -1 -1 -1 -1 
259 15 618 188 20 23 -1 -1 -1 -1 
259 16 502 159 19 15 -1 -1 -1 -1 
260 15 619 190 20 23 -1 -1 -1 -1 
260 16 503 155 19 18 -1 -1 -1 -1 
261 15 620 190 19 24 -1 -1 -1 -1 
261 16 504 154 19 18 -1 -1 -1 -1 
262 15 621 193 18 25 -1 -1 -1 -1 
262 16 507 153 17 17 -1 -1 -1 -1 
262 18 580 167 17 14 -1 -1 -1 -1 
263 15 621 193 18 25 -1 -1 -1 -1 
263 16 507 153 17 17 -1 -1 -1 -1 
263 18 580 167 17 14 -1 -1 -1 -1 
264 15 622 194 17 26 -1 -1 -1 -1 
264 16 508 152 18 18 -1 -1 -1 -1 
267 15 624 198 15 26 -1 -1 -1 -1 
267 16 581 171 18 15 -1 -1 -1 -1 
268 15 624 198 15 26 -1 -1 -1 -1 
268 16 581 171 18 15 -1 -1 -1 -1 
269 15 624 198 15 26 -1 -1 -1 -1 
269 16 582 170 17 18 -1 -1 -1 -1 
270 16 510 149 19 17 -1 -1 -1 -1 
271 16 510 149 19 17 -1 -1 -1 -1 
271 18 582 171 17 18 -1 -1 -1 -1 
273 16 510 149 19 17 -1 -1 -1 -1 
274 18 584 178 17 14 -1 -1 -1 -1 
275 18 585 178 17 16 -1 -1 -1 -1 
276 18 585 178 18 18 -1 -1 -1 -1 
277 18 585 178 18 18 -1 -1 -1 -1 
278 18 585 179 19 20 -1 -1 -1 -1 
279 18 585 179 19 20 -1 -1 -1 -1 
280 16 516 147 18 14 -1 -1 -1 -1 
280 18 586 183 20 17 -1 -1 -1 -1 
281 16 517 147 18 13 -1 -1 -1 -1 
281 18 586 184 21 19 -1 -1 -1 -1 
282 16 519 146 17 13 -1 -1 -1 -1 
282 18 586 182 23 22 -1 -1 -1 -1 
283 16 519 146 17 13 -1 -1 -1 -1 
283 18 586 182 23 22 -1 -1 -1 -1 
284 16 520 146 16 12 -1 -1 -1 -1 
284 18 587 182 22 25 -1 -1 -1 -1 
285 16 520 146 16 12 -1 -1 -1 -1 
286 18 588 184 23 26 -1 -1 -1 -1 
287 18 587 188 25 26 -1 -1 -1 -1 
288 18 588 187 26 30 -1 -1 -1 -1 
289 18 588 187 26 30 -1 -1 -1 -1 
290 16 599 166 15 15 -1 -1 -1 -1 
290 18 589 190 28 31 -1 -1 -1 -1 
291 16 599 168 16 14 -1 -1 -1 -1 
291 18 590 193 29 32 -1 -1 -1 -1 
292 16 599 168 16 14 -1 -1 -1 -1 
292 18 590 193 29 32 -1 -1 -1 -1 
293 16 599 169 16 12 -1 -1 -1 -1 
293 18 591 196 29 33 -1 -1 -1 -1 
294 16 600 169 15 12 -1 -1 -1 -1 
294 18 592 200 31 34 -1 -1 -1 -1 
