3 1 326 205 29 24 -1 -1 -1 -1 
4 1 319 208 30 26 -1 -1 -1 -1 
4 6 159 216 40 28 -1 -1 -1 -1 
5 1 303 215 37 31 -1 -1 -1 -1 
5 6 138 225 44 29 -1 -1 -1 -1 
6 1 283 223 47 40 -1 -1 -1 -1 
6 6 115 229 50 34 -1 -1 -1 -1 
7 1 283 223 47 40 -1 -1 -1 -1 
7 6 83 241 58 38 -1 -1 -1 -1 
8 6 63 248 58 42 -1 -1 -1 -1 
9 6 45 252 64 44 -1 -1 -1 -1 
10 6 20 260 67 52 -1 -1 -1 -1 
11 6 1 263 72 57 -1 -1 -1 -1 
12 6 1 263 72 57 -1 -1 -1 -1 
12 18 248 197 24 18 -1 -1 -1 -1 
13 18 244 198 26 20 -1 -1 -1 -1 
14 18 236 199 28 20 -1 -1 -1 -1 
15 18 234 200 27 20 -1 -1 -1 -1 
17 18 227 206 24 18 -1 -1 -1 -1 
18 18 216 208 32 20 -1 -1 -1 -1 
19 18 215 210 29 19 -1 -1 -1 -1 
20 18 208 211 30 21 -1 -1 -1 -1 
21 18 202 211 32 23 -1 -1 -1 -1 
22 18 198 213 32 22 -1 -1 -1 -1 
23 18 189 217 33 22 -1 -1 -1 -1 
24 18 185 218 31 24 -1 -1 -1 -1 
26 18 171 224 36 24 -1 -1 -1 -1 
27 18 164 226 38 25 -1 -1 -1 -1 
28 18 155 229 40 27 -1 -1 -1 -1 
29 18 148 232 40 27 -1 -1 -1 -1 
30 18 140 235 42 28 -1 -1 -1 -1 
31 18 132 239 40 28 -1 -1 -1 -1 
32 18 125 242 41 30 -1 -1 -1 -1 
33 18 113 245 45 33 -1 -1 -1 -1 
34 18 97 250 52 34 -1 -1 -1 -1 
35 18 86 255 54 33 -1 -1 -1 -1 
36 18 77 257 55 36 -1 -1 -1 -1 
37 18 67 259 56 39 -1 -1 -1 -1 
38 18 55 265 59 40 -1 -1 -1 -1 
39 18 40 272 61 41 -1 -1 -1 -1 
40 18 27 276 62 43 -1 -1 -1 -1 
41 18 15 281 65 44 -1 -1 -1 -1 
42 18 1 286 64 49 -1 -1 -1 -1 
43 18 0 290 58 48 -1 -1 -1 -1 
44 18 0 299 42 46 -1 -1 -1 -1 
45 18 0 299 42 46 -1 -1 -1 -1 
51 24 171 213 38 27 -1 -1 -1 -1 
52 24 162 216 43 28 -1 -1 -1 -1 
54 24 147 220 41 32 -1 -1 -1 -1 
55 24 139 226 42 29 -1 -1 -1 -1 
56 24 127 230 43 30 -1 -1 -1 -1 
57 24 119 232 45 32 -1 -1 -1 -1 
58 24 108 235 48 35 -1 -1 -1 -1 
59 24 92 241 50 36 -1 -1 -1 -1 
60 24 79 243 55 40 -1 -1 -1 -1 
61 24 68 249 56 38 -1 -1 -1 -1 
62 24 52 255 57 40 -1 -1 -1 -1 
63 24 36 261 65 46 -1 -1 -1 -1 
64 24 23 264 64 49 -1 -1 -1 -1 
65 24 5 272 64 50 -1 -1 -1 -1 
66 24 1 278 54 61 -1 -1 -1 -1 
67 24 0 282 42 59 -1 -1 -1 -1 
68 24 0 290 21 41 -1 -1 -1 -1 
75 24 0 290 21 41 -1 -1 -1 -1 
78 27 297 188 20 15 -1 -1 -1 -1 
79 27 294 188 21 17 -1 -1 -1 -1 
79 28 160 215 48 29 -1 -1 -1 -1 
80 27 290 192 20 15 -1 -1 -1 -1 
80 28 155 218 42 30 -1 -1 -1 -1 
81 27 288 191 20 17 -1 -1 -1 -1 
81 28 146 220 43 33 -1 -1 -1 -1 
82 27 288 191 20 17 -1 -1 -1 -1 
83 27 278 196 24 18 -1 -1 -1 -1 
83 28 120 229 50 36 -1 -1 -1 -1 
84 27 277 197 21 18 -1 -1 -1 -1 
84 28 109 234 51 38 -1 -1 -1 -1 
85 27 274 199 23 18 -1 -1 -1 -1 
85 28 93 238 56 39 -1 -1 -1 -1 
86 27 268 203 23 18 -1 -1 -1 -1 
87 27 263 204 25 18 -1 -1 -1 -1 
88 27 259 205 26 19 -1 -1 -1 -1 
89 27 254 209 26 19 -1 -1 -1 -1 
89 29 23 262 69 51 -1 -1 -1 -1 
90 27 248 211 27 20 -1 -1 -1 -1 
90 29 7 268 69 56 -1 -1 -1 -1 
91 27 241 215 27 19 -1 -1 -1 -1 
91 29 1 278 55 60 -1 -1 -1 -1 
93 27 227 223 30 17 -1 -1 -1 -1 
94 27 221 226 30 16 -1 -1 -1 -1 
95 27 214 229 30 16 -1 -1 -1 -1 
97 27 214 229 30 16 -1 -1 -1 -1 
