6 1 0 240 164 239 -1 -1 -1 -1 
7 1 0 240 164 239 -1 -1 -1 -1 
8 1 0 176 195 299 -1 -1 -1 -1 
9 1 1 169 227 285 -1 -1 -1 -1 
10 1 1 169 227 285 -1 -1 -1 -1 
11 1 2 159 251 290 -1 -1 -1 -1 
12 1 2 159 251 290 -1 -1 -1 -1 
13 1 2 153 277 304 -1 -1 -1 -1 
14 1 2 145 299 303 -1 -1 -1 -1 
15 1 2 145 299 303 -1 -1 -1 -1 
16 1 3 142 309 312 -1 -1 -1 -1 
17 1 3 142 309 312 -1 -1 -1 -1 
18 1 3 139 318 339 -1 -1 -1 -1 
19 1 2 136 338 336 -1 -1 -1 -1 
20 1 2 136 338 336 -1 -1 -1 -1 
21 1 2 134 350 332 -1 -1 -1 -1 
22 1 2 134 350 332 -1 -1 -1 -1 
23 1 2 131 358 335 -1 -1 -1 -1 
24 1 2 133 374 309 -1 -1 -1 -1 
25 1 2 133 374 309 -1 -1 -1 -1 
26 1 16 133 371 277 -1 -1 -1 -1 
27 1 59 130 329 261 -1 -1 -1 -1 
28 1 100 132 297 237 -1 -1 -1 -1 
28 2 576 171 19 16 -1 -1 -1 -1 
29 1 136 131 269 220 -1 -1 -1 -1 
29 2 576 174 18 16 -1 -1 -1 -1 
29 3 607 186 19 14 -1 -1 -1 -1 
30 1 165 133 251 201 -1 -1 -1 -1 
30 2 576 175 19 17 -1 -1 -1 -1 
30 3 607 187 20 14 -1 -1 -1 -1 
31 1 165 133 251 201 -1 -1 -1 -1 
31 2 576 175 19 17 -1 -1 -1 -1 
31 3 607 187 20 14 -1 -1 -1 -1 
32 1 197 132 225 185 -1 -1 -1 -1 
32 2 576 176 20 18 -1 -1 -1 -1 
32 3 607 188 21 14 -1 -1 -1 -1 
33 1 197 132 225 185 -1 -1 -1 -1 
33 2 576 176 20 18 -1 -1 -1 -1 
33 3 607 188 21 14 -1 -1 -1 -1 
34 1 218 132 209 172 -1 -1 -1 -1 
34 2 576 176 20 18 -1 -1 -1 -1 
35 1 237 131 198 159 -1 -1 -1 -1 
35 3 578 178 20 18 -1 -1 -1 -1 
36 1 237 131 198 159 -1 -1 -1 -1 
36 3 578 178 20 18 -1 -1 -1 -1 
37 1 259 133 181 151 -1 -1 -1 -1 
37 3 612 191 20 18 -1 -1 -1 -1 
38 1 259 133 181 151 -1 -1 -1 -1 
38 3 612 191 20 18 -1 -1 -1 -1 
39 1 280 132 165 140 -1 -1 -1 -1 
39 3 612 191 20 18 -1 -1 -1 -1 
40 1 296 132 153 128 -1 -1 -1 -1 
40 5 579 184 22 21 -1 -1 -1 -1 
41 1 296 132 153 128 -1 -1 -1 -1 
41 5 579 184 22 21 -1 -1 -1 -1 
42 1 309 132 145 123 -1 -1 -1 -1 
42 5 579 184 23 23 -1 -1 -1 -1 
43 1 334 131 126 112 -1 -1 -1 -1 
43 5 580 187 25 25 -1 -1 -1 -1 
44 1 334 131 126 112 -1 -1 -1 -1 
44 5 580 187 25 25 -1 -1 -1 -1 
44 6 620 196 19 19 -1 -1 -1 -1 
45 1 344 131 119 107 -1 -1 -1 -1 
45 5 580 186 27 28 -1 -1 -1 -1 
45 6 621 196 18 20 -1 -1 -1 -1 
46 1 354 130 113 101 -1 -1 -1 -1 
46 5 581 189 27 29 -1 -1 -1 -1 
46 6 623 199 16 20 -1 -1 -1 -1 
47 1 363 131 107 95 -1 -1 -1 -1 
47 5 582 192 28 29 -1 -1 -1 -1 
47 6 624 199 15 22 -1 -1 -1 -1 
48 1 371 131 102 92 -1 -1 -1 -1 
48 5 582 192 28 29 -1 -1 -1 -1 
49 1 371 131 102 92 -1 -1 -1 -1 
49 6 624 203 15 21 -1 -1 -1 -1 
50 1 380 130 96 90 -1 -1 -1 -1 
50 6 626 207 13 18 -1 -1 -1 -1 
51 1 390 129 89 83 -1 -1 -1 -1 
51 6 626 207 13 18 -1 -1 -1 -1 
52 1 395 131 87 77 -1 -1 -1 -1 
53 1 402 130 81 75 -1 -1 -1 -1 
54 1 407 129 79 72 -1 -1 -1 -1 
55 1 413 128 75 72 -1 -1 -1 -1 
56 1 417 128 74 70 -1 -1 -1 -1 
56 2 578 167 17 14 -1 -1 -1 -1 
57 1 422 128 70 70 -1 -1 -1 -1 
58 1 426 127 68 69 -1 -1 -1 -1 
58 2 578 168 16 14 -1 -1 -1 -1 
59 1 430 128 66 67 -1 -1 -1 -1 
59 2 578 170 17 14 -1 -1 -1 -1 
60 1 434 127 64 67 -1 -1 -1 -1 
60 2 578 172 17 14 -1 -1 -1 -1 
61 1 438 127 62 66 -1 -1 -1 -1 
61 2 578 174 18 14 -1 -1 -1 -1 
62 1 438 127 62 66 -1 -1 -1 -1 
62 2 578 174 18 14 -1 -1 -1 -1 
62 8 599 240 40 73 -1 -1 -1 -1 
63 1 446 128 57 61 -1 -1 -1 -1 
63 2 580 176 18 15 -1 -1 -1 -1 
63 8 603 259 36 84 -1 -1 -1 -1 
64 1 446 128 57 61 -1 -1 -1 -1 
64 2 580 176 18 15 -1 -1 -1 -1 
64 8 603 259 36 84 -1 -1 -1 -1 
65 1 448 128 57 59 -1 -1 -1 -1 
66 1 451 129 54 56 -1 -1 -1 -1 
67 1 455 129 52 55 -1 -1 -1 -1 
68 1 457 127 50 55 -1 -1 -1 -1 
68 3 580 180 20 20 -1 -1 -1 -1 
69 1 460 127 49 53 -1 -1 -1 -1 
69 3 581 181 21 21 -1 -1 -1 -1 
70 1 461 127 49 52 -1 -1 -1 -1 
70 3 580 185 23 19 -1 -1 -1 -1 
71 1 463 127 49 51 -1 -1 -1 -1 
71 3 582 183 24 25 -1 -1 -1 -1 
72 1 464 128 48 49 -1 -1 -1 -1 
72 3 583 184 23 25 -1 -1 -1 -1 
72 11 1 315 134 141 -1 -1 -1 -1 
73 1 466 128 49 46 -1 -1 -1 -1 
73 3 582 188 26 24 -1 -1 -1 -1 
73 11 0 301 169 132 -1 -1 -1 -1 
74 1 466 129 48 44 -1 -1 -1 -1 
74 3 584 189 25 27 -1 -1 -1 -1 
74 11 17 289 183 118 -1 -1 -1 -1 
75 1 466 129 48 44 -1 -1 -1 -1 
75 3 584 189 25 27 -1 -1 -1 -1 
75 11 17 289 183 118 -1 -1 -1 -1 
76 1 469 128 46 45 -1 -1 -1 -1 
76 3 585 190 25 30 -1 -1 -1 -1 
76 11 59 276 169 107 -1 -1 -1 -1 
77 1 473 129 43 43 -1 -1 -1 -1 
77 3 585 190 25 30 -1 -1 -1 -1 
78 1 476 128 44 43 -1 -1 -1 -1 
78 11 132 255 144 92 -1 -1 -1 -1 
79 1 479 127 40 43 -1 -1 -1 -1 
79 11 161 247 133 85 -1 -1 -1 -1 
80 1 480 125 39 45 -1 -1 -1 -1 
80 11 190 235 121 83 -1 -1 -1 -1 
81 1 483 125 36 44 -1 -1 -1 -1 
81 11 216 231 109 71 -1 -1 -1 -1 
81 12 589 205 33 37 -1 -1 -1 -1 
82 1 484 125 36 42 -1 -1 -1 -1 
82 11 237 223 103 70 -1 -1 -1 -1 
83 1 485 126 35 40 -1 -1 -1 -1 
83 2 598 166 16 16 -1 -1 -1 -1 
83 11 258 216 95 67 -1 -1 -1 -1 
84 1 487 126 33 39 -1 -1 -1 -1 
84 2 598 166 16 16 -1 -1 -1 -1 
84 11 293 209 82 57 -1 -1 -1 -1 
85 1 489 126 33 38 -1 -1 -1 -1 
85 11 309 203 73 54 -1 -1 -1 -1 
86 1 490 126 33 38 -1 -1 -1 -1 
86 11 321 197 71 53 -1 -1 -1 -1 
86 14 238 325 143 117 -1 -1 -1 -1 
87 1 491 125 33 38 -1 -1 -1 -1 
87 11 332 198 66 46 -1 -1 -1 -1 
87 14 273 302 128 108 -1 -1 -1 -1 
88 1 493 125 31 37 -1 -1 -1 -1 
88 11 344 194 62 46 -1 -1 -1 -1 
88 14 303 287 114 94 -1 -1 -1 -1 
89 1 493 125 31 37 -1 -1 -1 -1 
89 11 354 191 59 43 -1 -1 -1 -1 
90 11 363 191 56 38 -1 -1 -1 -1 
90 14 351 261 89 76 -1 -1 -1 -1 
91 11 363 191 56 38 -1 -1 -1 -1 
91 14 351 261 89 76 -1 -1 -1 -1 
92 2 605 176 17 17 -1 -1 -1 -1 
92 11 372 187 51 38 -1 -1 -1 -1 
92 14 369 252 81 68 -1 -1 -1 -1 
93 2 605 176 19 18 -1 -1 -1 -1 
93 11 381 185 48 36 -1 -1 -1 -1 
93 14 384 242 74 62 -1 -1 -1 -1 
94 2 606 176 18 19 -1 -1 -1 -1 
94 11 387 183 47 35 -1 -1 -1 -1 
94 14 394 236 72 57 -1 -1 -1 -1 
95 2 606 176 18 19 -1 -1 -1 -1 
95 11 394 180 47 34 -1 -1 -1 -1 
96 11 400 178 43 33 -1 -1 -1 -1 
96 14 417 225 60 47 -1 -1 -1 -1 
97 11 407 177 42 31 -1 -1 -1 -1 
97 14 425 216 58 47 -1 -1 -1 -1 
98 11 411 176 40 29 -1 -1 -1 -1 
98 14 432 209 54 45 -1 -1 -1 -1 
99 11 417 173 38 30 -1 -1 -1 -1 
99 14 437 206 52 42 -1 -1 -1 -1 
100 11 421 172 37 27 -1 -1 -1 -1 
100 14 445 204 49 38 -1 -1 -1 -1 
101 11 421 172 37 27 -1 -1 -1 -1 
101 14 445 204 49 38 -1 -1 -1 -1 
102 11 427 170 33 27 -1 -1 -1 -1 
102 14 457 201 39 36 -1 -1 -1 -1 
103 11 431 170 31 26 -1 -1 -1 -1 
103 14 462 197 37 33 -1 -1 -1 -1 
104 11 435 168 31 25 -1 -1 -1 -1 
104 14 463 193 38 32 -1 -1 -1 -1 
105 11 438 167 31 25 -1 -1 -1 -1 
105 14 468 191 35 30 -1 -1 -1 -1 
106 11 441 166 30 25 -1 -1 -1 -1 
106 14 473 188 34 30 -1 -1 -1 -1 
106 17 163 353 191 124 -1 -1 -1 -1 
107 11 444 164 29 25 -1 -1 -1 -1 
107 14 474 187 33 27 -1 -1 -1 -1 
107 17 222 327 155 127 -1 -1 -1 -1 
108 11 448 164 28 22 -1 -1 -1 -1 
108 14 478 184 31 26 -1 -1 -1 -1 
108 17 263 305 135 107 -1 -1 -1 -1 
109 11 451 162 28 23 -1 -1 -1 -1 
109 14 481 182 31 25 -1 -1 -1 -1 
109 17 295 289 120 94 -1 -1 -1 -1 
110 11 453 162 27 22 -1 -1 -1 -1 
110 14 483 179 32 25 -1 -1 -1 -1 
110 17 323 267 106 92 -1 -1 -1 -1 
111 11 456 161 23 21 -1 -1 -1 -1 
111 14 485 178 31 24 -1 -1 -1 -1 
111 17 349 259 93 78 -1 -1 -1 -1 
112 11 460 160 23 21 -1 -1 -1 -1 
112 14 491 176 26 23 -1 -1 -1 -1 
112 17 368 252 87 67 -1 -1 -1 -1 
113 11 462 159 22 20 -1 -1 -1 -1 
113 14 493 174 26 22 -1 -1 -1 -1 
113 17 383 238 78 65 -1 -1 -1 -1 
114 11 464 159 23 19 -1 -1 -1 -1 
114 14 494 173 27 21 -1 -1 -1 -1 
114 17 396 231 72 60 -1 -1 -1 -1 
115 11 466 157 24 21 -1 -1 -1 -1 
115 14 497 172 24 20 -1 -1 -1 -1 
115 17 409 221 69 59 -1 -1 -1 -1 
116 11 468 157 22 18 -1 -1 -1 -1 
116 14 498 170 23 21 -1 -1 -1 -1 
116 17 420 217 61 53 -1 -1 -1 -1 
117 11 472 156 20 19 -1 -1 -1 -1 
117 14 499 169 24 20 -1 -1 -1 -1 
117 17 426 212 58 50 -1 -1 -1 -1 
118 11 473 155 20 19 -1 -1 -1 -1 
118 14 502 167 22 20 -1 -1 -1 -1 
118 17 435 209 53 43 -1 -1 -1 -1 
119 11 474 154 20 19 -1 -1 -1 -1 
119 14 503 167 22 18 -1 -1 -1 -1 
119 17 443 204 49 42 -1 -1 -1 -1 
120 11 477 153 20 19 -1 -1 -1 -1 
120 14 502 165 26 20 -1 -1 -1 -1 
120 17 454 201 43 40 -1 -1 -1 -1 
121 11 478 153 20 19 -1 -1 -1 -1 
121 14 507 164 20 18 -1 -1 -1 -1 
121 17 458 197 39 36 -1 -1 -1 -1 
122 11 479 153 20 18 -1 -1 -1 -1 
122 14 507 164 20 18 -1 -1 -1 -1 
123 11 482 152 19 18 -1 -1 -1 -1 
123 14 510 163 18 15 -1 -1 -1 -1 
123 17 461 194 40 35 -1 -1 -1 -1 
124 11 483 151 19 18 -1 -1 -1 -1 
124 14 510 163 18 15 -1 -1 -1 -1 
125 11 483 151 19 18 -1 -1 -1 -1 
125 17 470 189 35 31 -1 -1 -1 -1 
126 11 485 151 17 16 -1 -1 -1 -1 
126 17 474 186 32 31 -1 -1 -1 -1 
127 11 486 150 17 17 -1 -1 -1 -1 
127 14 513 160 18 15 -1 -1 -1 -1 
127 17 474 184 36 30 -1 -1 -1 -1 
128 11 487 151 17 15 -1 -1 -1 -1 
128 14 514 160 17 14 -1 -1 -1 -1 
128 17 480 181 31 28 -1 -1 -1 -1 
129 11 487 151 17 15 -1 -1 -1 -1 
129 14 514 160 17 14 -1 -1 -1 -1 
129 17 480 181 31 28 -1 -1 -1 -1 
130 11 488 151 18 15 -1 -1 -1 -1 
130 14 514 160 17 14 -1 -1 -1 -1 
130 17 483 180 30 26 -1 -1 -1 -1 
131 11 490 150 16 15 -1 -1 -1 -1 
131 17 484 178 30 26 -1 -1 -1 -1 
132 11 490 150 16 15 -1 -1 -1 -1 
132 17 484 178 30 26 -1 -1 -1 -1 
132 21 585 157 16 12 -1 -1 -1 -1 
133 11 491 150 16 14 -1 -1 -1 -1 
133 17 491 175 26 25 -1 -1 -1 -1 
134 11 492 149 16 14 -1 -1 -1 -1 
134 17 492 173 27 24 -1 -1 -1 -1 
135 11 493 148 16 15 -1 -1 -1 -1 
135 17 495 171 25 23 -1 -1 -1 -1 
136 11 493 148 16 15 -1 -1 -1 -1 
136 17 495 171 25 23 -1 -1 -1 -1 
137 11 494 148 16 14 -1 -1 -1 -1 
137 17 496 170 25 22 -1 -1 -1 -1 
138 11 495 147 16 15 -1 -1 -1 -1 
138 17 498 169 24 23 -1 -1 -1 -1 
139 11 495 147 16 15 -1 -1 -1 -1 
139 17 498 169 24 23 -1 -1 -1 -1 
140 11 496 147 17 13 -1 -1 -1 -1 
140 17 499 169 24 20 -1 -1 -1 -1 
141 11 498 146 15 13 -1 -1 -1 -1 
141 17 499 168 26 20 -1 -1 -1 -1 
142 11 498 146 15 13 -1 -1 -1 -1 
143 17 503 165 23 20 -1 -1 -1 -1 
144 17 505 165 22 18 -1 -1 -1 -1 
145 17 506 163 21 18 -1 -1 -1 -1 
146 17 506 163 21 18 -1 -1 -1 -1 
147 17 508 162 20 17 -1 -1 -1 -1 
148 17 510 163 17 14 -1 -1 -1 -1 
149 17 511 163 18 13 -1 -1 -1 -1 
150 17 511 163 18 13 -1 -1 -1 -1 
151 17 513 162 17 11 -1 -1 -1 -1 
152 17 513 160 19 13 -1 -1 -1 -1 
153 17 513 160 19 13 -1 -1 -1 -1 
154 17 514 160 18 12 -1 -1 -1 -1 
155 17 514 160 18 12 -1 -1 -1 -1 
156 17 516 159 17 12 -1 -1 -1 -1 
157 17 517 157 16 13 -1 -1 -1 -1 
158 17 517 157 16 13 -1 -1 -1 -1 
159 17 519 155 15 14 -1 -1 -1 -1 
159 22 590 172 18 18 -1 -1 -1 -1 
160 17 520 154 16 15 -1 -1 -1 -1 
160 22 589 171 20 20 -1 -1 -1 -1 
161 17 520 154 16 15 -1 -1 -1 -1 
161 22 589 171 20 20 -1 -1 -1 -1 
162 17 521 154 14 14 -1 -1 -1 -1 
162 22 591 175 18 18 -1 -1 -1 -1 
163 17 521 154 14 14 -1 -1 -1 -1 
164 22 590 174 20 22 -1 -1 -1 -1 
165 22 591 175 20 22 -1 -1 -1 -1 
166 22 591 178 21 20 -1 -1 -1 -1 
167 22 591 179 22 22 -1 -1 -1 -1 
168 22 591 179 22 22 -1 -1 -1 -1 
169 22 592 178 23 24 -1 -1 -1 -1 
170 22 593 181 23 22 -1 -1 -1 -1 
171 22 593 181 23 22 -1 -1 -1 -1 
172 22 593 185 22 20 -1 -1 -1 -1 
173 22 592 184 25 24 -1 -1 -1 -1 
174 22 592 184 25 24 -1 -1 -1 -1 
179 17 577 152 15 20 -1 -1 -1 -1 
179 22 597 185 25 30 -1 -1 -1 -1 
180 17 577 153 16 20 -1 -1 -1 -1 
180 22 597 188 26 30 -1 -1 -1 -1 
181 17 577 153 16 20 -1 -1 -1 -1 
181 22 597 188 26 30 -1 -1 -1 -1 
182 17 577 153 16 21 -1 -1 -1 -1 
182 22 599 190 25 30 -1 -1 -1 -1 
183 17 577 153 17 22 -1 -1 -1 -1 
184 17 577 153 17 22 -1 -1 -1 -1 
185 17 577 156 17 21 -1 -1 -1 -1 
186 17 578 156 16 21 -1 -1 -1 -1 
187 17 578 156 16 21 -1 -1 -1 -1 
188 17 578 156 16 21 -1 -1 -1 -1 
189 23 600 193 35 40 -1 -1 -1 -1 
191 17 577 158 18 23 -1 -1 -1 -1 
192 17 577 158 18 23 -1 -1 -1 -1 
193 17 577 159 19 23 -1 -1 -1 -1 
194 17 577 159 19 23 -1 -1 -1 -1 
195 17 577 161 19 23 -1 -1 -1 -1 
196 17 577 159 20 26 -1 -1 -1 -1 
197 17 577 159 20 26 -1 -1 -1 -1 
198 17 577 160 21 26 -1 -1 -1 -1 
199 17 578 162 21 26 -1 -1 -1 -1 
200 17 578 161 22 28 -1 -1 -1 -1 
201 17 578 161 22 28 -1 -1 -1 -1 
213 17 576 149 33 52 -1 -1 -1 -1 
214 17 576 149 33 52 -1 -1 -1 -1 
219 17 575 145 37 63 -1 -1 -1 -1 
220 17 575 145 37 63 -1 -1 -1 -1 
226 17 584 170 32 48 -1 -1 -1 -1 
229 17 587 174 31 51 -1 -1 -1 -1 
230 17 588 179 33 48 -1 -1 -1 -1 
231 17 588 179 33 48 -1 -1 -1 -1 
232 17 589 169 34 63 -1 -1 -1 -1 
233 17 587 167 39 68 -1 -1 -1 -1 
234 17 587 167 39 68 -1 -1 -1 -1 
235 17 590 167 39 73 -1 -1 -1 -1 
236 17 591 172 40 73 -1 -1 -1 -1 
237 17 591 172 40 73 -1 -1 -1 -1 
238 17 593 186 40 56 -1 -1 -1 -1 
239 17 594 190 43 63 -1 -1 -1 -1 
240 17 594 190 43 63 -1 -1 -1 -1 
241 17 595 192 44 68 -1 -1 -1 -1 
242 17 596 192 43 75 -1 -1 -1 -1 
243 17 596 192 43 75 -1 -1 -1 -1 
266 17 596 192 43 75 -1 -1 -1 -1 
270 24 0 227 197 236 -1 -1 -1 -1 
271 24 0 214 228 238 -1 -1 -1 -1 
272 24 0 214 228 238 -1 -1 -1 -1 
273 24 1 201 254 241 -1 -1 -1 -1 
274 24 13 191 265 217 -1 -1 -1 -1 
275 24 13 191 265 217 -1 -1 -1 -1 
276 24 61 188 238 191 -1 -1 -1 -1 
277 24 103 179 214 186 -1 -1 -1 -1 
278 24 103 179 214 186 -1 -1 -1 -1 
279 24 137 172 198 180 -1 -1 -1 -1 
280 24 137 172 198 180 -1 -1 -1 -1 
281 24 166 169 187 169 -1 -1 -1 -1 
282 24 198 172 162 148 -1 -1 -1 -1 
283 24 198 172 162 148 -1 -1 -1 -1 
284 24 223 168 146 136 -1 -1 -1 -1 
285 24 223 168 146 136 -1 -1 -1 -1 
286 24 245 164 136 129 -1 -1 -1 -1 
287 24 265 163 125 118 -1 -1 -1 -1 
288 24 265 163 125 118 -1 -1 -1 -1 
289 24 282 159 116 114 -1 -1 -1 -1 
290 24 299 158 108 103 -1 -1 -1 -1 
291 24 299 158 108 103 -1 -1 -1 -1 
292 24 313 157 100 98 -1 -1 -1 -1 
293 24 313 157 100 98 -1 -1 -1 -1 
294 24 327 154 92 94 -1 -1 -1 -1 
295 24 338 153 87 87 -1 -1 -1 -1 
296 24 349 151 81 84 -1 -1 -1 -1 
297 24 349 151 81 84 -1 -1 -1 -1 
298 24 357 149 78 80 -1 -1 -1 -1 
299 24 357 149 78 80 -1 -1 -1 -1 
300 24 368 149 73 77 -1 -1 -1 -1 
301 24 375 149 71 73 -1 -1 -1 -1 
302 24 375 149 71 73 -1 -1 -1 -1 
303 24 384 148 65 70 -1 -1 -1 -1 
304 24 384 148 65 70 -1 -1 -1 -1 
305 24 390 146 63 68 -1 -1 -1 -1 
306 24 397 144 59 65 -1 -1 -1 -1 
307 24 397 144 59 65 -1 -1 -1 -1 
308 24 402 145 58 61 -1 -1 -1 -1 
309 24 402 145 58 61 -1 -1 -1 -1 
310 24 408 145 56 58 -1 -1 -1 -1 
311 24 413 145 54 56 -1 -1 -1 -1 
312 24 413 145 54 56 -1 -1 -1 -1 
313 24 419 144 50 53 -1 -1 -1 -1 
314 24 424 143 49 54 -1 -1 -1 -1 
315 24 424 143 49 54 -1 -1 -1 -1 
316 24 429 143 47 51 -1 -1 -1 -1 
317 24 431 141 47 53 -1 -1 -1 -1 
318 24 431 141 47 53 -1 -1 -1 -1 
319 24 435 139 45 53 -1 -1 -1 -1 
320 24 438 140 44 49 -1 -1 -1 -1 
321 24 438 140 44 49 -1 -1 -1 -1 
321 27 50 378 226 100 -1 -1 -1 -1 
322 24 443 140 42 47 -1 -1 -1 -1 
322 27 112 348 201 130 -1 -1 -1 -1 
323 24 446 140 40 46 -1 -1 -1 -1 
323 27 167 324 174 136 -1 -1 -1 -1 
324 24 448 139 40 45 -1 -1 -1 -1 
324 27 214 301 151 121 -1 -1 -1 -1 
325 24 448 139 40 45 -1 -1 -1 -1 
325 27 214 301 151 121 -1 -1 -1 -1 
326 24 448 139 40 45 -1 -1 -1 -1 
327 27 286 266 116 99 -1 -1 -1 -1 
328 27 286 266 116 99 -1 -1 -1 -1 
329 27 312 255 107 88 -1 -1 -1 -1 
330 27 337 247 93 77 -1 -1 -1 -1 
331 27 337 247 93 77 -1 -1 -1 -1 
332 27 356 237 86 70 -1 -1 -1 -1 
333 27 373 229 77 66 -1 -1 -1 -1 
334 27 373 229 77 66 -1 -1 -1 -1 
335 27 387 224 70 58 -1 -1 -1 -1 
336 27 387 224 70 58 -1 -1 -1 -1 
337 27 398 219 66 54 -1 -1 -1 -1 
341 27 398 219 66 54 -1 -1 -1 -1 
343 29 472 136 32 35 -1 -1 -1 -1 
343 30 75 388 256 88 -1 -1 -1 -1 
344 29 472 136 32 35 -1 -1 -1 -1 
344 30 131 362 227 115 -1 -1 -1 -1 
345 30 182 337 200 139 -1 -1 -1 -1 
345 31 443 195 45 41 -1 -1 -1 -1 
346 30 182 337 200 139 -1 -1 -1 -1 
346 31 443 195 45 41 -1 -1 -1 -1 
347 30 229 314 170 140 -1 -1 -1 -1 
347 31 449 194 39 37 -1 -1 -1 -1 
348 30 267 298 149 122 -1 -1 -1 -1 
348 31 457 190 39 36 -1 -1 -1 -1 
349 30 267 298 149 122 -1 -1 -1 -1 
349 31 457 190 39 36 -1 -1 -1 -1 
350 30 297 282 132 108 -1 -1 -1 -1 
350 31 461 188 37 34 -1 -1 -1 -1 
351 30 322 263 120 104 -1 -1 -1 -1 
351 31 464 185 36 33 -1 -1 -1 -1 
352 30 345 257 106 85 -1 -1 -1 -1 
352 31 471 185 32 30 -1 -1 -1 -1 
352 33 46 359 228 119 -1 -1 -1 -1 
353 30 345 257 106 85 -1 -1 -1 -1 
353 31 471 185 32 30 -1 -1 -1 -1 
353 33 46 359 228 119 -1 -1 -1 -1 
354 30 364 249 95 78 -1 -1 -1 -1 
354 31 472 181 33 29 -1 -1 -1 -1 
354 33 95 335 209 143 -1 -1 -1 -1 
355 30 379 239 86 73 -1 -1 -1 -1 
355 31 473 179 35 29 -1 -1 -1 -1 
355 33 152 309 179 159 -1 -1 -1 -1 
356 30 379 239 86 73 -1 -1 -1 -1 
356 31 473 179 35 29 -1 -1 -1 -1 
356 33 152 309 179 159 -1 -1 -1 -1 
357 30 393 231 80 70 -1 -1 -1 -1 
357 31 481 177 29 27 -1 -1 -1 -1 
357 33 190 290 161 140 -1 -1 -1 -1 
358 30 404 220 74 69 -1 -1 -1 -1 
358 31 482 175 29 25 -1 -1 -1 -1 
358 33 229 274 142 123 -1 -1 -1 -1 
359 30 404 220 74 69 -1 -1 -1 -1 
359 31 482 175 29 25 -1 -1 -1 -1 
359 33 229 274 142 123 -1 -1 -1 -1 
360 30 415 219 67 60 -1 -1 -1 -1 
360 31 484 172 29 26 -1 -1 -1 -1 
360 33 263 259 125 112 -1 -1 -1 -1 
361 30 423 212 63 58 -1 -1 -1 -1 
361 31 488 171 28 25 -1 -1 -1 -1 
361 33 288 249 113 100 -1 -1 -1 -1 
362 30 432 209 58 52 -1 -1 -1 -1 
362 31 488 171 28 25 -1 -1 -1 -1 
363 30 432 209 58 52 -1 -1 -1 -1 
363 33 311 240 104 94 -1 -1 -1 -1 
364 30 438 206 54 48 -1 -1 -1 -1 
364 33 333 232 90 83 -1 -1 -1 -1 
365 30 443 202 52 46 -1 -1 -1 -1 
365 31 496 166 25 25 -1 -1 -1 -1 
365 33 351 223 83 79 -1 -1 -1 -1 
366 30 443 202 52 46 -1 -1 -1 -1 
366 31 496 166 25 25 -1 -1 -1 -1 
366 33 351 223 83 79 -1 -1 -1 -1 
367 30 451 199 46 43 -1 -1 -1 -1 
367 31 497 165 25 23 -1 -1 -1 -1 
367 33 363 215 80 75 -1 -1 -1 -1 
368 30 455 196 45 40 -1 -1 -1 -1 
368 31 498 164 25 21 -1 -1 -1 -1 
368 33 380 213 69 65 -1 -1 -1 -1 
369 30 455 196 45 40 -1 -1 -1 -1 
369 31 498 164 25 21 -1 -1 -1 -1 
369 33 380 213 69 65 -1 -1 -1 -1 
370 30 458 192 43 39 -1 -1 -1 -1 
370 31 502 163 21 20 -1 -1 -1 -1 
370 33 387 208 69 61 -1 -1 -1 -1 
371 30 462 188 42 39 -1 -1 -1 -1 
371 31 503 161 21 19 -1 -1 -1 -1 
371 33 399 203 62 59 -1 -1 -1 -1 
372 30 465 187 40 35 -1 -1 -1 -1 
372 31 506 160 19 19 -1 -1 -1 -1 
372 33 408 199 58 54 -1 -1 -1 -1 
373 30 470 184 36 34 -1 -1 -1 -1 
373 31 507 159 19 18 -1 -1 -1 -1 
373 33 416 195 53 52 -1 -1 -1 -1 
373 37 0 332 156 141 -1 -1 -1 -1 
374 30 473 182 35 33 -1 -1 -1 -1 
374 31 508 160 19 17 -1 -1 -1 -1 
374 33 424 193 47 49 -1 -1 -1 -1 
374 37 5 315 189 130 -1 -1 -1 -1 
375 30 477 179 32 33 -1 -1 -1 -1 
375 31 510 158 17 17 -1 -1 -1 -1 
375 33 430 190 47 45 -1 -1 -1 -1 
375 37 52 296 175 122 -1 -1 -1 -1 
376 30 479 177 34 32 -1 -1 -1 -1 
376 31 511 157 19 18 -1 -1 -1 -1 
376 33 438 188 42 42 -1 -1 -1 -1 
376 37 96 284 156 109 -1 -1 -1 -1 
377 30 479 177 34 32 -1 -1 -1 -1 
377 31 511 157 19 18 -1 -1 -1 -1 
377 33 438 188 42 42 -1 -1 -1 -1 
377 37 96 284 156 109 -1 -1 -1 -1 
378 30 482 175 33 30 -1 -1 -1 -1 
378 31 512 157 18 18 -1 -1 -1 -1 
378 33 441 187 42 39 -1 -1 -1 -1 
378 37 134 270 142 101 -1 -1 -1 -1 
379 30 485 174 31 28 -1 -1 -1 -1 
379 31 513 157 19 16 -1 -1 -1 -1 
379 33 448 182 38 40 -1 -1 -1 -1 
379 37 169 259 131 92 -1 -1 -1 -1 
380 30 488 172 29 28 -1 -1 -1 -1 
380 31 516 155 18 16 -1 -1 -1 -1 
380 33 452 182 32 37 -1 -1 -1 -1 
380 37 197 250 121 85 -1 -1 -1 -1 
381 30 490 171 28 26 -1 -1 -1 -1 
381 31 516 155 18 16 -1 -1 -1 -1 
381 33 457 179 32 35 -1 -1 -1 -1 
382 30 490 171 28 26 -1 -1 -1 -1 
382 33 457 179 32 35 -1 -1 -1 -1 
382 37 221 242 113 77 -1 -1 -1 -1 
383 30 493 169 25 26 -1 -1 -1 -1 
383 33 461 176 32 36 -1 -1 -1 -1 
383 37 247 232 101 74 -1 -1 -1 -1 
384 30 495 168 26 25 -1 -1 -1 -1 
384 33 464 176 30 32 -1 -1 -1 -1 
384 37 267 223 94 71 -1 -1 -1 -1 
385 30 495 168 26 25 -1 -1 -1 -1 
385 33 464 176 30 32 -1 -1 -1 -1 
385 37 267 223 94 71 -1 -1 -1 -1 
386 30 497 167 24 25 -1 -1 -1 -1 
386 33 467 173 30 32 -1 -1 -1 -1 
386 37 287 217 85 66 -1 -1 -1 -1 
387 30 497 167 24 25 -1 -1 -1 -1 
387 33 469 172 30 30 -1 -1 -1 -1 
387 37 306 215 76 59 -1 -1 -1 -1 
388 33 469 172 30 30 -1 -1 -1 -1 
388 37 306 215 76 59 -1 -1 -1 -1 
388 38 303 215 81 59 -1 -1 -1 -1 
389 33 472 170 28 28 -1 -1 -1 -1 
389 37 322 209 68 55 -1 -1 -1 -1 
390 33 475 169 27 27 -1 -1 -1 -1 
390 37 336 207 64 48 -1 -1 -1 -1 
390 38 334 204 67 51 -1 -1 -1 -1 
391 33 475 169 27 27 -1 -1 -1 -1 
391 37 336 207 64 48 -1 -1 -1 -1 
391 38 334 204 67 51 -1 -1 -1 -1 
392 33 477 169 26 25 -1 -1 -1 -1 
392 37 336 207 64 48 -1 -1 -1 -1 
393 33 480 167 25 25 -1 -1 -1 -1 
393 38 357 199 59 44 -1 -1 -1 -1 
394 33 482 165 25 26 -1 -1 -1 -1 
394 38 367 195 54 43 -1 -1 -1 -1 
395 33 485 164 24 25 -1 -1 -1 -1 
395 38 376 191 51 42 -1 -1 -1 -1 
396 33 485 164 24 25 -1 -1 -1 -1 
396 38 376 191 51 42 -1 -1 -1 -1 
397 31 511 157 18 20 -1 -1 -1 -1 
397 33 488 163 22 23 -1 -1 -1 -1 
397 38 385 189 49 40 -1 -1 -1 -1 
398 31 511 157 18 20 -1 -1 -1 -1 
398 33 489 163 23 22 -1 -1 -1 -1 
399 33 489 163 23 22 -1 -1 -1 -1 
399 38 392 187 47 37 -1 -1 -1 -1 
400 33 491 161 22 22 -1 -1 -1 -1 
400 38 400 184 43 36 -1 -1 -1 -1 
401 33 494 160 20 20 -1 -1 -1 -1 
401 38 404 181 41 34 -1 -1 -1 -1 
402 33 496 160 19 20 -1 -1 -1 -1 
402 38 406 179 42 34 -1 -1 -1 -1 
403 33 496 160 19 20 -1 -1 -1 -1 
403 38 406 179 42 34 -1 -1 -1 -1 
404 33 498 158 19 19 -1 -1 -1 -1 
404 38 416 177 34 32 -1 -1 -1 -1 
405 33 500 158 19 19 -1 -1 -1 -1 
405 38 421 175 36 31 -1 -1 -1 -1 
406 33 500 158 19 19 -1 -1 -1 -1 
406 38 421 175 36 31 -1 -1 -1 -1 
407 33 501 156 19 19 -1 -1 -1 -1 
407 38 428 173 33 31 -1 -1 -1 -1 
407 40 55 389 232 88 -1 -1 -1 -1 
408 33 502 154 19 20 -1 -1 -1 -1 
408 38 431 173 31 27 -1 -1 -1 -1 
408 40 109 361 211 116 -1 -1 -1 -1 
409 33 502 154 19 20 -1 -1 -1 -1 
409 38 431 173 31 27 -1 -1 -1 -1 
409 40 109 361 211 116 -1 -1 -1 -1 
410 33 504 154 17 19 -1 -1 -1 -1 
410 38 436 173 28 24 -1 -1 -1 -1 
410 40 159 337 188 139 -1 -1 -1 -1 
411 33 504 155 19 17 -1 -1 -1 -1 
411 38 441 170 28 27 -1 -1 -1 -1 
411 40 206 314 163 131 -1 -1 -1 -1 
412 33 505 154 19 17 -1 -1 -1 -1 
412 38 443 169 28 25 -1 -1 -1 -1 
412 40 247 297 140 115 -1 -1 -1 -1 
413 33 505 154 19 17 -1 -1 -1 -1 
413 38 443 169 28 25 -1 -1 -1 -1 
413 40 247 297 140 115 -1 -1 -1 -1 
414 33 509 149 17 20 -1 -1 -1 -1 
414 38 446 167 28 25 -1 -1 -1 -1 
414 40 279 279 125 104 -1 -1 -1 -1 
415 33 509 149 19 19 -1 -1 -1 -1 
415 38 449 165 27 25 -1 -1 -1 -1 
415 40 304 267 113 96 -1 -1 -1 -1 
416 33 511 149 19 18 -1 -1 -1 -1 
416 38 453 164 28 25 -1 -1 -1 -1 
416 40 326 256 101 85 -1 -1 -1 -1 
417 33 511 149 19 18 -1 -1 -1 -1 
417 38 453 164 28 25 -1 -1 -1 -1 
417 40 326 256 101 85 -1 -1 -1 -1 
418 33 511 148 19 18 -1 -1 -1 -1 
418 38 455 164 27 22 -1 -1 -1 -1 
418 40 348 247 91 77 -1 -1 -1 -1 
419 33 511 149 20 17 -1 -1 -1 -1 
419 38 457 164 27 21 -1 -1 -1 -1 
419 40 365 239 83 70 -1 -1 -1 -1 
420 33 512 148 21 18 -1 -1 -1 -1 
420 38 460 162 24 21 -1 -1 -1 -1 
420 40 380 232 75 66 -1 -1 -1 -1 
421 33 513 148 20 17 -1 -1 -1 -1 
421 38 463 160 23 21 -1 -1 -1 -1 
421 40 390 227 71 59 -1 -1 -1 -1 
422 33 513 148 20 17 -1 -1 -1 -1 
422 38 463 160 23 21 -1 -1 -1 -1 
422 40 390 227 71 59 -1 -1 -1 -1 
423 33 515 149 18 14 -1 -1 -1 -1 
423 38 467 160 20 20 -1 -1 -1 -1 
423 40 402 222 67 53 -1 -1 -1 -1 
424 33 515 148 18 15 -1 -1 -1 -1 
424 38 468 160 20 19 -1 -1 -1 -1 
424 40 411 217 63 51 -1 -1 -1 -1 
425 33 518 146 18 15 -1 -1 -1 -1 
425 38 471 159 20 18 -1 -1 -1 -1 
425 40 422 212 55 47 -1 -1 -1 -1 
426 33 518 146 18 15 -1 -1 -1 -1 
426 38 471 159 20 18 -1 -1 -1 -1 
426 40 422 212 55 47 -1 -1 -1 -1 
427 33 519 147 16 13 -1 -1 -1 -1 
427 38 473 158 19 18 -1 -1 -1 -1 
428 33 520 146 16 14 -1 -1 -1 -1 
428 38 475 157 19 18 -1 -1 -1 -1 
429 33 521 146 15 13 -1 -1 -1 -1 
429 38 477 155 20 19 -1 -1 -1 -1 
430 33 521 146 15 13 -1 -1 -1 -1 
430 38 477 155 20 19 -1 -1 -1 -1 
430 42 440 198 48 42 -1 -1 -1 -1 
431 33 522 147 14 11 -1 -1 -1 -1 
431 38 479 155 19 18 -1 -1 -1 -1 
431 42 447 196 43 39 -1 -1 -1 -1 
432 33 522 147 14 11 -1 -1 -1 -1 
432 38 480 155 19 17 -1 -1 -1 -1 
433 38 480 155 19 17 -1 -1 -1 -1 
433 42 453 194 40 36 -1 -1 -1 -1 
434 38 482 154 19 17 -1 -1 -1 -1 
434 42 459 191 36 36 -1 -1 -1 -1 
435 38 484 153 19 17 -1 -1 -1 -1 
435 42 462 188 36 35 -1 -1 -1 -1 
436 38 486 151 16 17 -1 -1 -1 -1 
436 42 466 186 33 32 -1 -1 -1 -1 
437 38 486 151 16 17 -1 -1 -1 -1 
437 42 466 186 33 32 -1 -1 -1 -1 
438 38 488 152 17 16 -1 -1 -1 -1 
438 42 470 184 32 32 -1 -1 -1 -1 
438 43 70 383 204 95 -1 -1 -1 -1 
439 38 489 151 16 16 -1 -1 -1 -1 
439 42 474 182 30 28 -1 -1 -1 -1 
439 43 117 358 189 121 -1 -1 -1 -1 
440 38 489 151 16 16 -1 -1 -1 -1 
440 42 474 182 30 28 -1 -1 -1 -1 
440 43 117 358 189 121 -1 -1 -1 -1 
441 38 492 151 14 15 -1 -1 -1 -1 
441 42 476 180 30 27 -1 -1 -1 -1 
441 43 169 334 166 130 -1 -1 -1 -1 
442 38 493 151 15 13 -1 -1 -1 -1 
442 42 480 177 28 29 -1 -1 -1 -1 
442 43 214 314 144 112 -1 -1 -1 -1 
443 38 493 151 15 13 -1 -1 -1 -1 
443 42 480 177 28 29 -1 -1 -1 -1 
443 43 214 314 144 112 -1 -1 -1 -1 
444 38 494 151 15 13 -1 -1 -1 -1 
444 42 482 175 27 29 -1 -1 -1 -1 
444 43 247 300 129 99 -1 -1 -1 -1 
445 38 494 151 15 13 -1 -1 -1 -1 
445 42 483 173 28 27 -1 -1 -1 -1 
446 42 483 173 28 27 -1 -1 -1 -1 
446 43 278 282 115 90 -1 -1 -1 -1 
447 42 486 173 27 24 -1 -1 -1 -1 
447 43 302 270 105 82 -1 -1 -1 -1 
448 42 487 172 27 23 -1 -1 -1 -1 
448 43 321 260 98 72 -1 -1 -1 -1 
449 42 487 172 27 23 -1 -1 -1 -1 
449 43 321 260 98 72 -1 -1 -1 -1 
450 42 490 169 27 25 -1 -1 -1 -1 
450 43 342 252 88 65 -1 -1 -1 -1 
451 38 499 148 14 12 -1 -1 -1 -1 
451 42 492 167 25 25 -1 -1 -1 -1 
451 43 359 242 81 61 -1 -1 -1 -1 
452 38 499 148 14 12 -1 -1 -1 -1 
452 42 492 167 25 25 -1 -1 -1 -1 
454 44 486 172 25 21 -1 -1 -1 -1 
454 45 519 146 16 20 -1 -1 -1 -1 
455 44 487 170 26 21 -1 -1 -1 -1 
455 45 519 147 17 17 -1 -1 -1 -1 
456 44 493 169 21 20 -1 -1 -1 -1 
457 44 493 169 21 20 -1 -1 -1 -1 
458 44 494 168 21 20 -1 -1 -1 -1 
459 44 494 168 21 20 -1 -1 -1 -1 
460 44 496 166 21 19 -1 -1 -1 -1 
461 44 497 165 21 19 -1 -1 -1 -1 
462 44 499 164 20 17 -1 -1 -1 -1 
463 44 499 164 20 17 -1 -1 -1 -1 
464 44 500 163 19 17 -1 -1 -1 -1 
465 44 500 163 19 17 -1 -1 -1 -1 
466 44 501 163 19 15 -1 -1 -1 -1 
467 44 502 163 19 14 -1 -1 -1 -1 
473 44 508 158 17 15 -1 -1 -1 -1 
474 44 509 157 17 15 -1 -1 -1 -1 
475 44 509 157 17 15 -1 -1 -1 -1 
478 44 511 157 16 13 -1 -1 -1 -1 
479 44 512 155 16 13 -1 -1 -1 -1 
480 44 512 155 16 13 -1 -1 -1 -1 
486 44 515 152 15 14 -1 -1 -1 -1 
487 44 515 152 15 14 -1 -1 -1 -1 
488 44 515 152 15 14 -1 -1 -1 -1 
490 46 0 340 150 137 -1 -1 -1 -1 
491 46 0 340 150 137 -1 -1 -1 -1 
492 46 0 319 189 135 -1 -1 -1 -1 
492 47 73 391 245 88 -1 -1 -1 -1 
493 46 46 302 177 122 -1 -1 -1 -1 
493 47 138 360 209 119 -1 -1 -1 -1 
494 46 46 302 177 122 -1 -1 -1 -1 
494 47 138 360 209 119 -1 -1 -1 -1 
495 46 92 290 163 107 -1 -1 -1 -1 
495 47 197 330 181 146 -1 -1 -1 -1 
496 46 132 275 149 94 -1 -1 -1 -1 
496 47 247 304 152 130 -1 -1 -1 -1 
497 46 132 275 149 94 -1 -1 -1 -1 
497 47 247 304 152 130 -1 -1 -1 -1 
498 46 169 263 134 85 -1 -1 -1 -1 
498 47 284 284 133 114 -1 -1 -1 -1 
499 46 200 251 124 80 -1 -1 -1 -1 
499 47 316 263 115 106 -1 -1 -1 -1 
500 46 200 251 124 80 -1 -1 -1 -1 
500 47 316 263 115 106 -1 -1 -1 -1 
501 46 229 242 110 72 -1 -1 -1 -1 
501 47 343 254 101 90 -1 -1 -1 -1 
502 46 254 233 101 67 -1 -1 -1 -1 
502 47 365 241 90 83 -1 -1 -1 -1 
503 46 275 228 93 60 -1 -1 -1 -1 
503 47 382 233 81 74 -1 -1 -1 -1 
504 46 275 228 93 60 -1 -1 -1 -1 
504 47 382 233 81 74 -1 -1 -1 -1 
505 46 294 217 87 60 -1 -1 -1 -1 
505 47 397 224 74 72 -1 -1 -1 -1 
506 46 313 215 78 51 -1 -1 -1 -1 
506 47 410 218 68 58 -1 -1 -1 -1 
507 46 328 208 73 52 -1 -1 -1 -1 
507 47 420 213 63 56 -1 -1 -1 -1 
508 46 341 202 68 50 -1 -1 -1 -1 
508 47 430 207 57 53 -1 -1 -1 -1 
509 46 341 202 68 50 -1 -1 -1 -1 
509 47 430 207 57 53 -1 -1 -1 -1 
510 46 353 200 64 45 -1 -1 -1 -1 
510 47 438 203 52 49 -1 -1 -1 -1 
511 46 364 197 60 42 -1 -1 -1 -1 
511 47 445 198 51 46 -1 -1 -1 -1 
512 46 364 197 60 42 -1 -1 -1 -1 
512 47 445 198 51 46 -1 -1 -1 -1 
513 46 374 192 56 41 -1 -1 -1 -1 
513 47 452 195 47 42 -1 -1 -1 -1 
514 46 383 192 51 36 -1 -1 -1 -1 
514 47 458 192 42 40 -1 -1 -1 -1 
515 46 392 187 50 36 -1 -1 -1 -1 
515 47 465 187 37 39 -1 -1 -1 -1 
516 46 392 187 50 36 -1 -1 -1 -1 
516 47 465 187 37 39 -1 -1 -1 -1 
517 46 400 186 46 34 -1 -1 -1 -1 
517 47 469 185 35 38 -1 -1 -1 -1 
518 46 404 184 47 31 -1 -1 -1 -1 
518 47 471 183 36 35 -1 -1 -1 -1 
519 46 411 180 44 32 -1 -1 -1 -1 
519 47 476 180 33 34 -1 -1 -1 -1 
520 46 411 180 44 32 -1 -1 -1 -1 
520 47 476 180 33 34 -1 -1 -1 -1 
521 46 419 179 36 29 -1 -1 -1 -1 
521 47 480 180 31 29 -1 -1 -1 -1 
522 46 426 177 29 29 -1 -1 -1 -1 
522 47 482 177 32 30 -1 -1 -1 -1 
523 46 426 177 29 29 -1 -1 -1 -1 
523 47 482 177 32 30 -1 -1 -1 -1 
524 46 429 175 34 28 -1 -1 -1 -1 
524 47 487 175 29 28 -1 -1 -1 -1 
525 46 434 174 35 26 -1 -1 -1 -1 
525 47 491 172 27 27 -1 -1 -1 -1 
526 46 439 172 29 25 -1 -1 -1 -1 
526 47 493 171 27 27 -1 -1 -1 -1 
526 49 582 167 16 18 -1 -1 -1 -1 
527 46 442 171 33 25 -1 -1 -1 -1 
527 47 494 169 27 26 -1 -1 -1 -1 
527 49 582 168 17 19 -1 -1 -1 -1 
528 46 442 171 33 25 -1 -1 -1 -1 
528 47 494 169 27 26 -1 -1 -1 -1 
528 49 582 168 17 19 -1 -1 -1 -1 
529 46 445 169 31 25 -1 -1 -1 -1 
529 47 496 168 26 26 -1 -1 -1 -1 
529 49 583 172 17 17 -1 -1 -1 -1 
530 46 451 167 26 24 -1 -1 -1 -1 
530 47 498 167 24 25 -1 -1 -1 -1 
530 49 583 174 17 17 -1 -1 -1 -1 
531 46 453 167 29 23 -1 -1 -1 -1 
531 47 498 165 25 25 -1 -1 -1 -1 
531 49 584 176 17 16 -1 -1 -1 -1 
532 46 455 166 30 22 -1 -1 -1 -1 
532 47 502 164 23 22 -1 -1 -1 -1 
532 49 585 176 18 19 -1 -1 -1 -1 
533 46 455 166 30 22 -1 -1 -1 -1 
533 47 502 164 23 22 -1 -1 -1 -1 
533 49 585 176 18 19 -1 -1 -1 -1 
534 46 460 165 26 21 -1 -1 -1 -1 
534 47 503 163 23 23 -1 -1 -1 -1 
534 49 586 179 19 18 -1 -1 -1 -1 
535 46 463 164 26 20 -1 -1 -1 -1 
535 47 504 162 24 23 -1 -1 -1 -1 
535 49 586 180 20 20 -1 -1 -1 -1 
536 46 465 163 25 19 -1 -1 -1 -1 
536 47 507 161 21 20 -1 -1 -1 -1 
536 49 586 181 21 22 -1 -1 -1 -1 
537 46 465 163 25 19 -1 -1 -1 -1 
537 47 507 161 21 20 -1 -1 -1 -1 
537 49 586 181 21 22 -1 -1 -1 -1 
538 46 467 161 25 21 -1 -1 -1 -1 
538 47 509 160 21 19 -1 -1 -1 -1 
538 49 587 182 21 24 -1 -1 -1 -1 
539 46 472 160 21 18 -1 -1 -1 -1 
539 47 510 159 20 19 -1 -1 -1 -1 
539 49 589 183 20 25 -1 -1 -1 -1 
540 46 473 159 23 19 -1 -1 -1 -1 
540 47 512 158 19 19 -1 -1 -1 -1 
540 49 589 188 22 23 -1 -1 -1 -1 
541 46 473 159 23 19 -1 -1 -1 -1 
541 47 512 158 19 19 -1 -1 -1 -1 
541 49 589 188 22 23 -1 -1 -1 -1 
542 46 474 159 24 18 -1 -1 -1 -1 
542 47 512 157 20 19 -1 -1 -1 -1 
542 49 590 187 23 28 -1 -1 -1 -1 
543 46 476 158 23 18 -1 -1 -1 -1 
543 47 514 156 19 17 -1 -1 -1 -1 
543 49 591 191 24 28 -1 -1 -1 -1 
544 46 476 158 23 18 -1 -1 -1 -1 
544 47 514 156 19 17 -1 -1 -1 -1 
544 49 591 191 24 28 -1 -1 -1 -1 
545 46 478 158 21 16 -1 -1 -1 -1 
545 47 515 156 19 17 -1 -1 -1 -1 
545 49 590 192 28 32 -1 -1 -1 -1 
546 46 482 156 21 17 -1 -1 -1 -1 
546 47 517 154 17 17 -1 -1 -1 -1 
547 46 484 155 20 17 -1 -1 -1 -1 
547 47 518 154 17 15 -1 -1 -1 -1 
547 49 594 200 30 34 -1 -1 -1 -1 
548 46 485 155 20 15 -1 -1 -1 -1 
548 47 520 153 16 16 -1 -1 -1 -1 
548 49 595 204 31 37 -1 -1 -1 -1 
549 46 485 155 20 15 -1 -1 -1 -1 
549 47 520 153 16 16 -1 -1 -1 -1 
549 49 595 204 31 37 -1 -1 -1 -1 
550 46 487 153 19 17 -1 -1 -1 -1 
550 47 520 153 16 16 -1 -1 -1 -1 
551 46 488 153 20 17 -1 -1 -1 -1 
551 47 521 151 16 16 -1 -1 -1 -1 
552 46 488 153 20 17 -1 -1 -1 -1 
552 47 521 151 16 16 -1 -1 -1 -1 
553 46 491 153 18 16 -1 -1 -1 -1 
553 47 521 150 16 17 -1 -1 -1 -1 
554 46 493 153 17 15 -1 -1 -1 -1 
554 47 522 150 17 16 -1 -1 -1 -1 
555 46 493 153 17 15 -1 -1 -1 -1 
555 47 522 150 17 16 -1 -1 -1 -1 
556 46 494 152 17 15 -1 -1 -1 -1 
556 47 522 150 17 16 -1 -1 -1 -1 
557 46 495 152 17 14 -1 -1 -1 -1 
558 46 496 152 18 14 -1 -1 -1 -1 
558 51 607 234 32 76 -1 -1 -1 -1 
559 46 496 152 18 14 -1 -1 -1 -1 
559 51 607 234 32 76 -1 -1 -1 -1 
560 46 496 151 18 13 -1 -1 -1 -1 
560 51 607 234 32 76 -1 -1 -1 -1 
561 46 497 151 17 13 -1 -1 -1 -1 
562 46 499 151 16 12 -1 -1 -1 -1 
562 47 578 161 15 15 -1 -1 -1 -1 
563 46 501 151 16 11 -1 -1 -1 -1 
564 46 501 151 16 11 -1 -1 -1 -1 
565 46 503 150 15 11 -1 -1 -1 -1 
566 46 503 150 15 11 -1 -1 -1 -1 
567 46 503 149 15 12 -1 -1 -1 -1 
568 46 505 148 15 12 -1 -1 -1 -1 
569 46 506 148 15 12 -1 -1 -1 -1 
570 46 506 148 15 12 -1 -1 -1 -1 
571 46 507 147 14 12 -1 -1 -1 -1 
572 46 508 147 14 11 -1 -1 -1 -1 
573 46 508 147 14 11 -1 -1 -1 -1 
574 46 509 146 13 11 -1 -1 -1 -1 
574 47 580 173 18 15 -1 -1 -1 -1 
575 46 510 146 14 11 -1 -1 -1 -1 
575 47 581 172 18 18 -1 -1 -1 -1 
576 46 510 146 14 11 -1 -1 -1 -1 
576 47 581 172 18 18 -1 -1 -1 -1 
577 46 510 146 14 11 -1 -1 -1 -1 
577 47 581 172 19 20 -1 -1 -1 -1 
578 47 581 173 19 20 -1 -1 -1 -1 
578 53 5 357 215 121 -1 -1 -1 -1 
579 47 581 173 19 20 -1 -1 -1 -1 
579 53 5 357 215 121 -1 -1 -1 -1 
580 47 581 173 21 23 -1 -1 -1 -1 
580 53 58 332 200 140 -1 -1 -1 -1 
581 47 583 175 21 23 -1 -1 -1 -1 
581 53 112 312 174 122 -1 -1 -1 -1 
582 47 583 175 21 23 -1 -1 -1 -1 
582 53 112 312 174 122 -1 -1 -1 -1 
583 46 515 144 11 8 -1 -1 -1 -1 
583 47 583 175 21 23 -1 -1 -1 -1 
584 46 515 144 11 8 -1 -1 -1 -1 
584 53 198 279 136 94 -1 -1 -1 -1 
585 53 198 279 136 94 -1 -1 -1 -1 
586 47 583 180 25 26 -1 -1 -1 -1 
586 53 231 267 122 83 -1 -1 -1 -1 
587 47 584 182 25 27 -1 -1 -1 -1 
587 53 259 255 111 75 -1 -1 -1 -1 
588 47 584 182 25 27 -1 -1 -1 -1 
589 53 283 246 100 68 -1 -1 -1 -1 
590 47 586 187 24 29 -1 -1 -1 -1 
590 53 305 237 89 61 -1 -1 -1 -1 
591 47 588 190 24 29 -1 -1 -1 -1 
591 53 324 231 80 56 -1 -1 -1 -1 
592 47 589 193 27 31 -1 -1 -1 -1 
592 53 341 223 74 52 -1 -1 -1 -1 
593 47 589 193 27 31 -1 -1 -1 -1 
593 53 341 223 74 52 -1 -1 -1 -1 
594 47 588 195 29 33 -1 -1 -1 -1 
594 53 354 218 67 49 -1 -1 -1 -1 
595 47 590 199 30 33 -1 -1 -1 -1 
595 53 365 211 66 46 -1 -1 -1 -1 
596 47 590 199 30 33 -1 -1 -1 -1 
597 53 386 205 58 37 -1 -1 -1 -1 
598 53 386 205 58 37 -1 -1 -1 -1 
599 53 395 201 53 36 -1 -1 -1 -1 
599 55 0 206 51 64 -1 -1 -1 -1 
600 53 401 196 53 37 -1 -1 -1 -1 
600 55 0 206 51 64 -1 -1 -1 -1 
601 53 412 193 46 34 -1 -1 -1 -1 
601 56 0 193 81 81 -1 -1 -1 -1 
602 53 418 191 44 32 -1 -1 -1 -1 
602 56 0 189 92 78 -1 -1 -1 -1 
603 53 418 191 44 32 -1 -1 -1 -1 
603 56 0 189 92 78 -1 -1 -1 -1 
604 53 424 188 41 31 -1 -1 -1 -1 
604 56 0 185 110 80 -1 -1 -1 -1 
605 53 430 186 37 29 -1 -1 -1 -1 
605 56 16 183 105 75 -1 -1 -1 -1 
606 53 430 186 37 29 -1 -1 -1 -1 
606 56 16 183 105 75 -1 -1 -1 -1 
607 47 472 166 24 19 -1 -1 -1 -1 
607 53 430 186 37 29 -1 -1 -1 -1 
608 47 473 165 26 19 -1 -1 -1 -1 
609 47 473 165 26 19 -1 -1 -1 -1 
610 47 476 163 23 18 -1 -1 -1 -1 
611 47 478 163 23 18 -1 -1 -1 -1 
612 47 478 163 23 18 -1 -1 -1 -1 
613 47 481 162 21 16 -1 -1 -1 -1 
614 47 483 160 20 17 -1 -1 -1 -1 
615 47 483 160 20 17 -1 -1 -1 -1 
615 59 202 151 69 51 -1 -1 -1 -1 
616 47 485 160 20 16 -1 -1 -1 -1 
617 47 486 157 20 17 -1 -1 -1 -1 
618 47 486 157 20 17 -1 -1 -1 -1 
619 47 488 156 20 18 -1 -1 -1 -1 
620 47 489 157 20 16 -1 -1 -1 -1 
621 47 489 157 20 16 -1 -1 -1 -1 
622 47 490 156 20 16 -1 -1 -1 -1 
622 60 227 147 63 47 -1 -1 -1 -1 
623 47 491 155 21 16 -1 -1 -1 -1 
623 60 229 146 64 46 -1 -1 -1 -1 
624 47 491 155 21 16 -1 -1 -1 -1 
624 60 229 146 64 46 -1 -1 -1 -1 
625 47 494 155 19 15 -1 -1 -1 -1 
626 47 496 155 17 13 -1 -1 -1 -1 
627 47 497 154 17 13 -1 -1 -1 -1 
628 47 497 154 17 13 -1 -1 -1 -1 
629 47 498 153 17 13 -1 -1 -1 -1 
630 47 499 153 18 12 -1 -1 -1 -1 
631 47 499 153 18 12 -1 -1 -1 -1 
632 47 501 153 16 11 -1 -1 -1 -1 
633 47 503 153 14 10 -1 -1 -1 -1 
634 47 503 153 14 10 -1 -1 -1 -1 
635 47 503 153 15 9 -1 -1 -1 -1 
636 47 504 152 14 9 -1 -1 -1 -1 
640 47 507 149 15 12 -1 -1 -1 -1 
641 47 507 149 15 12 -1 -1 -1 -1 
642 47 508 148 15 11 -1 -1 -1 -1 
643 47 508 148 15 10 -1 -1 -1 -1 
644 47 510 147 14 10 -1 -1 -1 -1 
645 47 510 147 14 10 -1 -1 -1 -1 
646 62 0 333 167 136 -1 -1 -1 -1 
647 62 13 311 190 127 -1 -1 -1 -1 
648 62 61 294 174 117 -1 -1 -1 -1 
649 62 96 284 167 102 -1 -1 -1 -1 
650 62 141 273 145 91 -1 -1 -1 -1 
651 62 141 273 145 91 -1 -1 -1 -1 
652 62 177 260 129 83 -1 -1 -1 -1 
653 62 204 250 122 76 -1 -1 -1 -1 
654 62 232 241 109 70 -1 -1 -1 -1 
655 62 258 229 99 68 -1 -1 -1 -1 
656 62 258 229 99 68 -1 -1 -1 -1 
657 62 278 222 89 62 -1 -1 -1 -1 
658 62 295 215 84 58 -1 -1 -1 -1 
659 62 315 208 75 58 -1 -1 -1 -1 
660 62 315 208 75 58 -1 -1 -1 -1 
661 62 327 205 71 52 -1 -1 -1 -1 
662 62 341 200 64 48 -1 -1 -1 -1 
663 62 354 198 59 46 -1 -1 -1 -1 
664 62 363 194 56 44 -1 -1 -1 -1 
665 62 363 194 56 44 -1 -1 -1 -1 
666 62 373 192 52 39 -1 -1 -1 -1 
667 62 382 189 49 38 -1 -1 -1 -1 
668 62 382 189 49 38 -1 -1 -1 -1 
669 62 389 186 47 37 -1 -1 -1 -1 
670 62 397 184 46 35 -1 -1 -1 -1 
671 62 397 184 46 35 -1 -1 -1 -1 
672 62 403 182 42 32 -1 -1 -1 -1 
673 62 407 181 41 30 -1 -1 -1 -1 
674 62 407 181 41 30 -1 -1 -1 -1 
675 62 416 180 34 28 -1 -1 -1 -1 
676 62 421 176 34 28 -1 -1 -1 -1 
677 62 421 176 34 28 -1 -1 -1 -1 
678 62 426 174 34 28 -1 -1 -1 -1 
679 62 429 173 35 27 -1 -1 -1 -1 
680 62 429 173 35 27 -1 -1 -1 -1 
681 62 434 173 31 24 -1 -1 -1 -1 
682 62 438 171 31 24 -1 -1 -1 -1 
683 62 438 171 31 24 -1 -1 -1 -1 
684 62 442 169 28 23 -1 -1 -1 -1 
685 62 445 168 30 23 -1 -1 -1 -1 
686 62 445 168 30 23 -1 -1 -1 -1 
687 62 450 166 26 23 -1 -1 -1 -1 
688 62 452 165 28 22 -1 -1 -1 -1 
689 62 452 165 28 22 -1 -1 -1 -1 
690 62 455 165 25 20 -1 -1 -1 -1 
691 62 459 164 25 20 -1 -1 -1 -1 
692 62 459 164 25 20 -1 -1 -1 -1 
693 62 461 162 24 19 -1 -1 -1 -1 
694 62 464 160 23 21 -1 -1 -1 -1 
695 62 466 160 22 19 -1 -1 -1 -1 
696 62 466 160 22 19 -1 -1 -1 -1 
697 62 469 159 22 18 -1 -1 -1 -1 
698 62 473 158 19 18 -1 -1 -1 -1 
699 62 474 157 20 18 -1 -1 -1 -1 
700 62 474 157 20 18 -1 -1 -1 -1 
701 62 475 156 21 18 -1 -1 -1 -1 
702 62 478 155 20 18 -1 -1 -1 -1 
703 62 479 156 20 16 -1 -1 -1 -1 
704 62 479 156 20 16 -1 -1 -1 -1 
705 62 482 154 19 17 -1 -1 -1 -1 
706 62 484 153 19 17 -1 -1 -1 -1 
707 62 486 152 18 17 -1 -1 -1 -1 
708 62 486 152 18 17 -1 -1 -1 -1 
709 62 487 152 17 16 -1 -1 -1 -1 
710 62 489 151 17 16 -1 -1 -1 -1 
711 62 491 151 16 15 -1 -1 -1 -1 
711 64 257 318 150 118 -1 -1 -1 -1 
712 62 491 151 16 15 -1 -1 -1 -1 
712 64 257 318 150 118 -1 -1 -1 -1 
713 62 492 151 16 15 -1 -1 -1 -1 
713 64 303 294 124 102 -1 -1 -1 -1 
714 62 494 151 15 14 -1 -1 -1 -1 
714 64 336 274 107 88 -1 -1 -1 -1 
715 62 495 151 15 13 -1 -1 -1 -1 
715 64 363 258 93 79 -1 -1 -1 -1 
715 65 590 161 14 12 -1 -1 -1 -1 
716 62 495 150 16 14 -1 -1 -1 -1 
716 64 385 247 81 68 -1 -1 -1 -1 
717 62 495 150 16 14 -1 -1 -1 -1 
717 64 385 247 81 68 -1 -1 -1 -1 
718 62 495 150 17 13 -1 -1 -1 -1 
718 64 398 236 78 61 -1 -1 -1 -1 
718 65 591 160 15 15 -1 -1 -1 -1 
719 62 496 149 17 14 -1 -1 -1 -1 
719 64 420 219 62 61 -1 -1 -1 -1 
719 65 591 161 16 16 -1 -1 -1 -1 
720 62 498 149 16 12 -1 -1 -1 -1 
720 64 428 217 60 51 -1 -1 -1 -1 
720 65 592 161 16 18 -1 -1 -1 -1 
721 62 498 149 16 12 -1 -1 -1 -1 
721 64 428 217 60 51 -1 -1 -1 -1 
721 65 592 161 16 18 -1 -1 -1 -1 
722 62 499 148 16 13 -1 -1 -1 -1 
722 64 436 211 58 48 -1 -1 -1 -1 
722 65 592 161 17 19 -1 -1 -1 -1 
723 62 501 148 15 12 -1 -1 -1 -1 
723 64 448 207 48 42 -1 -1 -1 -1 
723 65 592 162 17 18 -1 -1 -1 -1 
724 62 501 148 15 12 -1 -1 -1 -1 
724 64 448 207 48 42 -1 -1 -1 -1 
724 65 592 162 17 18 -1 -1 -1 -1 
725 62 503 148 14 12 -1 -1 -1 -1 
725 64 448 207 48 42 -1 -1 -1 -1 
726 62 504 147 13 12 -1 -1 -1 -1 
726 65 594 164 16 17 -1 -1 -1 -1 
727 62 504 147 13 12 -1 -1 -1 -1 
727 65 594 164 16 17 -1 -1 -1 -1 
728 65 590 153 19 19 -1 -1 -1 -1 
729 65 591 154 18 19 -1 -1 -1 -1 
729 67 67 222 177 138 -1 -1 -1 -1 
729 68 432 203 57 49 -1 -1 -1 -1 
730 65 591 154 18 19 -1 -1 -1 -1 
730 67 67 222 177 138 -1 -1 -1 -1 
730 68 432 203 57 49 -1 -1 -1 -1 
731 65 594 154 16 19 -1 -1 -1 -1 
731 67 105 213 164 132 -1 -1 -1 -1 
731 68 438 197 54 49 -1 -1 -1 -1 
732 65 593 153 16 21 -1 -1 -1 -1 
732 67 140 207 149 121 -1 -1 -1 -1 
732 68 448 195 48 43 -1 -1 -1 -1 
733 65 593 153 16 21 -1 -1 -1 -1 
733 67 140 207 149 121 -1 -1 -1 -1 
733 68 448 195 48 43 -1 -1 -1 -1 
734 65 591 153 19 22 -1 -1 -1 -1 
734 67 170 200 135 113 -1 -1 -1 -1 
734 68 455 191 44 42 -1 -1 -1 -1 
735 65 593 154 18 21 -1 -1 -1 -1 
735 67 197 195 122 103 -1 -1 -1 -1 
736 65 593 154 18 21 -1 -1 -1 -1 
736 67 222 190 114 97 -1 -1 -1 -1 
737 67 222 190 114 97 -1 -1 -1 -1 
738 67 243 187 103 90 -1 -1 -1 -1 
738 69 471 182 35 35 -1 -1 -1 -1 
739 67 262 184 96 85 -1 -1 -1 -1 
739 69 473 179 35 32 -1 -1 -1 -1 
740 67 279 181 89 82 -1 -1 -1 -1 
740 69 479 177 32 30 -1 -1 -1 -1 
741 67 279 181 89 82 -1 -1 -1 -1 
741 69 479 177 32 30 -1 -1 -1 -1 
742 67 294 177 83 76 -1 -1 -1 -1 
742 69 482 174 32 30 -1 -1 -1 -1 
743 65 579 170 17 16 -1 -1 -1 -1 
743 67 310 174 72 71 -1 -1 -1 -1 
743 69 483 172 33 27 -1 -1 -1 -1 
744 62 580 171 18 16 -1 -1 -1 -1 
744 65 579 170 17 16 -1 -1 -1 -1 
745 62 580 171 18 16 -1 -1 -1 -1 
746 67 333 171 69 64 -1 -1 -1 -1 
747 62 580 171 20 20 -1 -1 -1 -1 
747 67 344 169 64 59 -1 -1 -1 -1 
748 62 581 174 19 17 -1 -1 -1 -1 
748 67 354 167 62 58 -1 -1 -1 -1 
748 69 496 165 25 27 -1 -1 -1 -1 
749 62 582 174 19 18 -1 -1 -1 -1 
749 67 362 165 60 57 -1 -1 -1 -1 
749 69 497 164 26 25 -1 -1 -1 -1 
750 62 582 174 19 18 -1 -1 -1 -1 
750 67 362 165 60 57 -1 -1 -1 -1 
750 69 497 164 26 25 -1 -1 -1 -1 
751 62 583 176 19 19 -1 -1 -1 -1 
751 67 371 160 58 58 -1 -1 -1 -1 
751 69 499 162 23 24 -1 -1 -1 -1 
752 62 583 178 20 20 -1 -1 -1 -1 
752 67 379 163 52 51 -1 -1 -1 -1 
752 69 501 162 22 20 -1 -1 -1 -1 
753 62 583 181 21 19 -1 -1 -1 -1 
753 67 386 160 50 51 -1 -1 -1 -1 
753 69 504 160 20 19 -1 -1 -1 -1 
754 62 583 181 22 21 -1 -1 -1 -1 
754 67 392 159 47 48 -1 -1 -1 -1 
754 69 507 159 18 19 -1 -1 -1 -1 
755 62 584 182 22 23 -1 -1 -1 -1 
755 67 400 155 47 49 -1 -1 -1 -1 
755 69 508 158 18 18 -1 -1 -1 -1 
756 62 584 182 22 23 -1 -1 -1 -1 
756 67 400 155 47 49 -1 -1 -1 -1 
756 69 508 158 18 18 -1 -1 -1 -1 
757 62 584 185 23 22 -1 -1 -1 -1 
757 67 405 157 43 46 -1 -1 -1 -1 
757 69 510 156 19 18 -1 -1 -1 -1 
758 62 584 187 24 22 -1 -1 -1 -1 
758 67 410 155 41 44 -1 -1 -1 -1 
758 69 511 155 19 19 -1 -1 -1 -1 
759 62 585 187 24 26 -1 -1 -1 -1 
759 67 416 154 39 43 -1 -1 -1 -1 
759 69 512 155 18 18 -1 -1 -1 -1 
760 62 585 187 24 26 -1 -1 -1 -1 
760 67 416 154 39 43 -1 -1 -1 -1 
760 69 512 155 18 18 -1 -1 -1 -1 
761 62 587 189 25 28 -1 -1 -1 -1 
761 67 420 152 41 44 -1 -1 -1 -1 
761 69 513 154 18 17 -1 -1 -1 -1 
762 62 589 192 25 27 -1 -1 -1 -1 
762 67 424 150 40 43 -1 -1 -1 -1 
762 69 514 152 18 19 -1 -1 -1 -1 
763 62 589 192 25 27 -1 -1 -1 -1 
763 67 424 150 40 43 -1 -1 -1 -1 
763 69 514 152 18 19 -1 -1 -1 -1 
764 62 588 193 27 30 -1 -1 -1 -1 
764 67 428 152 36 39 -1 -1 -1 -1 
764 69 516 151 17 18 -1 -1 -1 -1 
765 62 589 197 29 30 -1 -1 -1 -1 
765 67 433 151 33 38 -1 -1 -1 -1 
765 69 517 151 17 16 -1 -1 -1 -1 
766 62 589 197 29 30 -1 -1 -1 -1 
766 67 433 151 33 38 -1 -1 -1 -1 
766 69 517 151 17 16 -1 -1 -1 -1 
767 62 589 200 31 31 -1 -1 -1 -1 
767 67 437 151 32 36 -1 -1 -1 -1 
767 69 517 150 17 16 -1 -1 -1 -1 
768 62 591 201 32 34 -1 -1 -1 -1 
768 65 576 158 15 14 -1 -1 -1 -1 
768 67 440 151 31 35 -1 -1 -1 -1 
768 69 518 150 17 16 -1 -1 -1 -1 
769 62 591 201 32 34 -1 -1 -1 -1 
769 65 576 158 15 14 -1 -1 -1 -1 
769 67 440 151 31 35 -1 -1 -1 -1 
769 69 518 150 17 16 -1 -1 -1 -1 
770 62 594 206 31 36 -1 -1 -1 -1 
770 65 576 158 15 15 -1 -1 -1 -1 
770 67 444 148 31 37 -1 -1 -1 -1 
770 69 519 150 17 15 -1 -1 -1 -1 
771 62 595 208 31 37 -1 -1 -1 -1 
771 65 576 157 15 17 -1 -1 -1 -1 
771 67 448 147 29 36 -1 -1 -1 -1 
771 69 519 149 17 15 -1 -1 -1 -1 
772 62 595 208 31 37 -1 -1 -1 -1 
772 65 576 157 15 17 -1 -1 -1 -1 
772 67 448 147 29 36 -1 -1 -1 -1 
772 69 519 149 17 15 -1 -1 -1 -1 
773 62 596 212 35 39 -1 -1 -1 -1 
773 65 576 157 16 19 -1 -1 -1 -1 
773 67 449 147 30 34 -1 -1 -1 -1 
773 69 520 148 17 15 -1 -1 -1 -1 
774 62 596 212 35 39 -1 -1 -1 -1 
774 65 577 159 15 18 -1 -1 -1 -1 
774 67 451 146 30 33 -1 -1 -1 -1 
774 69 522 147 15 15 -1 -1 -1 -1 
775 65 577 162 16 16 -1 -1 -1 -1 
775 67 454 146 29 32 -1 -1 -1 -1 
775 69 523 147 15 13 -1 -1 -1 -1 
776 65 577 162 16 16 -1 -1 -1 -1 
776 67 454 146 29 32 -1 -1 -1 -1 
776 69 523 147 15 13 -1 -1 -1 -1 
776 71 613 175 26 36 -1 -1 -1 -1 
777 65 576 164 17 15 -1 -1 -1 -1 
777 67 458 146 26 30 -1 -1 -1 -1 
777 69 523 147 15 13 -1 -1 -1 -1 
777 71 614 175 25 37 -1 -1 -1 -1 
778 65 576 164 18 16 -1 -1 -1 -1 
779 65 577 166 18 16 -1 -1 -1 -1 
780 65 577 166 18 16 -1 -1 -1 -1 
781 65 577 166 18 17 -1 -1 -1 -1 
782 65 577 166 18 19 -1 -1 -1 -1 
783 65 576 167 20 19 -1 -1 -1 -1 
784 65 576 167 20 19 -1 -1 -1 -1 
785 65 577 168 20 19 -1 -1 -1 -1 
786 65 577 168 20 19 -1 -1 -1 -1 
787 65 577 170 20 18 -1 -1 -1 -1 
788 65 577 170 21 20 -1 -1 -1 -1 
789 65 577 170 21 22 -1 -1 -1 -1 
790 65 577 170 21 22 -1 -1 -1 -1 
791 65 578 173 20 20 -1 -1 -1 -1 
792 65 578 174 21 21 -1 -1 -1 -1 
793 65 578 174 21 21 -1 -1 -1 -1 
794 65 580 174 20 22 -1 -1 -1 -1 
795 65 580 174 20 24 -1 -1 -1 -1 
796 65 580 174 20 24 -1 -1 -1 -1 
797 65 580 175 22 25 -1 -1 -1 -1 
798 65 580 177 22 26 -1 -1 -1 -1 
799 65 580 179 24 26 -1 -1 -1 -1 
800 65 580 179 24 26 -1 -1 -1 -1 
801 65 580 179 24 26 -1 -1 -1 -1 
802 69 581 181 26 29 -1 -1 -1 -1 
803 69 581 181 26 29 -1 -1 -1 -1 
804 69 581 184 27 28 -1 -1 -1 -1 
805 69 580 185 28 31 -1 -1 -1 -1 
806 69 580 185 28 31 -1 -1 -1 -1 
807 65 591 156 15 14 -1 -1 -1 -1 
807 69 581 187 28 33 -1 -1 -1 -1 
808 65 494 142 18 16 -1 -1 -1 -1 
808 69 582 189 28 33 -1 -1 -1 -1 
809 65 494 142 18 16 -1 -1 -1 -1 
809 69 582 189 28 33 -1 -1 -1 -1 
810 65 495 141 17 16 -1 -1 -1 -1 
813 65 591 157 16 16 -1 -1 -1 -1 
814 65 591 157 16 16 -1 -1 -1 -1 
819 73 589 208 36 47 -1 -1 -1 -1 
820 73 589 208 36 47 -1 -1 -1 -1 
821 73 589 208 36 47 -1 -1 -1 -1 
822 74 200 327 163 129 -1 -1 -1 -1 
823 65 594 164 16 15 -1 -1 -1 -1 
823 74 249 303 140 108 -1 -1 -1 -1 
824 65 594 164 16 15 -1 -1 -1 -1 
824 74 249 303 140 108 -1 -1 -1 -1 
825 65 594 165 16 15 -1 -1 -1 -1 
825 74 288 280 121 96 -1 -1 -1 -1 
826 65 596 165 15 15 -1 -1 -1 -1 
826 74 321 263 103 86 -1 -1 -1 -1 
827 65 596 165 15 15 -1 -1 -1 -1 
827 74 321 263 103 86 -1 -1 -1 -1 
828 65 595 165 16 16 -1 -1 -1 -1 
828 74 349 253 91 74 -1 -1 -1 -1 
829 65 595 164 16 18 -1 -1 -1 -1 
829 74 371 242 79 66 -1 -1 -1 -1 
830 65 595 164 16 18 -1 -1 -1 -1 
830 74 371 242 79 66 -1 -1 -1 -1 
830 76 595 233 44 88 -1 -1 -1 -1 
831 65 596 165 16 17 -1 -1 -1 -1 
831 74 388 232 72 61 -1 -1 -1 -1 
831 76 595 235 44 106 -1 -1 -1 -1 
832 65 596 166 16 18 -1 -1 -1 -1 
832 69 510 138 12 11 -1 -1 -1 -1 
832 74 402 224 66 52 -1 -1 -1 -1 
832 76 597 262 42 91 -1 -1 -1 -1 
833 65 596 166 16 18 -1 -1 -1 -1 
833 69 510 138 12 11 -1 -1 -1 -1 
833 74 402 224 66 52 -1 -1 -1 -1 
833 76 597 262 42 91 -1 -1 -1 -1 
834 65 598 168 16 17 -1 -1 -1 -1 
834 69 510 138 12 11 -1 -1 -1 -1 
835 65 598 168 16 17 -1 -1 -1 -1 
836 74 426 210 55 46 -1 -1 -1 -1 
837 65 598 171 17 15 -1 -1 -1 -1 
837 74 435 206 50 42 -1 -1 -1 -1 
838 65 598 171 17 15 -1 -1 -1 -1 
839 74 443 201 44 41 -1 -1 -1 -1 
840 74 448 198 45 37 -1 -1 -1 -1 
841 74 456 195 40 34 -1 -1 -1 -1 
842 74 456 195 40 34 -1 -1 -1 -1 
843 65 600 174 19 17 -1 -1 -1 -1 
843 74 461 191 39 33 -1 -1 -1 -1 
844 65 602 175 18 17 -1 -1 -1 -1 
844 74 469 187 32 33 -1 -1 -1 -1 
845 65 602 175 18 17 -1 -1 -1 -1 
845 74 469 187 32 33 -1 -1 -1 -1 
846 65 602 175 19 18 -1 -1 -1 -1 
846 74 473 184 32 30 -1 -1 -1 -1 
847 65 602 176 19 19 -1 -1 -1 -1 
847 74 476 182 31 27 -1 -1 -1 -1 
848 65 602 176 19 19 -1 -1 -1 -1 
848 74 476 182 31 27 -1 -1 -1 -1 
849 65 603 177 18 19 -1 -1 -1 -1 
849 74 480 179 29 27 -1 -1 -1 -1 
850 65 604 177 18 20 -1 -1 -1 -1 
850 74 482 177 28 27 -1 -1 -1 -1 
851 65 604 177 18 20 -1 -1 -1 -1 
851 74 482 177 28 27 -1 -1 -1 -1 
852 65 605 177 18 21 -1 -1 -1 -1 
852 74 485 175 28 24 -1 -1 -1 -1 
853 65 606 180 19 21 -1 -1 -1 -1 
853 74 491 173 24 24 -1 -1 -1 -1 
854 65 606 180 19 21 -1 -1 -1 -1 
854 74 491 173 24 24 -1 -1 -1 -1 
855 65 606 183 20 19 -1 -1 -1 -1 
855 74 492 171 24 22 -1 -1 -1 -1 
856 65 607 183 20 20 -1 -1 -1 -1 
856 74 494 169 24 23 -1 -1 -1 -1 
857 65 607 186 22 18 -1 -1 -1 -1 
857 74 497 168 23 22 -1 -1 -1 -1 
858 65 607 186 22 18 -1 -1 -1 -1 
858 74 497 168 23 22 -1 -1 -1 -1 
859 65 607 185 27 21 -1 -1 -1 -1 
859 74 498 167 23 21 -1 -1 -1 -1 
860 65 607 185 27 21 -1 -1 -1 -1 
861 74 501 164 22 18 -1 -1 -1 -1 
862 74 501 164 22 18 -1 -1 -1 -1 
863 74 504 162 20 18 -1 -1 -1 -1 
864 74 506 161 19 17 -1 -1 -1 -1 
865 74 506 161 19 17 -1 -1 -1 -1 
866 74 509 160 18 17 -1 -1 -1 -1 
867 74 510 158 18 17 -1 -1 -1 -1 
868 74 510 158 18 17 -1 -1 -1 -1 
869 74 511 157 19 17 -1 -1 -1 -1 
870 74 512 157 19 16 -1 -1 -1 -1 
871 74 512 156 20 15 -1 -1 -1 -1 
872 74 512 156 20 15 -1 -1 -1 -1 
873 74 514 155 19 16 -1 -1 -1 -1 
874 74 517 153 16 17 -1 -1 -1 -1 
875 74 517 153 16 17 -1 -1 -1 -1 
876 74 518 151 16 17 -1 -1 -1 -1 
877 74 519 151 15 16 -1 -1 -1 -1 
878 74 519 151 15 16 -1 -1 -1 -1 
879 74 520 151 15 15 -1 -1 -1 -1 
884 74 522 149 15 14 -1 -1 -1 -1 
885 74 523 148 15 14 -1 -1 -1 -1 
886 74 523 148 15 14 -1 -1 -1 -1 
1056 65 585 180 21 17 -1 -1 -1 -1 
1057 65 585 180 21 17 -1 -1 -1 -1 
1058 65 586 181 21 19 -1 -1 -1 -1 
1059 65 586 183 21 20 -1 -1 -1 -1 
1060 65 589 185 19 20 -1 -1 -1 -1 
1061 65 589 185 19 20 -1 -1 -1 -1 
1062 65 590 188 20 22 -1 -1 -1 -1 
1063 65 590 187 22 26 -1 -1 -1 -1 
1064 65 591 190 23 27 -1 -1 -1 -1 
1065 65 591 190 23 27 -1 -1 -1 -1 
1066 65 591 193 26 27 -1 -1 -1 -1 
1067 65 592 194 27 30 -1 -1 -1 -1 
1068 65 593 198 29 31 -1 -1 -1 -1 
1069 65 593 198 29 31 -1 -1 -1 -1 
1070 65 595 201 29 33 -1 -1 -1 -1 
1073 65 598 210 31 34 -1 -1 -1 -1 
1076 65 601 214 37 48 -1 -1 -1 -1 
1077 65 601 221 38 49 -1 -1 -1 -1 
1078 65 601 221 38 49 -1 -1 -1 -1 
1079 65 602 228 37 52 -1 -1 -1 -1 
1080 65 606 232 33 59 -1 -1 -1 -1 
1081 65 606 232 33 59 -1 -1 -1 -1 
1083 65 611 250 28 67 -1 -1 -1 -1 
1091 65 611 250 28 67 -1 -1 -1 -1 
1093 78 602 174 20 22 -1 -1 -1 -1 
1094 78 603 174 20 23 -1 -1 -1 -1 
1095 78 603 174 20 23 -1 -1 -1 -1 
1096 78 604 175 20 23 -1 -1 -1 -1 
1097 78 605 175 21 24 -1 -1 -1 -1 
1109 78 605 175 21 24 -1 -1 -1 -1 
1113 80 0 322 170 140 -1 -1 -1 -1 
1114 80 0 322 170 140 -1 -1 -1 -1 
1115 80 13 302 191 125 -1 -1 -1 -1 
1116 80 13 302 191 125 -1 -1 -1 -1 
1117 80 60 287 174 115 -1 -1 -1 -1 
1118 80 103 274 158 103 -1 -1 -1 -1 
