58 7 1449 753 80 60 -1 -1 -1 -1 
59 7 1430 771 75 60 -1 -1 -1 -1 
60 7 1399 788 89 71 -1 -1 -1 -1 
61 7 1352 811 97 85 -1 -1 -1 -1 
61 10 1303 733 57 40 -1 -1 -1 -1 
62 7 1290 832 121 106 -1 -1 -1 -1 
62 10 1287 735 65 49 -1 -1 -1 -1 
63 7 1290 832 121 106 -1 -1 -1 -1 
63 10 1273 736 64 62 -1 -1 -1 -1 
64 7 1177 882 170 142 -1 -1 -1 -1 
64 10 1269 745 67 56 -1 -1 -1 -1 
65 7 1177 882 170 142 -1 -1 -1 -1 
65 10 1261 745 66 58 -1 -1 -1 -1 
66 10 1261 745 66 58 -1 -1 -1 -1 
76 33 1428 780 75 66 -1 -1 -1 -1 
77 33 1414 788 80 78 -1 -1 -1 -1 
78 33 1365 815 101 82 -1 -1 -1 -1 
79 33 1321 833 121 105 -1 -1 -1 -1 
80 33 1321 833 121 105 -1 -1 -1 -1 
104 65 1400 785 79 67 -1 -1 -1 -1 
105 65 1400 785 79 67 -1 -1 -1 -1 
161 79 1725 803 72 65 -1 -1 -1 -1 
162 79 1719 813 78 61 -1 -1 -1 -1 
163 79 1713 812 82 61 -1 -1 -1 -1 
164 79 1716 811 78 67 -1 -1 -1 -1 
165 79 1716 813 77 65 -1 -1 -1 -1 
166 79 1713 818 81 67 -1 -1 -1 -1 
167 79 1709 818 87 75 -1 -1 -1 -1 
168 79 1710 827 84 63 -1 -1 -1 -1 
169 79 1708 830 85 66 -1 -1 -1 -1 
170 79 1708 830 85 66 -1 -1 -1 -1 
171 79 1708 830 85 66 -1 -1 -1 -1 
171 80 242 1064 71 128 -1 -1 -1 -1 
172 79 1708 830 85 66 -1 -1 -1 -1 
172 80 242 1064 71 128 -1 -1 -1 -1 
173 79 1707 831 87 69 -1 -1 -1 -1 
174 79 1706 830 89 73 -1 -1 -1 -1 
175 79 1705 829 89 80 -1 -1 -1 -1 
176 79 1703 840 91 72 -1 -1 -1 -1 
177 79 1704 840 89 80 -1 -1 -1 -1 
178 79 1709 841 84 81 -1 -1 -1 -1 
179 79 1707 844 87 87 -1 -1 -1 -1 
180 79 1705 849 90 86 -1 -1 -1 -1 
181 79 1705 849 92 89 -1 -1 -1 -1 
182 79 1703 857 93 86 -1 -1 -1 -1 
182 81 1342 717 53 47 -1 -1 -1 -1 
183 79 1710 862 87 91 -1 -1 -1 -1 
184 79 1712 870 85 90 -1 -1 -1 -1 
185 79 1710 871 92 92 -1 -1 -1 -1 
186 79 1710 878 90 91 -1 -1 -1 -1 
187 79 1713 878 88 95 -1 -1 -1 -1 
188 79 1711 888 97 96 -1 -1 -1 -1 
189 79 1708 895 103 98 -1 -1 -1 -1 
190 79 1710 897 102 105 -1 -1 -1 -1 
191 79 1713 900 99 108 -1 -1 -1 -1 
192 79 1717 912 98 104 -1 -1 -1 -1 
193 79 1715 918 106 109 -1 -1 -1 -1 
194 79 1715 920 104 118 -1 -1 -1 -1 
195 79 1717 929 112 118 -1 -1 -1 -1 
196 79 1718 937 113 114 -1 -1 -1 -1 
197 79 1712 950 121 118 -1 -1 -1 -1 
198 79 1714 953 121 128 -1 -1 -1 -1 
199 79 1714 956 122 135 -1 -1 -1 -1 
200 79 1710 970 131 133 -1 -1 -1 -1 
201 79 1712 985 132 130 -1 -1 -1 -1 
202 79 1724 991 127 146 -1 -1 -1 -1 
202 85 1357 716 47 41 -1 -1 -1 -1 
203 79 1717 994 135 152 -1 -1 -1 -1 
203 85 1352 715 55 40 -1 -1 -1 -1 
204 79 1724 1003 129 155 -1 -1 -1 -1 
205 79 1714 1029 146 149 -1 -1 -1 -1 
206 79 1724 1036 137 151 -1 -1 -1 -1 
206 85 1326 725 61 43 -1 -1 -1 -1 
207 79 1732 1031 133 169 -1 -1 -1 -1 
207 85 1326 725 61 43 -1 -1 -1 -1 
208 79 1736 1043 133 181 -1 -1 -1 -1 
209 79 1739 1065 141 174 -1 -1 -1 -1 
209 85 1302 740 56 42 -1 -1 -1 -1 
210 79 1731 1060 155 207 -1 -1 -1 -1 
210 85 1293 743 61 44 -1 -1 -1 -1 
210 89 515 916 179 133 -1 -1 -1 -1 
211 79 1736 1090 152 186 -1 -1 -1 -1 
211 85 1280 747 62 48 -1 -1 -1 -1 
211 89 476 932 185 139 -1 -1 -1 -1 
212 79 1740 1086 161 214 -1 -1 -1 -1 
212 85 1272 754 57 47 -1 -1 -1 -1 
212 89 443 943 198 143 -1 -1 -1 -1 
212 90 1681 832 86 93 -1 -1 -1 -1 
213 79 1741 1132 161 195 -1 -1 -1 -1 
213 85 1264 756 59 47 -1 -1 -1 -1 
213 89 443 943 198 143 -1 -1 -1 -1 
214 79 1744 1134 170 228 -1 -1 -1 -1 
214 85 1250 764 71 46 -1 -1 -1 -1 
214 89 349 970 212 157 -1 -1 -1 -1 
214 90 1683 841 84 87 -1 -1 -1 -1 
215 79 1738 1175 198 222 -1 -1 -1 -1 
215 85 1250 764 71 46 -1 -1 -1 -1 
215 89 313 983 218 159 -1 -1 -1 -1 
216 79 1742 1195 196 241 -1 -1 -1 -1 
216 89 313 983 218 159 -1 -1 -1 -1 
217 79 1749 1189 196 261 -1 -1 -1 -1 
218 79 1755 1213 200 280 -1 -1 -1 -1 
218 89 184 1011 238 199 -1 -1 -1 -1 
218 90 1692 864 90 105 -1 -1 -1 -1 
219 79 1762 1246 204 303 -1 -1 -1 -1 
219 85 1310 694 56 38 -1 -1 -1 -1 
219 89 134 1036 246 194 -1 -1 -1 -1 
219 90 1698 866 84 107 -1 -1 -1 -1 
220 79 1762 1246 204 303 -1 -1 -1 -1 
220 85 1302 688 58 52 -1 -1 -1 -1 
220 89 84 1053 247 201 -1 -1 -1 -1 
221 79 1774 1299 223 339 -1 -1 -1 -1 
222 79 1771 1331 238 353 -1 -1 -1 -1 
222 89 14 1087 246 213 -1 -1 -1 -1 
222 90 1694 884 97 128 -1 -1 -1 -1 
223 79 1771 1331 238 353 -1 -1 -1 -1 
223 85 1272 702 62 55 -1 -1 -1 -1 
223 89 14 1087 246 213 -1 -1 -1 -1 
226 79 1812 1511 280 395 -1 -1 -1 -1 
226 85 1272 702 62 55 -1 -1 -1 -1 
227 79 1825 1577 272 315 -1 -1 -1 -1 
227 90 1695 934 115 139 -1 -1 -1 -1 
228 79 1825 1577 272 315 -1 -1 -1 -1 
229 90 1694 957 126 142 -1 -1 -1 -1 
230 90 1697 966 123 147 -1 -1 -1 -1 
231 90 1697 966 123 147 -1 -1 -1 -1 
232 96 1151 750 80 69 -1 -1 -1 -1 
233 90 1687 1003 146 169 -1 -1 -1 -1 
233 96 1125 759 94 81 -1 -1 -1 -1 
234 90 1689 1015 148 176 -1 -1 -1 -1 
234 96 1113 765 88 82 -1 -1 -1 -1 
235 90 1691 1026 151 184 -1 -1 -1 -1 
235 96 1085 770 98 84 -1 -1 -1 -1 
236 90 1691 1026 151 184 -1 -1 -1 -1 
236 96 1078 768 97 88 -1 -1 -1 -1 
237 90 1696 1058 163 198 -1 -1 -1 -1 
237 96 1052 787 114 87 -1 -1 -1 -1 
238 90 1700 1064 163 221 -1 -1 -1 -1 
238 96 1038 791 108 92 -1 -1 -1 -1 
238 102 722 965 157 92 -1 -1 -1 -1 
239 90 1707 1083 164 218 -1 -1 -1 -1 
239 96 1009 802 120 92 -1 -1 -1 -1 
239 102 689 980 154 84 -1 -1 -1 -1 
240 90 1708 1106 168 230 -1 -1 -1 -1 
240 96 995 809 118 92 -1 -1 -1 -1 
240 102 689 980 154 84 -1 -1 -1 -1 
241 90 1707 1132 173 244 -1 -1 -1 -1 
241 96 971 810 125 94 -1 -1 -1 -1 
242 90 1702 1153 192 259 -1 -1 -1 -1 
242 96 936 818 134 113 -1 -1 -1 -1 
243 90 1712 1177 191 267 -1 -1 -1 -1 
243 96 891 836 164 107 -1 -1 -1 -1 
244 90 1716 1196 188 284 -1 -1 -1 -1 
244 96 865 842 170 114 -1 -1 -1 -1 
244 107 721 905 154 118 -1 -1 -1 -1 
245 90 1717 1211 191 309 -1 -1 -1 -1 
245 96 866 853 155 103 -1 -1 -1 -1 
245 107 690 913 169 134 -1 -1 -1 -1 
246 90 1716 1260 205 322 -1 -1 -1 -1 
246 96 849 865 138 102 -1 -1 -1 -1 
247 90 1714 1290 218 347 -1 -1 -1 -1 
247 96 816 871 155 113 -1 -1 -1 -1 
248 90 1715 1324 228 370 -1 -1 -1 -1 
248 96 786 889 164 114 -1 -1 -1 -1 
248 107 584 957 183 125 -1 -1 -1 -1 
249 90 1714 1356 247 388 -1 -1 -1 -1 
249 96 764 900 163 109 -1 -1 -1 -1 
249 107 543 970 199 139 -1 -1 -1 -1 
250 90 1697 1385 284 410 -1 -1 -1 -1 
250 96 744 905 171 112 -1 -1 -1 -1 
251 90 1713 1442 278 427 -1 -1 -1 -1 
251 96 706 916 180 130 -1 -1 -1 -1 
251 107 459 995 213 159 -1 -1 -1 -1 
252 90 1726 1494 277 403 -1 -1 -1 -1 
252 96 668 929 186 119 -1 -1 -1 -1 
253 90 1753 1552 261 367 -1 -1 -1 -1 
253 96 638 939 194 118 -1 -1 -1 -1 
253 107 359 1034 239 162 -1 -1 -1 -1 
254 90 1753 1552 261 367 -1 -1 -1 -1 
254 96 638 939 194 118 -1 -1 -1 -1 
255 110 1703 851 79 76 -1 -1 -1 -1 
256 96 521 994 217 128 -1 -1 -1 -1 
256 107 188 1103 266 186 -1 -1 -1 -1 
256 110 1697 854 89 73 -1 -1 -1 -1 
257 96 471 1013 215 130 -1 -1 -1 -1 
257 107 188 1103 266 186 -1 -1 -1 -1 
257 110 1701 856 86 81 -1 -1 -1 -1 
258 96 426 1029 240 142 -1 -1 -1 -1 
258 110 1703 862 84 80 -1 -1 -1 -1 
259 96 371 1048 256 153 -1 -1 -1 -1 
259 110 1700 865 89 88 -1 -1 -1 -1 
260 96 329 1071 241 138 -1 -1 -1 -1 
260 110 1700 874 89 96 -1 -1 -1 -1 
260 115 1689 984 124 135 -1 -1 -1 -1 
261 96 259 1092 260 191 -1 -1 -1 -1 
261 110 1698 885 97 89 -1 -1 -1 -1 
261 115 1688 991 136 162 -1 -1 -1 -1 
262 96 259 1092 260 191 -1 -1 -1 -1 
262 110 1700 886 99 95 -1 -1 -1 -1 
263 96 138 1134 288 206 -1 -1 -1 -1 
263 110 1701 891 102 96 -1 -1 -1 -1 
264 96 85 1162 299 201 -1 -1 -1 -1 
264 110 1702 895 105 112 -1 -1 -1 -1 
264 115 1686 1020 154 184 -1 -1 -1 -1 
265 96 45 1192 294 185 -1 -1 -1 -1 
265 110 1703 904 103 112 -1 -1 -1 -1 
265 115 1695 1032 153 188 -1 -1 -1 -1 
266 96 45 1192 294 185 -1 -1 -1 -1 
266 110 1702 904 110 119 -1 -1 -1 -1 
267 110 1700 916 109 125 -1 -1 -1 -1 
267 115 1702 1060 166 217 -1 -1 -1 -1 
268 110 1705 926 109 129 -1 -1 -1 -1 
269 110 1703 940 119 121 -1 -1 -1 -1 
270 110 1708 951 119 121 -1 -1 -1 -1 
270 115 1722 1116 171 236 -1 -1 -1 -1 
271 110 1700 946 127 147 -1 -1 -1 -1 
271 115 1714 1130 187 261 -1 -1 -1 -1 
272 110 1707 961 123 137 -1 -1 -1 -1 
272 115 1731 1157 181 263 -1 -1 -1 -1 
273 110 1717 966 119 135 -1 -1 -1 -1 
273 115 1720 1185 204 278 -1 -1 -1 -1 
274 110 1711 988 129 143 -1 -1 -1 -1 
274 115 1740 1212 188 280 -1 -1 -1 -1 
275 110 1706 996 137 146 -1 -1 -1 -1 
275 115 1732 1224 210 313 -1 -1 -1 -1 
275 123 1473 747 62 55 -1 -1 -1 -1 
276 110 1698 1033 145 124 -1 -1 -1 -1 
276 115 1717 1261 241 326 -1 -1 -1 -1 
276 123 1451 755 79 58 -1 -1 -1 -1 
277 110 1700 1010 152 172 -1 -1 -1 -1 
277 115 1740 1293 229 351 -1 -1 -1 -1 
277 123 1446 766 69 66 -1 -1 -1 -1 
277 124 927 833 120 95 -1 -1 -1 -1 
278 110 1708 1026 154 165 -1 -1 -1 -1 
278 115 1743 1333 235 354 -1 -1 -1 -1 
278 123 1433 767 70 71 -1 -1 -1 -1 
278 124 899 844 128 100 -1 -1 -1 -1 
279 110 1715 1035 145 168 -1 -1 -1 -1 
279 115 1735 1357 259 391 -1 -1 -1 -1 
279 123 1412 782 81 74 -1 -1 -1 -1 
279 124 873 846 133 104 -1 -1 -1 -1 
280 110 1729 1042 136 169 -1 -1 -1 -1 
280 115 1763 1414 247 399 -1 -1 -1 -1 
280 123 1395 793 87 76 -1 -1 -1 -1 
280 124 837 859 139 110 -1 -1 -1 -1 
281 110 1721 1059 149 186 -1 -1 -1 -1 
281 115 1777 1494 256 394 -1 -1 -1 -1 
281 123 1360 808 101 92 -1 -1 -1 -1 
281 124 796 874 155 117 -1 -1 -1 -1 
282 110 1713 1065 165 218 -1 -1 -1 -1 
282 115 1770 1548 285 370 -1 -1 -1 -1 
282 123 1327 828 120 104 -1 -1 -1 -1 
282 124 766 882 153 122 -1 -1 -1 -1 
283 110 1725 1084 154 205 -1 -1 -1 -1 
283 115 1770 1598 310 320 -1 -1 -1 -1 
283 123 1297 837 131 121 -1 -1 -1 -1 
283 124 730 899 158 123 -1 -1 -1 -1 
284 110 1721 1096 169 227 -1 -1 -1 -1 
284 115 1770 1598 310 320 -1 -1 -1 -1 
284 123 1226 866 170 149 -1 -1 -1 -1 
284 124 675 915 174 134 -1 -1 -1 -1 
285 110 1711 1120 182 237 -1 -1 -1 -1 
285 123 1160 889 201 183 -1 -1 -1 -1 
285 124 675 915 174 134 -1 -1 -1 -1 
286 110 1720 1134 185 252 -1 -1 -1 -1 
286 123 1059 934 247 228 -1 -1 -1 -1 
286 124 580 954 188 145 -1 -1 -1 -1 
286 128 915 796 111 77 -1 -1 -1 -1 
287 110 1723 1144 186 253 -1 -1 -1 -1 
287 123 1059 934 247 228 -1 -1 -1 -1 
287 124 530 976 196 132 -1 -1 -1 -1 
287 128 915 796 111 77 -1 -1 -1 -1 
288 110 1725 1167 186 252 -1 -1 -1 -1 
288 124 465 990 229 192 -1 -1 -1 -1 
289 110 1731 1187 194 267 -1 -1 -1 -1 
289 124 412 1024 225 181 -1 -1 -1 -1 
289 128 823 825 122 106 -1 -1 -1 -1 
290 110 1734 1208 194 278 -1 -1 -1 -1 
290 124 352 1041 235 176 -1 -1 -1 -1 
290 128 788 829 132 103 -1 -1 -1 -1 
291 110 1737 1226 197 292 -1 -1 -1 -1 
291 124 291 1067 248 181 -1 -1 -1 -1 
291 128 752 841 145 98 -1 -1 -1 -1 
293 110 1737 1226 197 292 -1 -1 -1 -1 
294 124 113 1142 279 199 -1 -1 -1 -1 
294 128 626 885 184 110 -1 -1 -1 -1 
295 110 1732 1335 242 353 -1 -1 -1 -1 
295 124 113 1142 279 199 -1 -1 -1 -1 
295 128 599 897 164 113 -1 -1 -1 -1 
296 110 1741 1360 249 376 -1 -1 -1 -1 
297 110 1725 1384 275 414 -1 -1 -1 -1 
299 110 1776 1480 255 416 -1 -1 -1 -1 
300 110 1776 1480 255 416 -1 -1 -1 -1 
314 148 982 825 105 78 -1 -1 -1 -1 
316 148 920 848 120 90 -1 -1 -1 -1 
317 148 891 864 120 87 -1 -1 -1 -1 
318 148 854 874 128 99 -1 -1 -1 -1 
318 150 1712 990 47 94 -1 -1 -1 -1 
319 148 821 896 123 92 -1 -1 -1 -1 
319 150 1712 990 47 94 -1 -1 -1 -1 
320 148 821 896 123 92 -1 -1 -1 -1 
321 148 727 922 153 110 -1 -1 -1 -1 
322 148 727 922 153 110 -1 -1 -1 -1 
322 154 1473 758 70 57 -1 -1 -1 -1 
323 154 1467 764 71 59 -1 -1 -1 -1 
324 154 1445 765 84 63 -1 -1 -1 -1 
325 154 1441 767 83 75 -1 -1 -1 -1 
326 154 1432 772 87 80 -1 -1 -1 -1 
327 154 1420 776 93 91 -1 -1 -1 -1 
327 156 1029 815 117 81 -1 -1 -1 -1 
328 154 1395 789 111 93 -1 -1 -1 -1 
328 156 988 835 115 84 -1 -1 -1 -1 
329 154 1388 797 108 89 -1 -1 -1 -1 
329 156 959 839 123 87 -1 -1 -1 -1 
330 154 1373 801 116 96 -1 -1 -1 -1 
330 156 922 849 131 93 -1 -1 -1 -1 
331 154 1346 818 127 110 -1 -1 -1 -1 
331 156 847 874 147 100 -1 -1 -1 -1 
332 154 1310 829 146 129 -1 -1 -1 -1 
332 156 847 874 147 100 -1 -1 -1 -1 
333 154 1270 849 166 133 -1 -1 -1 -1 
334 154 1213 875 196 165 -1 -1 -1 -1 
334 156 636 943 182 115 -1 -1 -1 -1 
335 154 1139 899 238 213 -1 -1 -1 -1 
335 156 636 943 182 115 -1 -1 -1 -1 
336 154 1139 899 238 213 -1 -1 -1 -1 
336 158 2060 1364 100 208 -1 -1 -1 -1 
337 158 2027 1315 103 217 -1 -1 -1 -1 
338 158 2027 1315 103 217 -1 -1 -1 -1 
352 173 1167 746 75 63 -1 -1 -1 -1 
352 174 1429 754 75 77 -1 -1 -1 -1 
353 173 1165 748 66 58 -1 -1 -1 -1 
353 174 1428 755 73 73 -1 -1 -1 -1 
354 173 1165 748 66 58 -1 -1 -1 -1 
354 174 1428 755 73 73 -1 -1 -1 -1 
354 175 502 936 205 143 -1 -1 -1 -1 
355 173 1145 755 77 73 -1 -1 -1 -1 
355 174 1423 755 72 88 -1 -1 -1 -1 
356 173 1113 761 80 78 -1 -1 -1 -1 
356 174 1393 774 88 84 -1 -1 -1 -1 
357 173 1079 773 96 83 -1 -1 -1 -1 
357 174 1371 779 91 95 -1 -1 -1 -1 
358 173 1056 784 95 81 -1 -1 -1 -1 
358 174 1349 788 106 106 -1 -1 -1 -1 
359 173 1018 801 102 87 -1 -1 -1 -1 
359 174 1312 812 124 108 -1 -1 -1 -1 
360 173 963 822 118 86 -1 -1 -1 -1 
360 174 1271 834 130 123 -1 -1 -1 -1 
361 173 927 835 124 96 -1 -1 -1 -1 
361 174 1228 850 154 140 -1 -1 -1 -1 
362 173 867 853 140 111 -1 -1 -1 -1 
362 174 1150 880 189 156 -1 -1 -1 -1 
363 173 828 869 137 112 -1 -1 -1 -1 
363 174 1150 880 189 156 -1 -1 -1 -1 
364 173 768 893 156 114 -1 -1 -1 -1 
364 178 1671 805 73 54 -1 -1 -1 -1 
365 173 678 923 169 128 -1 -1 -1 -1 
365 178 1671 805 73 54 -1 -1 -1 -1 
366 173 678 923 169 128 -1 -1 -1 -1 
366 178 1680 821 69 58 -1 -1 -1 -1 
367 173 526 988 202 131 -1 -1 -1 -1 
367 178 1687 825 66 61 -1 -1 -1 -1 
368 173 431 1022 226 154 -1 -1 -1 -1 
368 178 1694 828 63 66 -1 -1 -1 -1 
369 173 431 1022 226 154 -1 -1 -1 -1 
369 178 1692 834 71 72 -1 -1 -1 -1 
370 178 1696 835 70 74 -1 -1 -1 -1 
371 178 1701 836 66 88 -1 -1 -1 -1 
372 178 1699 854 81 84 -1 -1 -1 -1 
373 178 1698 860 85 84 -1 -1 -1 -1 
374 178 1698 862 87 87 -1 -1 -1 -1 
375 178 1701 872 96 88 -1 -1 -1 -1 
376 178 1713 883 83 82 -1 -1 -1 -1 
377 178 1711 889 91 91 -1 -1 -1 -1 
378 178 1716 896 100 94 -1 -1 -1 -1 
378 194 687 863 133 92 -1 -1 -1 -1 
379 178 1720 900 102 96 -1 -1 -1 -1 
379 194 656 870 140 94 -1 -1 -1 -1 
380 178 1726 902 104 96 -1 -1 -1 -1 
380 194 611 888 147 95 -1 -1 -1 -1 
381 178 1733 903 103 101 -1 -1 -1 -1 
381 194 564 918 147 92 -1 -1 -1 -1 
382 178 1738 909 107 115 -1 -1 -1 -1 
382 194 497 921 172 119 -1 -1 -1 -1 
383 178 1752 923 109 108 -1 -1 -1 -1 
383 194 406 956 176 125 -1 -1 -1 -1 
384 178 1761 933 109 114 -1 -1 -1 -1 
384 194 316 991 188 139 -1 -1 -1 -1 
385 178 1759 932 118 119 -1 -1 -1 -1 
385 194 227 1015 209 153 -1 -1 -1 -1 
386 178 1759 932 118 119 -1 -1 -1 -1 
387 194 17 1097 235 178 -1 -1 -1 -1 
389 194 17 1097 235 178 -1 -1 -1 -1 
421 204 1290 715 72 51 -1 -1 -1 -1 
423 204 1261 716 81 58 -1 -1 -1 -1 
431 204 1261 716 81 58 -1 -1 -1 -1 
435 206 555 910 174 133 -1 -1 -1 -1 
436 206 443 954 201 145 -1 -1 -1 -1 
437 206 400 964 206 154 -1 -1 -1 -1 
438 206 334 990 211 159 -1 -1 -1 -1 
439 206 227 1019 236 189 -1 -1 -1 -1 
440 206 63 1075 277 223 -1 -1 -1 -1 
441 206 0 1119 225 232 -1 -1 -1 -1 
442 206 0 1119 225 232 -1 -1 -1 -1 
459 217 1983 900 143 82 -1 -1 -1 -1 
460 217 1959 893 149 75 -1 -1 -1 -1 
461 217 1955 896 147 73 -1 -1 -1 -1 
462 217 1951 900 136 75 -1 -1 -1 -1 
465 217 1956 903 97 62 -1 -1 -1 -1 
474 217 1956 903 97 62 -1 -1 -1 -1 
479 219 1748 934 170 108 -1 -1 -1 -1 
480 219 1743 935 161 109 -1 -1 -1 -1 
481 219 1737 936 165 111 -1 -1 -1 -1 
482 219 1737 941 155 107 -1 -1 -1 -1 
484 219 1733 942 138 119 -1 -1 -1 -1 
485 219 1734 952 125 114 -1 -1 -1 -1 
486 219 1731 955 122 115 -1 -1 -1 -1 
487 219 1733 961 123 121 -1 -1 -1 -1 
488 219 1728 971 127 117 -1 -1 -1 -1 
489 219 1735 975 117 121 -1 -1 -1 -1 
489 222 895 920 363 300 -1 -1 -1 -1 
490 219 1735 984 119 117 -1 -1 -1 -1 
490 222 691 965 485 397 -1 -1 -1 -1 
491 219 1730 995 126 128 -1 -1 -1 -1 
491 222 691 965 485 397 -1 -1 -1 -1 
492 219 1730 995 126 128 -1 -1 -1 -1 
493 219 1729 1002 133 143 -1 -1 -1 -1 
494 219 1725 1011 141 143 -1 -1 -1 -1 
495 219 1724 1018 147 148 -1 -1 -1 -1 
496 219 1730 1025 145 150 -1 -1 -1 -1 
497 219 1729 1038 149 158 -1 -1 -1 -1 
498 219 1729 1054 150 160 -1 -1 -1 -1 
499 219 1730 1063 157 171 -1 -1 -1 -1 
500 219 1730 1070 160 177 -1 -1 -1 -1 
501 219 1737 1085 151 177 -1 -1 -1 -1 
502 219 1734 1099 159 181 -1 -1 -1 -1 
503 219 1737 1112 159 184 -1 -1 -1 -1 
504 219 1732 1126 170 204 -1 -1 -1 -1 
505 219 1737 1140 170 215 -1 -1 -1 -1 
506 219 1732 1154 182 224 -1 -1 -1 -1 
507 219 1733 1180 188 223 -1 -1 -1 -1 
508 219 1741 1198 188 243 -1 -1 -1 -1 
509 219 1737 1224 198 243 -1 -1 -1 -1 
510 219 1744 1231 197 261 -1 -1 -1 -1 
511 219 1750 1273 211 280 -1 -1 -1 -1 
512 219 1744 1299 233 294 -1 -1 -1 -1 
513 219 1741 1328 249 318 -1 -1 -1 -1 
514 219 1749 1362 248 326 -1 -1 -1 -1 
514 229 1694 912 92 98 -1 -1 -1 -1 
515 219 1761 1394 256 360 -1 -1 -1 -1 
515 229 1692 909 94 108 -1 -1 -1 -1 
516 219 1766 1450 270 373 -1 -1 -1 -1 
516 229 1692 909 94 108 -1 -1 -1 -1 
517 219 1773 1502 285 393 -1 -1 -1 -1 
517 229 1690 930 101 113 -1 -1 -1 -1 
518 219 1788 1568 299 348 -1 -1 -1 -1 
519 219 1800 1628 300 279 -1 -1 -1 -1 
520 219 1822 1685 278 224 -1 -1 -1 -1 
521 219 1822 1727 275 189 -1 -1 -1 -1 
521 229 1686 967 109 115 -1 -1 -1 -1 
521 234 1700 894 85 66 -1 -1 -1 -1 
522 219 1822 1727 275 189 -1 -1 -1 -1 
522 229 1695 976 107 116 -1 -1 -1 -1 
522 234 1698 898 89 73 -1 -1 -1 -1 
523 229 1700 988 107 125 -1 -1 -1 -1 
523 234 1693 905 95 73 -1 -1 -1 -1 
524 229 1700 988 107 125 -1 -1 -1 -1 
524 234 1697 910 89 92 -1 -1 -1 -1 
525 234 1687 927 109 90 -1 -1 -1 -1 
526 229 1702 1039 131 131 -1 -1 -1 -1 
526 234 1683 932 112 104 -1 -1 -1 -1 
526 236 1695 832 65 68 -1 -1 -1 -1 
527 229 1704 1049 141 146 -1 -1 -1 -1 
527 234 1685 936 106 106 -1 -1 -1 -1 
527 236 1694 830 73 73 -1 -1 -1 -1 
528 229 1704 1059 146 156 -1 -1 -1 -1 
528 234 1693 945 102 99 -1 -1 -1 -1 
528 236 1695 841 71 79 -1 -1 -1 -1 
529 229 1712 1066 151 165 -1 -1 -1 -1 
529 234 1693 952 107 111 -1 -1 -1 -1 
529 236 1698 847 71 76 -1 -1 -1 -1 
530 229 1712 1066 151 165 -1 -1 -1 -1 
530 234 1694 961 110 115 -1 -1 -1 -1 
531 234 1691 971 113 122 -1 -1 -1 -1 
531 236 1697 849 71 76 -1 -1 -1 -1 
532 234 1683 972 123 149 -1 -1 -1 -1 
532 236 1694 851 75 80 -1 -1 -1 -1 
533 234 1697 1001 112 136 -1 -1 -1 -1 
533 236 1699 860 75 81 -1 -1 -1 -1 
534 229 1731 1156 163 216 -1 -1 -1 -1 
534 234 1696 1002 119 149 -1 -1 -1 -1 
534 236 1700 855 74 87 -1 -1 -1 -1 
535 229 1742 1174 160 226 -1 -1 -1 -1 
535 234 1694 1017 133 157 -1 -1 -1 -1 
535 236 1700 860 79 93 -1 -1 -1 -1 
536 229 1742 1174 160 226 -1 -1 -1 -1 
536 234 1692 1018 140 172 -1 -1 -1 -1 
537 234 1706 1034 141 184 -1 -1 -1 -1 
537 236 1702 875 78 84 -1 -1 -1 -1 
538 229 1724 1257 202 275 -1 -1 -1 -1 
538 234 1700 1044 157 195 -1 -1 -1 -1 
538 236 1698 875 83 94 -1 -1 -1 -1 
539 229 1723 1294 211 288 -1 -1 -1 -1 
539 234 1705 1065 163 204 -1 -1 -1 -1 
539 236 1699 885 85 92 -1 -1 -1 -1 
540 229 1726 1323 216 315 -1 -1 -1 -1 
540 234 1708 1091 165 200 -1 -1 -1 -1 
540 236 1699 899 87 83 -1 -1 -1 -1 
541 229 1719 1362 237 337 -1 -1 -1 -1 
541 234 1698 1097 188 233 -1 -1 -1 -1 
541 236 1699 903 89 94 -1 -1 -1 -1 
542 229 1720 1398 247 362 -1 -1 -1 -1 
542 234 1715 1122 174 230 -1 -1 -1 -1 
542 236 1697 916 94 88 -1 -1 -1 -1 
543 229 1726 1465 262 375 -1 -1 -1 -1 
543 234 1719 1139 181 254 -1 -1 -1 -1 
543 236 1704 924 95 89 -1 -1 -1 -1 
544 229 1729 1521 287 387 -1 -1 -1 -1 
544 234 1722 1157 185 262 -1 -1 -1 -1 
544 236 1698 925 100 107 -1 -1 -1 -1 
545 229 1745 1561 289 358 -1 -1 -1 -1 
545 234 1724 1201 187 248 -1 -1 -1 -1 
545 236 1704 938 94 98 -1 -1 -1 -1 
546 229 1759 1641 289 278 -1 -1 -1 -1 
546 234 1709 1211 219 304 -1 -1 -1 -1 
546 236 1714 950 85 101 -1 -1 -1 -1 
547 229 1759 1641 289 278 -1 -1 -1 -1 
547 234 1719 1237 223 326 -1 -1 -1 -1 
548 234 1713 1273 248 360 -1 -1 -1 -1 
548 236 1710 966 106 110 -1 -1 -1 -1 
549 234 1729 1320 243 353 -1 -1 -1 -1 
549 236 1709 975 110 117 -1 -1 -1 -1 
550 234 1735 1362 249 383 -1 -1 -1 -1 
550 236 1727 981 97 123 -1 -1 -1 -1 
551 234 1719 1395 283 426 -1 -1 -1 -1 
551 236 1717 997 118 131 -1 -1 -1 -1 
552 234 1719 1434 294 441 -1 -1 -1 -1 
552 236 1716 1011 119 127 -1 -1 -1 -1 
553 234 1752 1492 271 411 -1 -1 -1 -1 
553 236 1717 1020 125 153 -1 -1 -1 -1 
554 234 1758 1548 266 366 -1 -1 -1 -1 
554 236 1713 1046 136 148 -1 -1 -1 -1 
555 234 1754 1599 277 313 -1 -1 -1 -1 
555 236 1712 1055 139 158 -1 -1 -1 -1 
556 234 1754 1599 277 313 -1 -1 -1 -1 
556 236 1729 1078 127 162 -1 -1 -1 -1 
557 236 1712 1098 153 167 -1 -1 -1 -1 
558 236 1714 1110 155 187 -1 -1 -1 -1 
559 236 1731 1132 146 196 -1 -1 -1 -1 
560 236 1730 1150 155 203 -1 -1 -1 -1 
561 236 1731 1197 167 189 -1 -1 -1 -1 
562 236 1737 1206 165 207 -1 -1 -1 -1 
563 236 1747 1216 162 230 -1 -1 -1 -1 
564 236 1747 1245 178 238 -1 -1 -1 -1 
565 236 1740 1264 186 257 -1 -1 -1 -1 
566 236 1751 1299 187 280 -1 -1 -1 -1 
567 236 1740 1322 216 306 -1 -1 -1 -1 
568 236 1732 1354 236 321 -1 -1 -1 -1 
569 236 1746 1386 234 330 -1 -1 -1 -1 
570 236 1751 1421 247 347 -1 -1 -1 -1 
571 236 1756 1450 249 362 -1 -1 -1 -1 
572 236 1773 1493 242 377 -1 -1 -1 -1 
573 236 1780 1546 255 363 -1 -1 -1 -1 
574 236 1793 1582 253 337 -1 -1 -1 -1 
575 236 1813 1636 247 269 -1 -1 -1 -1 
575 245 1439 736 64 76 -1 -1 -1 -1 
576 236 1813 1636 247 269 -1 -1 -1 -1 
576 245 1419 742 75 83 -1 -1 -1 -1 
577 245 1401 745 80 100 -1 -1 -1 -1 
578 245 1381 763 82 92 -1 -1 -1 -1 
579 245 1356 774 89 97 -1 -1 -1 -1 
580 245 1332 780 95 114 -1 -1 -1 -1 
581 245 1332 780 95 114 -1 -1 -1 -1 
584 253 542 955 204 156 -1 -1 -1 -1 
585 253 481 986 214 151 -1 -1 -1 -1 
586 253 418 1011 231 162 -1 -1 -1 -1 
587 253 347 1031 242 169 -1 -1 -1 -1 
587 256 523 917 130 103 -1 -1 -1 -1 
588 253 323 1042 254 145 -1 -1 -1 -1 
588 256 497 926 142 107 -1 -1 -1 -1 
589 253 323 1042 254 145 -1 -1 -1 -1 
589 256 457 944 133 99 -1 -1 -1 -1 
590 253 205 1102 248 179 -1 -1 -1 -1 
590 256 367 969 189 118 -1 -1 -1 -1 
590 259 358 1069 538 555 -1 -1 -1 -1 
591 253 113 1134 265 202 -1 -1 -1 -1 
