4 3 190 258 119 83 -1 -1 -1 -1 
5 3 190 258 119 83 -1 -1 -1 -1 
6 3 214 252 111 74 -1 -1 -1 -1 
7 3 234 245 103 68 -1 -1 -1 -1 
8 3 234 245 103 68 -1 -1 -1 -1 
8 4 481 181 31 26 -1 -1 -1 -1 
9 3 253 238 96 64 -1 -1 -1 -1 
9 4 485 176 29 27 -1 -1 -1 -1 
10 3 271 231 89 61 -1 -1 -1 -1 
11 3 271 231 89 61 -1 -1 -1 -1 
12 3 285 223 85 61 -1 -1 -1 -1 
12 4 490 174 27 25 -1 -1 -1 -1 
13 3 285 223 85 61 -1 -1 -1 -1 
13 4 490 174 27 25 -1 -1 -1 -1 
14 3 301 219 79 56 -1 -1 -1 -1 
15 3 314 214 72 54 -1 -1 -1 -1 
16 3 314 214 72 54 -1 -1 -1 -1 
17 3 324 210 69 53 -1 -1 -1 -1 
18 3 324 210 69 53 -1 -1 -1 -1 
21 3 346 203 62 47 -1 -1 -1 -1 
22 3 354 202 61 43 -1 -1 -1 -1 
23 3 364 199 56 43 -1 -1 -1 -1 
23 7 583 178 18 22 -1 -1 -1 -1 
24 3 364 199 56 43 -1 -1 -1 -1 
24 7 583 178 18 22 -1 -1 -1 -1 
25 3 371 197 55 41 -1 -1 -1 -1 
25 7 583 178 18 22 -1 -1 -1 -1 
29 3 386 193 50 37 -1 -1 -1 -1 
30 3 386 193 50 37 -1 -1 -1 -1 
31 3 392 190 47 36 -1 -1 -1 -1 
35 3 404 187 44 32 -1 -1 -1 -1 
36 3 404 187 44 32 -1 -1 -1 -1 
37 3 409 185 41 31 -1 -1 -1 -1 
38 3 413 183 39 34 -1 -1 -1 -1 
39 3 413 183 39 34 -1 -1 -1 -1 
40 3 413 183 39 34 -1 -1 -1 -1 
42 3 422 179 37 33 -1 -1 -1 -1 
46 3 429 174 34 31 -1 -1 -1 -1 
47 3 433 174 35 29 -1 -1 -1 -1 
48 3 433 174 35 29 -1 -1 -1 -1 
49 3 437 174 32 28 -1 -1 -1 -1 
50 3 437 174 32 28 -1 -1 -1 -1 
51 3 439 171 32 28 -1 -1 -1 -1 
52 3 442 170 32 28 -1 -1 -1 -1 
53 3 442 170 32 28 -1 -1 -1 -1 
54 3 445 167 31 30 -1 -1 -1 -1 
55 3 448 168 30 26 -1 -1 -1 -1 
56 3 448 168 30 26 -1 -1 -1 -1 
57 3 448 168 30 26 -1 -1 -1 -1 
63 11 596 238 43 74 -1 -1 -1 -1 
66 11 600 256 39 70 -1 -1 -1 -1 
67 11 600 256 39 70 -1 -1 -1 -1 
69 11 604 273 35 84 -1 -1 -1 -1 
70 11 604 273 35 84 -1 -1 -1 -1 
71 11 606 286 33 93 -1 -1 -1 -1 
72 11 606 286 33 93 -1 -1 -1 -1 
102 11 606 286 33 93 -1 -1 -1 -1 
105 12 578 156 12 13 -1 -1 -1 -1 
106 12 578 156 12 13 -1 -1 -1 -1 
107 12 578 157 12 13 -1 -1 -1 -1 
108 12 577 158 12 12 -1 -1 -1 -1 
109 12 577 158 12 12 -1 -1 -1 -1 
110 12 578 160 12 12 -1 -1 -1 -1 
113 12 578 160 12 12 -1 -1 -1 -1 
115 13 1 336 109 114 -1 -1 -1 -1 
116 13 1 316 152 128 -1 -1 -1 -1 
117 13 8 298 183 119 -1 -1 -1 -1 
118 13 8 298 183 119 -1 -1 -1 -1 
119 13 56 290 169 100 -1 -1 -1 -1 
120 13 99 274 154 93 -1 -1 -1 -1 
121 13 99 274 154 93 -1 -1 -1 -1 
122 13 140 258 137 90 -1 -1 -1 -1 
123 13 174 248 124 81 -1 -1 -1 -1 
124 13 174 248 124 81 -1 -1 -1 -1 
125 12 581 173 16 16 -1 -1 -1 -1 
125 13 205 238 113 76 -1 -1 -1 -1 
126 12 581 174 17 16 -1 -1 -1 -1 
126 13 232 229 104 70 -1 -1 -1 -1 
127 12 582 176 17 15 -1 -1 -1 -1 
127 13 258 220 93 67 -1 -1 -1 -1 
128 12 582 176 17 15 -1 -1 -1 -1 
129 13 277 213 87 61 -1 -1 -1 -1 
130 12 582 179 20 17 -1 -1 -1 -1 
130 13 296 212 79 54 -1 -1 -1 -1 
131 12 584 180 19 18 -1 -1 -1 -1 
131 13 312 206 74 52 -1 -1 -1 -1 
132 12 584 180 19 18 -1 -1 -1 -1 
132 13 312 206 74 52 -1 -1 -1 -1 
133 12 584 182 19 19 -1 -1 -1 -1 
133 13 324 199 72 51 -1 -1 -1 -1 
134 12 584 182 19 19 -1 -1 -1 -1 
134 13 324 199 72 51 -1 -1 -1 -1 
135 12 585 186 20 17 -1 -1 -1 -1 
135 13 341 196 63 48 -1 -1 -1 -1 
136 12 585 185 20 21 -1 -1 -1 -1 
136 13 350 193 63 45 -1 -1 -1 -1 
137 12 584 187 23 24 -1 -1 -1 -1 
137 13 362 191 57 39 -1 -1 -1 -1 
138 12 585 189 23 24 -1 -1 -1 -1 
138 13 372 187 53 39 -1 -1 -1 -1 
139 12 585 189 23 24 -1 -1 -1 -1 
139 13 372 187 53 39 -1 -1 -1 -1 
140 12 585 190 25 26 -1 -1 -1 -1 
140 13 382 183 49 40 -1 -1 -1 -1 
141 12 586 192 27 28 -1 -1 -1 -1 
141 13 389 182 48 39 -1 -1 -1 -1 
142 12 587 194 27 30 -1 -1 -1 -1 
142 13 396 179 46 36 -1 -1 -1 -1 
143 12 587 194 27 30 -1 -1 -1 -1 
143 13 396 179 46 36 -1 -1 -1 -1 
144 12 589 195 27 36 -1 -1 -1 -1 
144 13 403 178 42 32 -1 -1 -1 -1 
145 12 589 195 27 36 -1 -1 -1 -1 
146 13 410 175 38 30 -1 -1 -1 -1 
147 13 417 174 35 28 -1 -1 -1 -1 
148 13 422 173 31 27 -1 -1 -1 -1 
149 13 422 173 31 27 -1 -1 -1 -1 
150 13 428 170 31 27 -1 -1 -1 -1 
151 13 431 168 31 27 -1 -1 -1 -1 
152 13 435 166 32 27 -1 -1 -1 -1 
153 13 435 166 32 27 -1 -1 -1 -1 
154 13 435 166 32 27 -1 -1 -1 -1 
157 15 599 242 40 62 -1 -1 -1 -1 
159 15 604 262 35 74 -1 -1 -1 -1 
160 15 604 274 35 81 -1 -1 -1 -1 
161 15 604 274 35 81 -1 -1 -1 -1 
162 15 607 290 32 92 -1 -1 -1 -1 
163 15 610 309 29 105 -1 -1 -1 -1 
164 15 614 334 25 122 -1 -1 -1 -1 
209 12 598 172 17 19 -1 -1 -1 -1 
210 12 599 174 17 18 -1 -1 -1 -1 
212 12 601 175 17 19 -1 -1 -1 -1 
213 12 601 175 17 19 -1 -1 -1 -1 
214 12 602 176 17 21 -1 -1 -1 -1 
215 12 602 177 19 21 -1 -1 -1 -1 
