4 3 603 175 17 18 -1 -1 -1 -1 
4 4 512 150 15 14 -1 -1 -1 -1 
5 3 604 175 18 21 -1 -1 -1 -1 
5 4 513 149 15 15 -1 -1 -1 -1 
6 3 604 175 18 21 -1 -1 -1 -1 
6 4 513 149 15 15 -1 -1 -1 -1 
7 3 606 176 16 21 -1 -1 -1 -1 
8 3 607 177 18 22 -1 -1 -1 -1 
14 3 607 177 18 22 -1 -1 -1 -1 
15 4 518 148 14 11 -1 -1 -1 -1 
16 4 518 147 14 12 -1 -1 -1 -1 
17 4 518 147 14 12 -1 -1 -1 -1 
18 4 519 147 14 11 -1 -1 -1 -1 
19 4 519 146 14 11 -1 -1 -1 -1 
20 4 519 146 14 11 -1 -1 -1 -1 
26 4 519 146 14 11 -1 -1 -1 -1 
32 7 0 371 142 103 -1 -1 -1 -1 
33 7 1 340 189 137 -1 -1 -1 -1 
34 7 1 340 189 137 -1 -1 -1 -1 
35 7 20 316 211 140 -1 -1 -1 -1 
36 7 20 316 211 140 -1 -1 -1 -1 
37 7 82 297 189 121 -1 -1 -1 -1 
38 7 136 277 164 107 -1 -1 -1 -1 
39 7 136 277 164 107 -1 -1 -1 -1 
40 7 180 263 145 94 -1 -1 -1 -1 
41 7 180 263 145 94 -1 -1 -1 -1 
42 7 218 249 133 80 -1 -1 -1 -1 
43 7 251 237 113 76 -1 -1 -1 -1 
44 7 251 237 113 76 -1 -1 -1 -1 
45 7 279 226 104 71 -1 -1 -1 -1 
46 7 279 226 104 71 -1 -1 -1 -1 
47 7 304 218 87 62 -1 -1 -1 -1 
48 7 323 211 80 56 -1 -1 -1 -1 
49 7 323 211 80 56 -1 -1 -1 -1 
50 7 340 203 75 55 -1 -1 -1 -1 
51 7 340 203 75 55 -1 -1 -1 -1 
52 7 354 199 70 50 -1 -1 -1 -1 
53 7 369 194 63 48 -1 -1 -1 -1 
54 7 369 194 63 48 -1 -1 -1 -1 
55 7 381 191 59 43 -1 -1 -1 -1 
56 7 381 191 59 43 -1 -1 -1 -1 
57 7 390 186 61 43 -1 -1 -1 -1 
58 7 400 184 54 39 -1 -1 -1 -1 
59 7 400 184 54 39 -1 -1 -1 -1 
60 7 408 181 48 39 -1 -1 -1 -1 
61 7 408 181 48 39 -1 -1 -1 -1 
62 7 415 177 46 36 -1 -1 -1 -1 
63 7 422 176 42 32 -1 -1 -1 -1 
64 7 422 176 42 32 -1 -1 -1 -1 
65 7 429 173 38 30 -1 -1 -1 -1 
66 7 429 173 38 30 -1 -1 -1 -1 
67 7 434 173 37 28 -1 -1 -1 -1 
68 7 439 171 36 26 -1 -1 -1 -1 
69 7 439 171 36 26 -1 -1 -1 -1 
70 7 445 167 33 28 -1 -1 -1 -1 
70 8 41 400 252 76 -1 -1 -1 -1 
71 7 445 167 33 28 -1 -1 -1 -1 
71 8 41 400 252 76 -1 -1 -1 -1 
72 7 449 166 33 27 -1 -1 -1 -1 
72 8 95 365 235 112 -1 -1 -1 -1 
73 7 453 164 30 27 -1 -1 -1 -1 
73 8 163 338 196 138 -1 -1 -1 -1 
74 7 453 164 30 27 -1 -1 -1 -1 
74 8 163 338 196 138 -1 -1 -1 -1 
75 7 456 164 31 25 -1 -1 -1 -1 
75 8 217 312 165 131 -1 -1 -1 -1 
76 7 456 164 31 25 -1 -1 -1 -1 
76 8 217 312 165 131 -1 -1 -1 -1 
77 7 460 162 28 25 -1 -1 -1 -1 
77 8 260 292 143 115 -1 -1 -1 -1 
78 7 463 161 27 24 -1 -1 -1 -1 
78 8 293 271 127 105 -1 -1 -1 -1 
79 7 463 161 27 24 -1 -1 -1 -1 
79 8 293 271 127 105 -1 -1 -1 -1 
80 7 466 159 26 24 -1 -1 -1 -1 
80 8 322 257 110 94 -1 -1 -1 -1 
81 7 466 159 26 24 -1 -1 -1 -1 
81 8 322 257 110 94 -1 -1 -1 -1 
82 7 471 158 23 20 -1 -1 -1 -1 
82 8 347 248 97 81 -1 -1 -1 -1 
83 7 472 156 25 22 -1 -1 -1 -1 
83 8 367 236 91 76 -1 -1 -1 -1 
84 7 476 154 26 21 -1 -1 -1 -1 
84 8 399 221 71 62 -1 -1 -1 -1 
84 9 4 310 187 115 -1 -1 -1 -1 
85 7 476 154 26 21 -1 -1 -1 -1 
85 8 399 221 71 62 -1 -1 -1 -1 
85 9 4 310 187 115 -1 -1 -1 -1 
86 7 479 153 24 21 -1 -1 -1 -1 
86 8 409 214 68 58 -1 -1 -1 -1 
86 9 52 294 171 107 -1 -1 -1 -1 
87 7 482 153 22 19 -1 -1 -1 -1 
87 8 421 208 61 55 -1 -1 -1 -1 
87 9 96 281 157 94 -1 -1 -1 -1 
88 7 482 153 22 19 -1 -1 -1 -1 
88 8 421 208 61 55 -1 -1 -1 -1 
88 9 96 281 157 94 -1 -1 -1 -1 
89 7 484 152 21 18 -1 -1 -1 -1 
89 8 421 208 61 55 -1 -1 -1 -1 
90 7 484 152 21 18 -1 -1 -1 -1 
90 9 134 269 143 85 -1 -1 -1 -1 
91 7 486 151 20 18 -1 -1 -1 -1 
91 8 436 199 55 47 -1 -1 -1 -1 
91 9 170 255 130 81 -1 -1 -1 -1 
92 7 488 150 19 19 -1 -1 -1 -1 
92 8 445 196 50 44 -1 -1 -1 -1 
92 9 201 244 119 75 -1 -1 -1 -1 
93 7 488 150 19 19 -1 -1 -1 -1 
93 8 445 196 50 44 -1 -1 -1 -1 
93 9 201 244 119 75 -1 -1 -1 -1 
94 7 490 150 19 17 -1 -1 -1 -1 
94 8 453 191 45 42 -1 -1 -1 -1 
94 9 228 235 108 69 -1 -1 -1 -1 
95 7 490 150 19 17 -1 -1 -1 -1 
95 8 453 191 45 42 -1 -1 -1 -1 
95 9 228 235 108 69 -1 -1 -1 -1 
96 7 492 149 19 17 -1 -1 -1 -1 
96 8 458 189 44 39 -1 -1 -1 -1 
96 9 254 227 98 63 -1 -1 -1 -1 
97 7 492 149 19 17 -1 -1 -1 -1 
97 8 464 185 40 38 -1 -1 -1 -1 
98 8 464 185 40 38 -1 -1 -1 -1 
98 9 274 216 90 62 -1 -1 -1 -1 
99 7 495 150 18 14 -1 -1 -1 -1 
99 8 468 183 39 36 -1 -1 -1 -1 
99 9 293 213 82 55 -1 -1 -1 -1 
100 7 495 150 18 14 -1 -1 -1 -1 
100 8 468 183 39 36 -1 -1 -1 -1 
100 9 293 213 82 55 -1 -1 -1 -1 
101 7 496 149 17 13 -1 -1 -1 -1 
101 8 473 182 35 33 -1 -1 -1 -1 
101 9 310 209 75 52 -1 -1 -1 -1 
102 7 497 148 17 13 -1 -1 -1 -1 
102 8 476 179 35 31 -1 -1 -1 -1 
102 9 325 206 70 45 -1 -1 -1 -1 
103 7 497 148 17 13 -1 -1 -1 -1 
103 8 476 179 35 31 -1 -1 -1 -1 
103 9 325 206 70 45 -1 -1 -1 -1 
104 7 498 148 16 13 -1 -1 -1 -1 
104 8 481 178 31 29 -1 -1 -1 -1 
104 9 338 203 65 41 -1 -1 -1 -1 
105 7 498 148 16 13 -1 -1 -1 -1 
105 8 481 178 31 29 -1 -1 -1 -1 
105 9 338 203 65 41 -1 -1 -1 -1 
106 7 500 148 15 12 -1 -1 -1 -1 
106 8 483 176 31 28 -1 -1 -1 -1 
106 9 349 197 63 42 -1 -1 -1 -1 
107 7 500 148 15 12 -1 -1 -1 -1 
107 8 486 174 30 27 -1 -1 -1 -1 
108 8 486 174 30 27 -1 -1 -1 -1 
108 9 361 194 57 39 -1 -1 -1 -1 
109 8 489 172 28 26 -1 -1 -1 -1 
109 9 371 191 52 36 -1 -1 -1 -1 
110 8 489 172 28 26 -1 -1 -1 -1 
110 9 371 191 52 36 -1 -1 -1 -1 
111 8 492 170 26 26 -1 -1 -1 -1 
111 9 381 186 49 37 -1 -1 -1 -1 
112 8 495 169 24 23 -1 -1 -1 -1 
112 9 389 187 46 31 -1 -1 -1 -1 
113 8 495 169 24 23 -1 -1 -1 -1 
113 9 389 187 46 31 -1 -1 -1 -1 
114 8 497 168 23 23 -1 -1 -1 -1 
114 9 397 183 43 31 -1 -1 -1 -1 
115 8 497 168 23 23 -1 -1 -1 -1 
115 9 397 183 43 31 -1 -1 -1 -1 
116 8 498 168 24 21 -1 -1 -1 -1 
116 9 404 179 38 31 -1 -1 -1 -1 
117 8 499 167 24 20 -1 -1 -1 -1 
117 9 409 177 37 30 -1 -1 -1 -1 
118 8 499 167 24 20 -1 -1 -1 -1 
118 9 409 177 37 30 -1 -1 -1 -1 
119 8 503 164 22 21 -1 -1 -1 -1 
119 9 416 177 35 26 -1 -1 -1 -1 
120 8 503 164 22 21 -1 -1 -1 -1 
120 9 416 177 35 26 -1 -1 -1 -1 
121 8 504 163 22 19 -1 -1 -1 -1 
121 9 421 174 35 27 -1 -1 -1 -1 
122 8 506 162 20 19 -1 -1 -1 -1 
122 9 428 172 33 26 -1 -1 -1 -1 
123 8 506 162 20 19 -1 -1 -1 -1 
123 9 428 172 33 26 -1 -1 -1 -1 
124 8 509 160 19 20 -1 -1 -1 -1 
124 9 432 171 32 25 -1 -1 -1 -1 
125 8 509 160 19 20 -1 -1 -1 -1 
125 9 432 171 32 25 -1 -1 -1 -1 
126 8 510 160 19 18 -1 -1 -1 -1 
126 9 437 169 30 24 -1 -1 -1 -1 
127 8 511 159 19 17 -1 -1 -1 -1 
127 9 440 168 30 24 -1 -1 -1 -1 
128 8 511 159 19 17 -1 -1 -1 -1 
128 9 440 168 30 24 -1 -1 -1 -1 
129 8 512 158 19 18 -1 -1 -1 -1 
129 9 444 168 29 22 -1 -1 -1 -1 
129 13 0 217 87 53 -1 -1 -1 -1 
130 8 513 157 18 18 -1 -1 -1 -1 
130 9 449 166 27 22 -1 -1 -1 -1 
130 13 24 208 90 50 -1 -1 -1 -1 
131 8 513 157 18 18 -1 -1 -1 -1 
131 9 449 166 27 22 -1 -1 -1 -1 
131 13 24 208 90 50 -1 -1 -1 -1 
132 8 515 157 17 17 -1 -1 -1 -1 
132 9 452 165 27 21 -1 -1 -1 -1 
132 13 55 204 83 44 -1 -1 -1 -1 
133 8 515 157 17 17 -1 -1 -1 -1 
133 9 452 165 27 21 -1 -1 -1 -1 
133 13 55 204 83 44 -1 -1 -1 -1 
134 8 516 156 17 15 -1 -1 -1 -1 
134 9 455 163 28 22 -1 -1 -1 -1 
134 13 82 196 79 44 -1 -1 -1 -1 
135 8 517 154 16 16 -1 -1 -1 -1 
135 9 459 161 24 21 -1 -1 -1 -1 
135 13 107 191 77 40 -1 -1 -1 -1 
136 8 517 154 16 16 -1 -1 -1 -1 
136 9 459 161 24 21 -1 -1 -1 -1 
136 13 107 191 77 40 -1 -1 -1 -1 
137 8 518 153 16 16 -1 -1 -1 -1 
137 9 461 161 25 20 -1 -1 -1 -1 
137 13 131 186 71 39 -1 -1 -1 -1 
138 8 518 153 16 16 -1 -1 -1 -1 
138 9 461 161 25 20 -1 -1 -1 -1 
138 13 131 186 71 39 -1 -1 -1 -1 
139 8 519 152 16 16 -1 -1 -1 -1 
139 9 464 159 24 20 -1 -1 -1 -1 
139 13 153 182 66 37 -1 -1 -1 -1 
140 8 520 151 16 16 -1 -1 -1 -1 
140 9 466 159 23 19 -1 -1 -1 -1 
140 13 172 178 60 35 -1 -1 -1 -1 
141 8 520 151 16 16 -1 -1 -1 -1 
141 9 466 159 23 19 -1 -1 -1 -1 
141 13 172 178 60 35 -1 -1 -1 -1 
142 8 522 151 15 15 -1 -1 -1 -1 
142 9 469 158 22 18 -1 -1 -1 -1 
142 13 191 175 42 32 -1 -1 -1 -1 
143 8 522 150 15 15 -1 -1 -1 -1 
143 9 472 158 21 17 -1 -1 -1 -1 
144 8 522 150 15 15 -1 -1 -1 -1 
144 9 472 158 21 17 -1 -1 -1 -1 
145 8 523 150 15 15 -1 -1 -1 -1 
145 9 474 155 20 19 -1 -1 -1 -1 
146 8 524 150 14 14 -1 -1 -1 -1 
146 9 477 155 19 17 -1 -1 -1 -1 
147 8 524 150 14 14 -1 -1 -1 -1 
147 9 477 155 19 17 -1 -1 -1 -1 
148 8 524 150 14 14 -1 -1 -1 -1 
149 9 478 153 20 18 -1 -1 -1 -1 
150 8 594 165 14 11 -1 -1 -1 -1 
150 9 480 155 19 16 -1 -1 -1 -1 
151 8 595 165 13 13 -1 -1 -1 -1 
151 9 482 153 19 17 -1 -1 -1 -1 
152 8 595 165 13 13 -1 -1 -1 -1 
152 9 482 153 19 17 -1 -1 -1 -1 
153 8 594 167 15 13 -1 -1 -1 -1 
153 9 484 152 17 16 -1 -1 -1 -1 
154 8 594 167 15 13 -1 -1 -1 -1 
154 9 484 152 17 16 -1 -1 -1 -1 
155 8 595 167 14 13 -1 -1 -1 -1 
155 9 486 151 16 16 -1 -1 -1 -1 
156 8 596 168 14 13 -1 -1 -1 -1 
156 9 487 151 17 15 -1 -1 -1 -1 
157 8 596 168 14 13 -1 -1 -1 -1 
157 9 487 151 17 15 -1 -1 -1 -1 
158 8 596 169 14 13 -1 -1 -1 -1 
158 9 489 150 16 15 -1 -1 -1 -1 
159 8 596 169 14 13 -1 -1 -1 -1 
159 9 489 150 16 15 -1 -1 -1 -1 
160 8 596 168 14 15 -1 -1 -1 -1 
160 9 490 149 16 15 -1 -1 -1 -1 
161 8 597 170 14 15 -1 -1 -1 -1 
161 9 492 151 15 11 -1 -1 -1 -1 
162 8 597 170 14 16 -1 -1 -1 -1 
163 8 597 170 14 16 -1 -1 -1 -1 
164 8 597 172 16 16 -1 -1 -1 -1 
165 8 597 172 16 16 -1 -1 -1 -1 
166 8 599 175 16 15 -1 -1 -1 -1 
167 8 600 176 17 16 -1 -1 -1 -1 
167 9 497 148 15 12 -1 -1 -1 -1 
168 8 600 176 17 16 -1 -1 -1 -1 
168 9 497 148 15 12 -1 -1 -1 -1 
169 8 601 178 16 14 -1 -1 -1 -1 
169 9 498 148 15 11 -1 -1 -1 -1 
170 8 601 178 16 14 -1 -1 -1 -1 
170 9 498 148 15 11 -1 -1 -1 -1 
171 8 602 179 17 15 -1 -1 -1 -1 
171 9 498 148 15 11 -1 -1 -1 -1 
172 8 603 180 17 16 -1 -1 -1 -1 
172 16 580 166 16 15 -1 -1 -1 -1 
173 8 603 180 17 16 -1 -1 -1 -1 
173 16 580 166 16 15 -1 -1 -1 -1 
174 8 604 179 17 19 -1 -1 -1 -1 
174 16 580 168 17 15 -1 -1 -1 -1 
175 8 604 179 17 19 -1 -1 -1 -1 
175 16 580 168 17 15 -1 -1 -1 -1 
176 8 605 179 18 21 -1 -1 -1 -1 
176 16 581 167 17 18 -1 -1 -1 -1 
176 17 100 367 216 111 -1 -1 -1 -1 
177 8 606 182 18 20 -1 -1 -1 -1 
177 16 581 169 18 19 -1 -1 -1 -1 
177 17 170 335 184 136 -1 -1 -1 -1 
178 8 606 182 18 20 -1 -1 -1 -1 
178 16 581 169 18 19 -1 -1 -1 -1 
178 17 170 335 184 136 -1 -1 -1 -1 
179 8 607 185 20 18 -1 -1 -1 -1 
179 16 582 171 18 19 -1 -1 -1 -1 
179 17 228 308 152 118 -1 -1 -1 -1 
180 8 606 185 23 21 -1 -1 -1 -1 
180 16 583 172 18 20 -1 -1 -1 -1 
180 17 270 287 134 100 -1 -1 -1 -1 
181 8 606 185 23 21 -1 -1 -1 -1 
181 16 583 172 18 20 -1 -1 -1 -1 
181 17 270 287 134 100 -1 -1 -1 -1 
182 8 609 189 20 19 -1 -1 -1 -1 
182 16 583 174 18 20 -1 -1 -1 -1 
182 17 309 265 112 91 -1 -1 -1 -1 
183 8 609 189 20 19 -1 -1 -1 -1 
183 16 583 174 18 20 -1 -1 -1 -1 
183 17 309 265 112 91 -1 -1 -1 -1 
184 8 609 190 23 21 -1 -1 -1 -1 
184 16 584 174 17 23 -1 -1 -1 -1 
184 17 340 253 96 78 -1 -1 -1 -1 
185 8 611 191 23 23 -1 -1 -1 -1 
185 16 585 177 18 24 -1 -1 -1 -1 
185 17 365 241 83 69 -1 -1 -1 -1 
186 8 611 191 23 23 -1 -1 -1 -1 
186 16 585 177 18 24 -1 -1 -1 -1 
186 17 365 241 83 69 -1 -1 -1 -1 
187 8 612 192 24 25 -1 -1 -1 -1 
187 16 585 177 18 24 -1 -1 -1 -1 
187 17 384 229 74 63 -1 -1 -1 -1 
188 8 615 196 23 25 -1 -1 -1 -1 
188 17 399 220 70 58 -1 -1 -1 -1 
189 8 615 196 23 25 -1 -1 -1 -1 
189 17 399 220 70 58 -1 -1 -1 -1 
190 8 618 196 21 29 -1 -1 -1 -1 
190 16 587 181 21 28 -1 -1 -1 -1 
190 17 412 214 62 55 -1 -1 -1 -1 
191 8 618 196 21 29 -1 -1 -1 -1 
191 16 587 181 21 28 -1 -1 -1 -1 
191 17 412 214 62 55 -1 -1 -1 -1 
192 8 620 197 19 30 -1 -1 -1 -1 
192 16 587 186 23 27 -1 -1 -1 -1 
192 17 425 207 58 50 -1 -1 -1 -1 
193 8 620 200 19 30 -1 -1 -1 -1 
193 16 589 189 22 29 -1 -1 -1 -1 
193 17 434 204 53 44 -1 -1 -1 -1 
194 8 623 203 16 30 -1 -1 -1 -1 
194 16 589 191 26 31 -1 -1 -1 -1 
194 17 441 198 50 43 -1 -1 -1 -1 
195 8 623 203 16 30 -1 -1 -1 -1 
195 16 589 191 26 31 -1 -1 -1 -1 
195 17 441 198 50 43 -1 -1 -1 -1 
196 8 625 207 14 29 -1 -1 -1 -1 
196 16 590 194 28 35 -1 -1 -1 -1 
196 17 452 196 44 37 -1 -1 -1 -1 
197 8 627 208 12 32 -1 -1 -1 -1 
197 16 590 194 28 35 -1 -1 -1 -1 
198 8 627 208 12 32 -1 -1 -1 -1 
198 17 459 190 40 37 -1 -1 -1 -1 
199 8 627 208 12 32 -1 -1 -1 -1 
199 17 465 185 38 37 -1 -1 -1 -1 
200 17 470 185 36 32 -1 -1 -1 -1 
201 17 470 185 36 32 -1 -1 -1 -1 
202 17 475 182 33 29 -1 -1 -1 -1 
203 17 475 182 33 29 -1 -1 -1 -1 
204 17 479 179 32 29 -1 -1 -1 -1 
205 17 483 176 30 27 -1 -1 -1 -1 
206 17 483 176 30 27 -1 -1 -1 -1 
207 17 486 174 29 27 -1 -1 -1 -1 
208 17 486 174 29 27 -1 -1 -1 -1 
209 17 490 173 26 24 -1 -1 -1 -1 
210 17 494 170 25 24 -1 -1 -1 -1 
211 17 494 170 25 24 -1 -1 -1 -1 
212 17 498 169 22 22 -1 -1 -1 -1 
213 17 499 168 22 22 -1 -1 -1 -1 
214 17 499 166 24 21 -1 -1 -1 -1 
215 17 499 166 24 21 -1 -1 -1 -1 
216 17 503 164 22 21 -1 -1 -1 -1 
217 17 503 164 22 21 -1 -1 -1 -1 
218 17 506 163 20 18 -1 -1 -1 -1 
219 17 508 161 19 20 -1 -1 -1 -1 
220 17 510 160 19 18 -1 -1 -1 -1 
221 17 510 160 19 18 -1 -1 -1 -1 
222 17 511 159 19 18 -1 -1 -1 -1 
223 17 511 159 19 18 -1 -1 -1 -1 
224 17 512 158 19 17 -1 -1 -1 -1 
225 17 513 157 19 17 -1 -1 -1 -1 
226 17 513 157 19 17 -1 -1 -1 -1 
227 17 515 157 18 16 -1 -1 -1 -1 
228 17 515 157 18 16 -1 -1 -1 -1 
229 17 517 156 17 14 -1 -1 -1 -1 
230 17 518 154 16 16 -1 -1 -1 -1 
231 17 518 154 16 16 -1 -1 -1 -1 
232 17 519 153 17 15 -1 -1 -1 -1 
233 17 520 151 16 16 -1 -1 -1 -1 
234 17 520 151 16 16 -1 -1 -1 -1 
235 17 521 150 16 16 -1 -1 -1 -1 
236 17 523 150 16 15 -1 -1 -1 -1 
237 17 523 150 16 15 -1 -1 -1 -1 
238 17 523 149 16 15 -1 -1 -1 -1 
239 17 523 149 16 15 -1 -1 -1 -1 
268 17 523 149 16 15 -1 -1 -1 -1 
269 17 596 168 13 12 -1 -1 -1 -1 
270 17 596 168 13 12 -1 -1 -1 -1 
271 17 597 168 13 13 -1 -1 -1 -1 
272 17 597 169 13 13 -1 -1 -1 -1 
273 17 597 169 13 13 -1 -1 -1 -1 
274 17 597 168 14 16 -1 -1 -1 -1 
275 17 597 169 15 16 -1 -1 -1 -1 
276 17 597 169 15 16 -1 -1 -1 -1 
277 17 597 170 15 15 -1 -1 -1 -1 
278 17 599 172 15 15 -1 -1 -1 -1 
279 17 599 172 15 15 -1 -1 -1 -1 
280 17 599 173 16 15 -1 -1 -1 -1 
281 17 600 175 16 15 -1 -1 -1 -1 
282 17 601 176 16 16 -1 -1 -1 -1 
283 17 601 176 16 16 -1 -1 -1 -1 
284 17 602 178 16 16 -1 -1 -1 -1 
285 17 602 178 16 16 -1 -1 -1 -1 
286 17 603 178 17 17 -1 -1 -1 -1 
287 17 604 178 17 19 -1 -1 -1 -1 
288 17 604 179 18 20 -1 -1 -1 -1 
289 17 604 179 18 20 -1 -1 -1 -1 
290 17 605 178 19 24 -1 -1 -1 -1 
291 17 605 178 19 24 -1 -1 -1 -1 
292 17 607 182 18 21 -1 -1 -1 -1 
293 17 607 185 20 19 -1 -1 -1 -1 
294 17 607 185 20 19 -1 -1 -1 -1 
295 17 608 187 20 20 -1 -1 -1 -1 
296 17 608 187 20 20 -1 -1 -1 -1 
297 17 610 188 20 22 -1 -1 -1 -1 
297 24 133 358 183 121 -1 -1 -1 -1 
298 17 611 190 22 23 -1 -1 -1 -1 
298 24 197 324 156 117 -1 -1 -1 -1 
299 17 611 190 22 23 -1 -1 -1 -1 
299 24 197 324 156 117 -1 -1 -1 -1 
300 17 612 191 23 26 -1 -1 -1 -1 
300 24 252 299 129 99 -1 -1 -1 -1 
301 17 612 191 23 26 -1 -1 -1 -1 
301 24 252 299 129 99 -1 -1 -1 -1 
302 17 614 192 23 27 -1 -1 -1 -1 
302 24 293 278 110 84 -1 -1 -1 -1 
303 17 616 194 23 30 -1 -1 -1 -1 
303 24 324 258 97 77 -1 -1 -1 -1 
304 17 616 194 23 30 -1 -1 -1 -1 
304 24 324 258 97 77 -1 -1 -1 -1 
305 17 617 197 22 30 -1 -1 -1 -1 
305 24 353 246 84 66 -1 -1 -1 -1 
306 17 619 199 20 31 -1 -1 -1 -1 
306 24 375 233 73 61 -1 -1 -1 -1 
307 17 620 200 19 32 -1 -1 -1 -1 
307 24 391 225 69 52 -1 -1 -1 -1 
308 17 620 200 19 32 -1 -1 -1 -1 
308 24 391 225 69 52 -1 -1 -1 -1 
309 17 620 200 19 32 -1 -1 -1 -1 
310 24 420 210 55 44 -1 -1 -1 -1 
311 24 420 210 55 44 -1 -1 -1 -1 
312 24 431 204 52 42 -1 -1 -1 -1 
313 24 438 198 49 40 -1 -1 -1 -1 
314 24 438 198 49 40 -1 -1 -1 -1 
315 24 450 195 42 35 -1 -1 -1 -1 
316 24 450 195 42 35 -1 -1 -1 -1 
317 24 457 190 40 34 -1 -1 -1 -1 
318 24 462 187 37 32 -1 -1 -1 -1 
319 24 462 187 37 32 -1 -1 -1 -1 
320 24 468 185 33 28 -1 -1 -1 -1 
321 24 473 181 32 27 -1 -1 -1 -1 
322 24 473 181 32 27 -1 -1 -1 -1 
323 24 477 179 30 24 -1 -1 -1 -1 
324 24 477 179 30 24 -1 -1 -1 -1 
325 24 482 176 28 24 -1 -1 -1 -1 
326 24 486 173 26 24 -1 -1 -1 -1 
327 24 486 173 26 24 -1 -1 -1 -1 
328 24 488 172 27 22 -1 -1 -1 -1 
329 24 488 172 27 22 -1 -1 -1 -1 
330 24 492 170 24 21 -1 -1 -1 -1 
331 24 495 168 23 21 -1 -1 -1 -1 
332 24 495 168 23 21 -1 -1 -1 -1 
333 24 498 167 21 20 -1 -1 -1 -1 
334 24 498 167 21 20 -1 -1 -1 -1 
335 24 499 166 22 17 -1 -1 -1 -1 
336 24 501 164 21 18 -1 -1 -1 -1 
337 24 501 164 21 18 -1 -1 -1 -1 
338 24 504 162 20 17 -1 -1 -1 -1 
339 24 507 161 18 16 -1 -1 -1 -1 
340 24 508 160 18 16 -1 -1 -1 -1 
341 24 508 160 18 16 -1 -1 -1 -1 
342 24 510 157 17 17 -1 -1 -1 -1 
343 24 512 157 17 16 -1 -1 -1 -1 
344 24 512 157 17 16 -1 -1 -1 -1 
345 24 514 156 17 15 -1 -1 -1 -1 
346 24 515 155 17 15 -1 -1 -1 -1 
347 24 515 155 17 15 -1 -1 -1 -1 
348 24 517 154 15 14 -1 -1 -1 -1 
349 24 518 152 15 15 -1 -1 -1 -1 
350 24 518 152 15 15 -1 -1 -1 -1 
351 24 519 152 15 14 -1 -1 -1 -1 
437 24 519 152 15 14 -1 -1 -1 -1 
441 26 0 310 177 120 -1 -1 -1 -1 
