3 2 1959 1386 258 366 -1 -1 -1 -1 
4 2 1959 1386 258 366 -1 -1 -1 -1 
5 2 1958 1387 259 364 -1 -1 -1 -1 
6 2 1960 1386 254 364 -1 -1 -1 -1 
7 2 1960 1387 257 365 -1 -1 -1 -1 
8 2 1960 1387 257 365 -1 -1 -1 -1 
9 2 1958 1387 257 364 -1 -1 -1 -1 
11 2 1961 1387 256 366 -1 -1 -1 -1 
12 2 1961 1388 253 363 -1 -1 -1 -1 
13 2 1961 1387 253 361 -1 -1 -1 -1 
14 2 1961 1386 254 364 -1 -1 -1 -1 
15 2 1962 1386 250 363 -1 -1 -1 -1 
16 2 1962 1387 252 362 -1 -1 -1 -1 
17 2 1961 1386 254 364 -1 -1 -1 -1 
18 2 1961 1386 253 364 -1 -1 -1 -1 
19 2 1962 1386 253 364 -1 -1 -1 -1 
20 2 1962 1386 254 365 -1 -1 -1 -1 
21 2 1961 1387 253 363 -1 -1 -1 -1 
22 2 1961 1387 252 363 -1 -1 -1 -1 
23 2 1962 1387 254 364 -1 -1 -1 -1 
24 2 1962 1387 251 363 -1 -1 -1 -1 
25 2 1962 1387 251 363 -1 -1 -1 -1 
26 2 1960 1386 254 364 -1 -1 -1 -1 
27 2 1961 1386 252 365 -1 -1 -1 -1 
28 2 1962 1387 251 364 -1 -1 -1 -1 
29 2 1961 1387 254 365 -1 -1 -1 -1 
30 2 1960 1387 253 364 -1 -1 -1 -1 
31 2 1960 1386 256 365 -1 -1 -1 -1 
32 2 1959 1387 256 367 -1 -1 -1 -1 
33 2 1958 1384 260 371 -1 -1 -1 -1 
36 2 1960 1389 255 370 -1 -1 -1 -1 
37 2 1964 1390 255 377 -1 -1 -1 -1 
37 3 1697 764 62 49 -1 -1 -1 -1 
38 2 1961 1391 266 384 -1 -1 -1 -1 
38 3 1697 765 63 53 -1 -1 -1 -1 
39 2 1968 1400 261 389 -1 -1 -1 -1 
39 3 1698 767 60 52 -1 -1 -1 -1 
40 2 1967 1411 256 391 -1 -1 -1 -1 
40 3 1690 768 70 59 -1 -1 -1 -1 
41 2 1968 1419 259 400 -1 -1 -1 -1 
41 3 1690 767 70 73 -1 -1 -1 -1 
42 2 1973 1436 265 399 -1 -1 -1 -1 
43 2 1980 1438 249 405 -1 -1 -1 -1 
44 2 1981 1460 244 412 -1 -1 -1 -1 
45 2 1981 1471 247 422 -1 -1 -1 -1 
46 2 1981 1471 247 422 -1 -1 -1 -1 
47 2 1962 1494 269 416 -1 -1 -1 -1 
49 2 1962 1494 269 416 -1 -1 -1 -1 
50 3 1698 797 74 63 -1 -1 -1 -1 
52 3 1698 797 74 63 -1 -1 -1 -1 
54 7 1721 823 78 88 -1 -1 -1 -1 
55 7 1722 833 77 85 -1 -1 -1 -1 
56 7 1722 835 80 91 -1 -1 -1 -1 
57 7 1722 837 87 100 -1 -1 -1 -1 
58 7 1724 845 81 93 -1 -1 -1 -1 
59 7 1724 847 85 94 -1 -1 -1 -1 
60 7 1723 856 87 97 -1 -1 -1 -1 
61 7 1723 860 91 94 -1 -1 -1 -1 
62 7 1724 862 92 100 -1 -1 -1 -1 
62 10 1360 794 120 116 -1 -1 -1 -1 
63 7 1725 871 91 97 -1 -1 -1 -1 
63 10 1331 798 140 136 -1 -1 -1 -1 
64 7 1723 871 90 99 -1 -1 -1 -1 
64 10 1307 814 150 134 -1 -1 -1 -1 
65 7 1723 871 90 99 -1 -1 -1 -1 
65 10 1307 814 150 134 -1 -1 -1 -1 
66 7 1724 873 94 99 -1 -1 -1 -1 
67 7 1724 871 94 109 -1 -1 -1 -1 
67 10 1281 825 162 158 -1 -1 -1 -1 
68 7 1718 879 102 104 -1 -1 -1 -1 
69 7 1718 882 100 104 -1 -1 -1 -1 
69 10 1183 871 216 197 -1 -1 -1 -1 
70 7 1717 892 99 108 -1 -1 -1 -1 
70 10 1069 909 291 255 -1 -1 -1 -1 
71 7 1715 894 104 111 -1 -1 -1 -1 
71 10 948 965 360 320 -1 -1 -1 -1 
72 7 1706 935 110 122 -1 -1 -1 -1 
72 10 948 965 360 320 -1 -1 -1 -1 
73 7 1703 951 110 118 -1 -1 -1 -1 
74 7 1701 951 116 137 -1 -1 -1 -1 
74 11 1708 790 63 55 -1 -1 -1 -1 
75 7 1700 958 113 137 -1 -1 -1 -1 
75 11 1707 787 69 63 -1 -1 -1 -1 
76 7 1696 967 118 142 -1 -1 -1 -1 
77 7 1700 978 116 149 -1 -1 -1 -1 
77 11 1711 788 73 71 -1 -1 -1 -1 
78 7 1698 982 121 154 -1 -1 -1 -1 
78 11 1709 798 80 69 -1 -1 -1 -1 
79 7 1704 994 121 162 -1 -1 -1 -1 
80 7 1699 1005 129 170 -1 -1 -1 -1 
80 11 1708 804 84 69 -1 -1 -1 -1 
81 7 1698 1021 137 169 -1 -1 -1 -1 
81 11 1714 810 79 68 -1 -1 -1 -1 
82 7 1699 1029 143 185 -1 -1 -1 -1 
82 11 1722 818 71 73 -1 -1 -1 -1 
83 7 1699 1029 143 185 -1 -1 -1 -1 
83 11 1721 819 74 75 -1 -1 -1 -1 
84 7 1703 1051 148 215 -1 -1 -1 -1 
84 11 1719 826 78 69 -1 -1 -1 -1 
85 7 1704 1073 159 225 -1 -1 -1 -1 
85 11 1723 824 80 74 -1 -1 -1 -1 
86 7 1704 1073 159 225 -1 -1 -1 -1 
86 11 1723 828 78 81 -1 -1 -1 -1 
87 7 1713 1127 182 245 -1 -1 -1 -1 
87 11 1721 829 84 84 -1 -1 -1 -1 
88 7 1718 1142 190 269 -1 -1 -1 -1 
88 11 1720 831 90 87 -1 -1 -1 -1 
89 7 1728 1170 191 275 -1 -1 -1 -1 
89 11 1728 853 83 73 -1 -1 -1 -1 
90 7 1724 1214 206 302 -1 -1 -1 -1 
90 11 1735 852 80 83 -1 -1 -1 -1 
91 7 1730 1238 216 331 -1 -1 -1 -1 
92 7 1736 1276 229 360 -1 -1 -1 -1 
93 7 1736 1276 229 360 -1 -1 -1 -1 
94 11 1759 933 97 112 -1 -1 -1 -1 
95 11 1760 941 104 113 -1 -1 -1 -1 
96 11 1762 960 113 108 -1 -1 -1 -1 
97 11 1762 974 115 109 -1 -1 -1 -1 
98 11 1773 986 112 113 -1 -1 -1 -1 
99 11 1769 989 117 124 -1 -1 -1 -1 
100 11 1774 1007 117 119 -1 -1 -1 -1 
101 11 1781 1021 120 136 -1 -1 -1 -1 
102 11 1783 1035 122 139 -1 -1 -1 -1 
103 11 1788 1050 135 150 -1 -1 -1 -1 
104 11 1787 1061 140 150 -1 -1 -1 -1 
105 11 1795 1073 144 165 -1 -1 -1 -1 
106 11 1795 1073 144 165 -1 -1 -1 -1 
108 22 823 866 126 100 -1 -1 -1 -1 
109 22 745 906 143 107 -1 -1 -1 -1 
110 22 745 906 143 107 -1 -1 -1 -1 
111 22 735 858 150 98 -1 -1 -1 -1 
112 22 735 858 150 98 -1 -1 -1 -1 
112 28 1813 1067 38 130 -1 -1 -1 -1 
113 22 677 877 153 107 -1 -1 -1 -1 
113 28 1813 1067 38 130 -1 -1 -1 -1 
113 30 1137 758 80 72 -1 -1 -1 -1 
114 22 642 889 158 106 -1 -1 -1 -1 
114 30 1137 758 80 72 -1 -1 -1 -1 
115 22 584 921 163 103 -1 -1 -1 -1 
115 30 1106 766 91 75 -1 -1 -1 -1 
115 31 354 1065 211 143 -1 -1 -1 -1 
