3 1 1081 807 115 73 -1 -1 -1 -1 
3 2 1207 808 207 202 -1 -1 -1 -1 
4 1 1063 818 108 66 -1 -1 -1 -1 
4 2 1122 825 257 263 -1 -1 -1 -1 
5 1 1033 828 112 74 -1 -1 -1 -1 
5 2 1023 842 304 331 -1 -1 -1 -1 
6 1 996 846 118 82 -1 -1 -1 -1 
6 2 876 875 394 405 -1 -1 -1 -1 
7 1 952 858 127 83 -1 -1 -1 -1 
7 2 580 942 586 584 -1 -1 -1 -1 
7 11 1136 760 93 66 -1 -1 -1 -1 
8 1 903 871 148 97 -1 -1 -1 -1 
8 2 580 942 586 584 -1 -1 -1 -1 
8 11 1096 762 105 85 -1 -1 -1 -1 
9 1 861 890 154 94 -1 -1 -1 -1 
9 11 1067 775 102 84 -1 -1 -1 -1 
10 1 861 890 154 94 -1 -1 -1 -1 
10 11 1023 791 103 83 -1 -1 -1 -1 
13 11 1023 791 103 83 -1 -1 -1 -1 
95 30 677 877 145 103 -1 -1 -1 -1 
96 30 623 893 156 101 -1 -1 -1 -1 
97 30 573 921 168 100 -1 -1 -1 -1 
98 30 486 942 180 122 -1 -1 -1 -1 
102 30 486 942 180 122 -1 -1 -1 -1 
104 31 2 1117 249 205 -1 -1 -1 -1 
105 31 0 1151 155 198 -1 -1 -1 -1 
114 31 0 1151 155 198 -1 -1 -1 -1 
134 33 1010 800 108 87 -1 -1 -1 -1 
135 33 968 813 124 92 -1 -1 -1 -1 
136 33 939 832 121 91 -1 -1 -1 -1 
138 33 855 860 144 105 -1 -1 -1 -1 
145 33 855 860 144 105 -1 -1 -1 -1 
172 40 1471 763 80 59 -1 -1 -1 -1 
173 40 1454 768 89 64 -1 -1 -1 -1 
174 40 1444 776 87 75 -1 -1 -1 -1 
175 40 1439 780 85 78 -1 -1 -1 -1 
176 40 1418 785 98 86 -1 -1 -1 -1 
177 40 1398 798 110 92 -1 -1 -1 -1 
178 40 1373 822 118 88 -1 -1 -1 -1 
179 40 1348 826 127 105 -1 -1 -1 -1 
180 40 1306 850 146 125 -1 -1 -1 -1 
181 30 807 834 134 93 -1 -1 -1 -1 
181 40 1276 862 166 137 -1 -1 -1 -1 
182 30 807 834 134 93 -1 -1 -1 -1 
182 40 1194 899 204 175 -1 -1 -1 -1 
183 40 1124 937 230 205 -1 -1 -1 -1 
183 41 1468 749 63 50 -1 -1 -1 -1 
184 40 1124 937 230 205 -1 -1 -1 -1 
184 41 1446 758 74 45 -1 -1 -1 -1 
185 41 1443 755 70 64 -1 -1 -1 -1 
186 41 1434 756 74 70 -1 -1 -1 -1 
187 41 1417 772 83 64 -1 -1 -1 -1 
188 41 1403 781 86 70 -1 -1 -1 -1 
189 41 1392 787 89 72 -1 -1 -1 -1 
189 52 237 1021 237 190 -1 -1 -1 -1 
190 41 1363 800 99 82 -1 -1 -1 -1 
190 52 99 1070 260 214 -1 -1 -1 -1 
191 41 1344 811 100 84 -1 -1 -1 -1 
191 52 1 1109 264 245 -1 -1 -1 -1 
192 41 1313 824 128 92 -1 -1 -1 -1 
192 52 0 1156 160 232 -1 -1 -1 -1 
193 41 1274 837 130 111 -1 -1 -1 -1 
193 52 0 1156 160 232 -1 -1 -1 -1 
194 41 1242 861 147 114 -1 -1 -1 -1 
195 41 1178 878 189 139 -1 -1 -1 -1 
196 41 1107 915 224 164 -1 -1 -1 -1 
197 41 1039 942 253 192 -1 -1 -1 -1 
198 41 947 988 295 236 -1 -1 -1 -1 
199 41 947 988 295 236 -1 -1 -1 -1 
199 59 1202 747 79 65 -1 -1 -1 -1 
200 59 1191 752 76 68 -1 -1 -1 -1 
201 59 1191 752 76 68 -1 -1 -1 -1 
211 67 1377 758 134 183 -1 -1 -1 -1 
212 67 1362 766 132 201 -1 -1 -1 -1 
213 67 1326 786 158 198 -1 -1 -1 -1 
214 67 1302 791 172 225 -1 -1 -1 -1 
215 67 1254 819 189 241 -1 -1 -1 -1 
216 67 1211 826 224 277 -1 -1 -1 -1 
217 67 1137 850 270 328 -1 -1 -1 -1 
218 67 1090 851 306 368 -1 -1 -1 -1 
218 69 1485 779 79 69 -1 -1 -1 -1 
219 67 972 902 380 429 -1 -1 -1 -1 
219 69 1476 790 81 69 -1 -1 -1 -1 
220 67 802 931 488 593 -1 -1 -1 -1 
220 69 1466 795 85 78 -1 -1 -1 -1 
221 67 588 1011 635 745 -1 -1 -1 -1 
221 69 1457 810 95 81 -1 -1 -1 -1 
222 67 289 1088 820 826 -1 -1 -1 -1 
222 69 1452 821 93 81 -1 -1 -1 -1 
223 67 57 1219 868 691 -1 -1 -1 -1 
223 69 1437 830 106 89 -1 -1 -1 -1 
224 67 57 1219 868 691 -1 -1 -1 -1 
224 69 1416 847 118 104 -1 -1 -1 -1 
224 71 1154 756 210 248 -1 -1 -1 -1 
225 69 1409 862 112 102 -1 -1 -1 -1 
225 71 1111 766 222 290 -1 -1 -1 -1 
226 69 1377 884 133 131 -1 -1 -1 -1 
226 71 1018 781 283 336 -1 -1 -1 -1 
227 69 1333 910 164 156 -1 -1 -1 -1 
227 71 920 783 333 398 -1 -1 -1 -1 
228 69 1297 938 191 178 -1 -1 -1 -1 
228 71 806 807 410 469 -1 -1 -1 -1 
229 69 1243 974 222 209 -1 -1 -1 -1 
229 71 657 846 488 527 -1 -1 -1 -1 
230 69 1155 1041 274 269 -1 -1 -1 -1 
230 71 370 886 652 696 -1 -1 -1 -1 
231 69 1059 1108 330 339 -1 -1 -1 -1 
231 71 89 904 813 926 -1 -1 -1 -1 
232 69 1059 1108 330 339 -1 -1 -1 -1 
232 71 10 999 689 900 -1 -1 -1 -1 
233 71 10 999 689 900 -1 -1 -1 -1 
