3 1 1349 812 108 89 -1 -1 -1 -1 
4 1 1305 835 124 103 -1 -1 -1 -1 
5 1 1251 862 143 119 -1 -1 -1 -1 
6 1 1184 878 185 148 -1 -1 -1 -1 
7 1 1120 913 211 166 -1 -1 -1 -1 
8 1 1120 913 211 166 -1 -1 -1 -1 
17 7 1452 772 69 51 -1 -1 -1 -1 
18 7 1430 780 78 68 -1 -1 -1 -1 
19 7 1400 804 84 68 -1 -1 -1 -1 
20 7 1361 825 96 85 -1 -1 -1 -1 
21 7 1309 856 116 102 -1 -1 -1 -1 
22 7 1234 889 156 134 -1 -1 -1 -1 
23 7 1234 889 156 134 -1 -1 -1 -1 
126 21 1680 798 67 54 -1 -1 -1 -1 
127 21 1686 802 64 59 -1 -1 -1 -1 
128 21 1691 807 65 67 -1 -1 -1 -1 
129 21 1686 815 70 67 -1 -1 -1 -1 
130 21 1686 818 71 73 -1 -1 -1 -1 
131 21 1685 832 78 76 -1 -1 -1 -1 
132 21 1689 832 80 96 -1 -1 -1 -1 
133 21 1691 845 83 91 -1 -1 -1 -1 
134 21 1689 854 92 106 -1 -1 -1 -1 
135 21 1694 879 88 97 -1 -1 -1 -1 
136 21 1694 889 99 107 -1 -1 -1 -1 
137 21 1693 904 106 108 -1 -1 -1 -1 
138 21 1698 915 104 119 -1 -1 -1 -1 
139 21 1698 940 116 135 -1 -1 -1 -1 
140 21 1705 959 117 141 -1 -1 -1 -1 
141 21 1704 974 129 161 -1 -1 -1 -1 
142 21 1711 986 127 168 -1 -1 -1 -1 
144 21 1713 1055 159 206 -1 -1 -1 -1 
145 21 1715 1081 166 230 -1 -1 -1 -1 
146 21 1717 1131 181 253 -1 -1 -1 -1 
147 21 1730 1197 188 279 -1 -1 -1 -1 
148 21 1726 1257 221 320 -1 -1 -1 -1 
149 21 1734 1314 235 353 -1 -1 -1 -1 
150 21 1780 1414 226 414 -1 -1 -1 -1 
151 21 1770 1577 283 335 -1 -1 -1 -1 
154 21 1770 1577 283 335 -1 -1 -1 -1 
193 35 1463 752 64 54 -1 -1 -1 -1 
194 35 1447 751 69 61 -1 -1 -1 -1 
195 35 1437 753 67 65 -1 -1 -1 -1 
196 35 1423 750 70 76 -1 -1 -1 -1 
196 37 1497 780 78 66 -1 -1 -1 -1 
197 35 1401 765 79 78 -1 -1 -1 -1 
197 37 1483 786 85 76 -1 -1 -1 -1 
198 35 1383 778 81 82 -1 -1 -1 -1 
198 37 1473 789 98 90 -1 -1 -1 -1 
199 35 1359 779 95 93 -1 -1 -1 -1 
199 37 1465 810 94 83 -1 -1 -1 -1 
200 35 1342 789 96 92 -1 -1 -1 -1 
200 37 1452 825 100 84 -1 -1 -1 -1 
201 35 1297 809 112 104 -1 -1 -1 -1 
201 37 1426 832 113 101 -1 -1 -1 -1 
202 35 1268 815 124 124 -1 -1 -1 -1 
202 37 1418 850 114 104 -1 -1 -1 -1 
202 40 1251 738 60 48 -1 -1 -1 -1 
203 35 1216 835 143 137 -1 -1 -1 -1 
203 37 1396 858 132 125 -1 -1 -1 -1 
203 40 1251 738 60 48 -1 -1 -1 -1 
204 35 1173 853 159 159 -1 -1 -1 -1 
204 37 1373 868 137 138 -1 -1 -1 -1 
204 40 1208 753 69 52 -1 -1 -1 -1 
204 41 1453 766 80 68 -1 -1 -1 -1 
205 35 1095 880 199 187 -1 -1 -1 -1 
205 37 1340 885 158 156 -1 -1 -1 -1 
205 40 1178 758 81 63 -1 -1 -1 -1 
205 41 1444 774 75 70 -1 -1 -1 -1 
206 35 995 912 248 229 -1 -1 -1 -1 
206 37 1291 912 186 194 -1 -1 -1 -1 
206 40 1152 776 75 70 -1 -1 -1 -1 
206 41 1423 780 85 74 -1 -1 -1 -1 
207 35 995 912 248 229 -1 -1 -1 -1 
207 37 1240 945 216 218 -1 -1 -1 -1 
207 40 1121 783 92 71 -1 -1 -1 -1 
207 41 1397 798 92 73 -1 -1 -1 -1 
208 37 1206 960 230 254 -1 -1 -1 -1 
208 40 1101 787 91 74 -1 -1 -1 -1 
208 41 1388 801 96 84 -1 -1 -1 -1 
209 37 1125 1009 288 304 -1 -1 -1 -1 
209 40 1045 793 119 94 -1 -1 -1 -1 
209 41 1348 808 110 106 -1 -1 -1 -1 
210 37 1125 1009 288 304 -1 -1 -1 -1 
210 40 1045 793 119 94 -1 -1 -1 -1 
210 41 1286 841 135 120 -1 -1 -1 -1 
211 41 1238 855 161 139 -1 -1 -1 -1 
212 41 1161 874 195 173 -1 -1 -1 -1 
213 41 1053 916 245 206 -1 -1 -1 -1 
213 52 401 1606 622 303 -1 -1 -1 -1 
214 41 1053 916 245 206 -1 -1 -1 -1 
249 62 2030 1790 90 124 -1 -1 -1 -1 
250 62 2035 1800 88 119 -1 -1 -1 -1 
258 62 2035 1800 88 119 -1 -1 -1 -1 
281 64 1452 764 77 62 -1 -1 -1 -1 
282 64 1448 770 71 61 -1 -1 -1 -1 
283 64 1437 773 77 72 -1 -1 -1 -1 
284 64 1423 785 80 71 -1 -1 -1 -1 
285 64 1401 798 93 70 -1 -1 -1 -1 
286 64 1389 806 95 81 -1 -1 -1 -1 
287 64 1366 810 109 98 -1 -1 -1 -1 
288 64 1338 829 115 103 -1 -1 -1 -1 
289 64 1311 846 122 117 -1 -1 -1 -1 
290 64 1271 862 148 140 -1 -1 -1 -1 
291 64 1219 890 179 155 -1 -1 -1 -1 
292 64 1158 910 208 188 -1 -1 -1 -1 
293 64 1158 910 208 188 -1 -1 -1 -1 
300 70 1690 836 73 84 -1 -1 -1 -1 
301 70 1693 844 70 76 -1 -1 -1 -1 
302 70 1693 849 72 91 -1 -1 -1 -1 
304 70 1695 863 75 84 -1 -1 -1 -1 
305 70 1695 873 76 91 -1 -1 -1 -1 
306 70 1701 879 72 92 -1 -1 -1 -1 
307 70 1700 887 76 81 -1 -1 -1 -1 
308 70 1696 895 87 99 -1 -1 -1 -1 
309 70 1696 903 92 104 -1 -1 -1 -1 
310 70 1696 916 91 111 -1 -1 -1 -1 
311 70 1695 926 95 101 -1 -1 -1 -1 
313 70 1689 951 113 136 -1 -1 -1 -1 
314 70 1695 958 114 142 -1 -1 -1 -1 
315 70 1701 966 115 141 -1 -1 -1 -1 
316 70 1695 987 126 155 -1 -1 -1 -1 
317 70 1697 997 134 173 -1 -1 -1 -1 
318 70 1695 1017 146 177 -1 -1 -1 -1 
319 70 1704 1029 143 181 -1 -1 -1 -1 
320 70 1706 1041 149 192 -1 -1 -1 -1 
321 70 1703 1059 156 218 -1 -1 -1 -1 
322 70 1712 1087 155 205 -1 -1 -1 -1 
323 70 1704 1107 175 247 -1 -1 -1 -1 
324 70 1718 1135 173 249 -1 -1 -1 -1 
325 70 1725 1153 176 255 -1 -1 -1 -1 
326 70 1726 1175 188 279 -1 -1 -1 -1 
327 70 1739 1214 186 285 -1 -1 -1 -1 
328 70 1717 1243 226 325 -1 -1 -1 -1 
329 70 1722 1272 231 362 -1 -1 -1 -1 
330 70 1722 1322 250 373 -1 -1 -1 -1 
331 70 1719 1368 277 416 -1 -1 -1 -1 
332 70 1764 1425 253 410 -1 -1 -1 -1 
333 70 1776 1484 265 420 -1 -1 -1 -1 
333 80 685 870 142 107 -1 -1 -1 -1 
334 70 1776 1484 265 420 -1 -1 -1 -1 
334 80 555 924 168 121 -1 -1 -1 -1 
335 80 417 972 195 126 -1 -1 -1 -1 
336 80 417 972 195 126 -1 -1 -1 -1 
336 83 1175 739 106 71 -1 -1 -1 -1 
337 83 1175 739 106 71 -1 -1 -1 -1 
344 99 1742 1185 231 437 -1 -1 -1 -1 
345 99 1748 1264 270 495 -1 -1 -1 -1 
346 99 1757 1355 300 551 -1 -1 -1 -1 
347 99 1787 1498 350 390 -1 -1 -1 -1 
348 99 1787 1498 350 390 -1 -1 -1 -1 
379 115 1145 808 232 213 -1 -1 -1 -1 
380 115 997 862 308 258 -1 -1 -1 -1 
381 115 997 862 308 258 -1 -1 -1 -1 
397 129 1396 781 91 75 -1 -1 -1 -1 
398 129 1354 797 103 89 -1 -1 -1 -1 
399 129 1354 797 103 89 -1 -1 -1 -1 
429 158 1680 823 79 80 -1 -1 -1 -1 
430 158 1677 831 90 89 -1 -1 -1 -1 
431 158 1675 843 94 94 -1 -1 -1 -1 
432 158 1679 850 97 107 -1 -1 -1 -1 
434 158 1689 888 99 115 -1 -1 -1 -1 
435 158 1687 909 105 120 -1 -1 -1 -1 
436 158 1690 927 120 144 -1 -1 -1 -1 
437 158 1697 948 127 162 -1 -1 -1 -1 
438 158 1691 983 142 171 -1 -1 -1 -1 
439 158 1692 1014 155 184 -1 -1 -1 -1 
440 158 1699 1052 169 221 -1 -1 -1 -1 
441 158 1700 1112 186 254 -1 -1 -1 -1 
442 158 1715 1153 201 287 -1 -1 -1 -1 
443 158 1718 1236 230 352 -1 -1 -1 -1 
444 158 1710 1342 284 436 -1 -1 -1 -1 
445 158 1730 1468 303 447 -1 -1 -1 -1 
451 158 1730 1468 303 447 -1 -1 -1 -1 
453 164 1723 988 46 98 -1 -1 -1 -1 
454 164 1720 1023 56 115 -1 -1 -1 -1 
455 164 1720 1023 56 115 -1 -1 -1 -1 
459 167 1690 912 104 105 -1 -1 -1 -1 
460 167 1688 932 113 113 -1 -1 -1 -1 
462 167 1694 956 122 138 -1 -1 -1 -1 
465 167 1703 1035 147 162 -1 -1 -1 -1 
466 167 1707 1073 159 169 -1 -1 -1 -1 
468 167 1711 1141 188 208 -1 -1 -1 -1 
469 167 1740 1193 180 220 -1 -1 -1 -1 
470 167 1748 1242 206 248 -1 -1 -1 -1 
471 167 1741 1303 237 285 -1 -1 -1 -1 
474 167 1741 1303 237 285 -1 -1 -1 -1 
476 170 1326 723 66 41 -1 -1 -1 -1 
477 170 1315 729 59 42 -1 -1 -1 -1 
478 170 1284 738 72 60 -1 -1 -1 -1 
478 171 1691 817 71 70 -1 -1 -1 -1 
479 170 1270 748 71 53 -1 -1 -1 -1 
479 171 1691 835 76 67 -1 -1 -1 -1 
480 170 1244 759 83 52 -1 -1 -1 -1 
480 171 1695 850 83 79 -1 -1 -1 -1 
481 170 1244 759 83 52 -1 -1 -1 -1 
482 171 1694 888 97 95 -1 -1 -1 -1 
483 171 1700 913 106 110 -1 -1 -1 -1 
484 171 1705 950 110 112 -1 -1 -1 -1 
485 171 1712 986 120 129 -1 -1 -1 -1 
486 171 1718 1035 132 143 -1 -1 -1 -1 
487 171 1723 1076 152 175 -1 -1 -1 -1 
488 171 1730 1129 168 193 -1 -1 -1 -1 
491 171 1730 1129 168 193 -1 -1 -1 -1 
519 197 1411 780 87 72 -1 -1 -1 -1 
520 197 1368 799 107 84 -1 -1 -1 -1 
521 197 1320 828 123 103 -1 -1 -1 -1 
522 197 1250 863 156 127 -1 -1 -1 -1 
523 197 1250 863 156 127 -1 -1 -1 -1 
534 203 1680 805 64 49 -1 -1 -1 -1 
535 203 1679 813 68 53 -1 -1 -1 -1 
536 203 1681 820 74 61 -1 -1 -1 -1 
537 203 1684 833 73 61 -1 -1 -1 -1 
538 203 1681 839 78 71 -1 -1 -1 -1 
539 203 1683 850 84 80 -1 -1 -1 -1 
540 203 1686 863 88 89 -1 -1 -1 -1 
541 203 1694 874 84 91 -1 -1 -1 -1 
542 203 1695 887 85 99 -1 -1 -1 -1 
543 203 1690 910 97 103 -1 -1 -1 -1 
544 203 1691 929 108 117 -1 -1 -1 -1 
545 203 1694 948 106 120 -1 -1 -1 -1 
546 203 1700 976 111 122 -1 -1 -1 -1 
547 203 1700 993 109 130 -1 -1 -1 -1 
548 203 1698 1003 120 145 -1 -1 -1 -1 
549 203 1698 1036 136 164 -1 -1 -1 -1 
550 203 1701 1066 146 171 -1 -1 -1 -1 
551 203 1706 1087 155 193 -1 -1 -1 -1 
552 203 1715 1117 162 202 -1 -1 -1 -1 
553 203 1721 1149 167 208 -1 -1 -1 -1 
554 203 1731 1198 178 236 -1 -1 -1 -1 
555 203 1732 1230 192 256 -1 -1 -1 -1 
556 203 1737 1272 200 277 -1 -1 -1 -1 
557 203 1733 1301 223 291 -1 -1 -1 -1 
558 203 1732 1359 244 325 -1 -1 -1 -1 
559 203 1741 1418 263 350 -1 -1 -1 -1 
560 203 1750 1464 282 374 -1 -1 -1 -1 
561 203 1765 1519 302 393 -1 -1 -1 -1 
562 203 1783 1566 314 352 -1 -1 -1 -1 
563 203 1810 1649 335 270 -1 -1 -1 -1 
564 203 1824 1674 342 245 -1 -1 -1 -1 
564 210 995 815 104 84 -1 -1 -1 -1 
565 203 1824 1674 342 245 -1 -1 -1 -1 
565 210 962 832 109 90 -1 -1 -1 -1 
566 210 962 832 109 90 -1 -1 -1 -1 
573 215 778 861 133 82 -1 -1 -1 -1 
574 215 778 861 133 82 -1 -1 -1 -1 
574 217 1472 741 67 62 -1 -1 -1 -1 
575 217 1469 744 69 62 -1 -1 -1 -1 
576 215 641 902 154 103 -1 -1 -1 -1 
576 217 1463 754 69 58 -1 -1 -1 -1 
577 215 543 937 163 117 -1 -1 -1 -1 
577 217 1448 760 76 65 -1 -1 -1 -1 
578 215 543 937 163 117 -1 -1 -1 -1 
579 217 1425 766 81 83 -1 -1 -1 -1 
580 215 254 1043 212 156 -1 -1 -1 -1 
580 217 1415 779 84 86 -1 -1 -1 -1 
581 215 116 1088 250 183 -1 -1 -1 -1 
581 217 1396 797 87 83 -1 -1 -1 -1 
582 215 0 1154 222 200 -1 -1 -1 -1 
582 217 1368 798 103 109 -1 -1 -1 -1 
583 215 0 1154 222 200 -1 -1 -1 -1 
583 217 1342 824 110 106 -1 -1 -1 -1 
584 217 1312 831 128 124 -1 -1 -1 -1 
585 217 1250 851 158 158 -1 -1 -1 -1 
586 217 1250 851 158 158 -1 -1 -1 -1 
589 223 915 969 329 340 -1 -1 -1 -1 
590 223 915 969 329 340 -1 -1 -1 -1 
594 231 500 929 176 124 -1 -1 -1 -1 
597 231 500 929 176 124 -1 -1 -1 -1 
651 238 1493 755 69 53 -1 -1 -1 -1 
652 238 1493 755 69 53 -1 -1 -1 -1 
655 244 1441 779 85 88 -1 -1 -1 -1 
658 244 1441 779 85 88 -1 -1 -1 -1 
660 245 1287 873 161 140 -1 -1 -1 -1 
662 245 1287 873 161 140 -1 -1 -1 -1 
666 248 488 1254 481 467 -1 -1 -1 -1 
706 248 488 1254 481 467 -1 -1 -1 -1 
726 252 1449 756 81 52 -1 -1 -1 -1 
727 252 1445 756 74 66 -1 -1 -1 -1 
728 252 1440 767 69 58 -1 -1 -1 -1 
729 252 1419 770 80 74 -1 -1 -1 -1 
730 252 1405 779 89 75 -1 -1 -1 -1 
731 252 1387 788 97 80 -1 -1 -1 -1 
732 252 1365 797 97 88 -1 -1 -1 -1 
733 252 1329 814 117 98 -1 -1 -1 -1 
734 252 1309 820 130 104 -1 -1 -1 -1 
735 252 1270 842 133 118 -1 -1 -1 -1 
735 260 1485 752 60 43 -1 -1 -1 -1 
736 252 1214 866 169 131 -1 -1 -1 -1 
736 260 1476 757 62 43 -1 -1 -1 -1 
737 252 1153 878 196 163 -1 -1 -1 -1 
737 260 1459 759 75 50 -1 -1 -1 -1 
738 252 1137 885 199 177 -1 -1 -1 -1 
738 260 1451 760 78 58 -1 -1 -1 -1 
739 252 1059 909 241 202 -1 -1 -1 -1 
739 260 1448 762 75 59 -1 -1 -1 -1 
740 252 1059 909 241 202 -1 -1 -1 -1 
740 260 1432 770 74 66 -1 -1 -1 -1 
741 260 1417 775 80 77 -1 -1 -1 -1 
742 260 1398 791 84 76 -1 -1 -1 -1 
743 260 1374 800 94 88 -1 -1 -1 -1 
744 260 1334 825 114 92 -1 -1 -1 -1 
745 260 1299 838 132 103 -1 -1 -1 -1 
746 260 1280 846 138 116 -1 -1 -1 -1 
746 270 1725 973 48 99 -1 -1 -1 -1 
747 260 1247 863 151 121 -1 -1 -1 -1 
747 270 1725 973 48 99 -1 -1 -1 -1 
748 260 1176 880 195 148 -1 -1 -1 -1 
748 270 1730 1025 59 128 -1 -1 -1 -1 
748 271 956 835 114 91 -1 -1 -1 -1 
749 260 1086 924 230 176 -1 -1 -1 -1 
749 270 1730 1025 59 128 -1 -1 -1 -1 
750 260 990 963 272 218 -1 -1 -1 -1 
750 271 852 878 133 93 -1 -1 -1 -1 
751 260 886 1014 316 250 -1 -1 -1 -1 
751 271 813 896 142 99 -1 -1 -1 -1 
752 260 886 1014 316 250 -1 -1 -1 -1 
752 271 755 920 150 103 -1 -1 -1 -1 
753 271 674 950 167 112 -1 -1 -1 -1 
754 271 609 977 177 108 -1 -1 -1 -1 
756 271 609 977 177 108 -1 -1 -1 -1 
793 281 1416 750 86 94 -1 -1 -1 -1 
794 281 1401 753 88 98 -1 -1 -1 -1 
795 281 1386 761 102 106 -1 -1 -1 -1 
796 281 1386 761 102 106 -1 -1 -1 -1 
797 283 573 1018 515 519 -1 -1 -1 -1 
798 283 304 1251 662 527 -1 -1 -1 -1 
799 283 304 1251 662 527 -1 -1 -1 -1 
801 285 1248 738 70 49 -1 -1 -1 -1 
802 285 1248 738 70 49 -1 -1 -1 -1 
803 285 1206 746 88 53 -1 -1 -1 -1 
803 286 1132 819 245 251 -1 -1 -1 -1 
804 285 1179 754 88 69 -1 -1 -1 -1 
804 286 1025 817 306 352 -1 -1 -1 -1 
805 285 1166 767 82 69 -1 -1 -1 -1 
805 286 1025 817 306 352 -1 -1 -1 -1 
806 285 1138 778 90 70 -1 -1 -1 -1 
807 285 1114 783 104 75 -1 -1 -1 -1 
808 285 1075 790 109 88 -1 -1 -1 -1 
808 290 1301 711 70 70 -1 -1 -1 -1 
808 292 18 1054 884 843 -1 -1 -1 -1 
809 285 1036 806 115 79 -1 -1 -1 -1 
809 290 1281 724 75 67 -1 -1 -1 -1 
809 292 0 1300 469 608 -1 -1 -1 -1 
810 285 1036 806 115 79 -1 -1 -1 -1 
811 290 1257 730 90 73 -1 -1 -1 -1 
812 290 1241 733 96 75 -1 -1 -1 -1 
813 290 1227 746 84 73 -1 -1 -1 -1 
814 271 817 884 153 84 -1 -1 -1 -1 
818 271 817 884 153 84 -1 -1 -1 -1 
839 285 1104 767 83 69 -1 -1 -1 -1 
840 285 1068 779 97 76 -1 -1 -1 -1 
841 285 1046 784 97 80 -1 -1 -1 -1 
843 285 983 809 113 89 -1 -1 -1 -1 
845 285 943 829 107 95 -1 -1 -1 -1 
846 285 931 835 113 93 -1 -1 -1 -1 
847 285 877 856 128 95 -1 -1 -1 -1 
848 285 877 856 128 95 -1 -1 -1 -1 
851 285 713 914 165 125 -1 -1 -1 -1 
852 285 713 914 165 125 -1 -1 -1 -1 
889 318 515 965 178 132 -1 -1 -1 -1 
891 318 369 1025 197 145 -1 -1 -1 -1 
892 318 278 1047 226 173 -1 -1 -1 -1 
893 318 158 1102 245 183 -1 -1 -1 -1 
894 318 158 1102 245 183 -1 -1 -1 -1 
894 319 1337 720 166 244 -1 -1 -1 -1 
895 319 1324 751 153 228 -1 -1 -1 -1 
896 319 1256 770 197 271 -1 -1 -1 -1 
897 319 1200 774 238 323 -1 -1 -1 -1 
898 319 1091 747 321 470 -1 -1 -1 -1 
899 319 988 816 415 502 -1 -1 -1 -1 
900 319 783 828 582 707 -1 -1 -1 -1 
901 319 568 810 757 958 -1 -1 -1 -1 
902 319 114 890 1079 1014 -1 -1 -1 -1 
916 319 114 890 1079 1014 -1 -1 -1 -1 
925 329 1253 724 71 56 -1 -1 -1 -1 
928 329 1221 741 81 67 -1 -1 -1 -1 
929 329 1209 743 87 70 -1 -1 -1 -1 
930 329 1190 754 88 59 -1 -1 -1 -1 
931 329 1184 755 87 67 -1 -1 -1 -1 
932 329 1170 759 88 80 -1 -1 -1 -1 
933 329 1151 770 96 74 -1 -1 -1 -1 
934 329 1131 773 104 77 -1 -1 -1 -1 
934 331 1445 767 67 56 -1 -1 -1 -1 
934 333 1266 745 69 56 -1 -1 -1 -1 
935 329 1117 777 107 82 -1 -1 -1 -1 
935 331 1436 770 70 60 -1 -1 -1 -1 
935 333 1250 746 69 57 -1 -1 -1 -1 
936 329 1098 785 106 83 -1 -1 -1 -1 
936 331 1422 785 77 54 -1 -1 -1 -1 
936 333 1243 760 68 50 -1 -1 -1 -1 
937 329 1081 798 107 84 -1 -1 -1 -1 
937 331 1407 796 73 62 -1 -1 -1 -1 
937 333 1230 767 66 54 -1 -1 -1 -1 
937 334 1316 723 59 60 -1 -1 -1 -1 
938 329 1055 804 121 82 -1 -1 -1 -1 
938 331 1381 796 86 82 -1 -1 -1 -1 
938 333 1219 765 71 59 -1 -1 -1 -1 
938 334 1304 726 66 61 -1 -1 -1 -1 
939 329 1037 813 125 83 -1 -1 -1 -1 
939 331 1357 811 96 85 -1 -1 -1 -1 
939 333 1201 773 81 63 -1 -1 -1 -1 
940 329 1013 818 121 74 -1 -1 -1 -1 
940 331 1318 832 117 88 -1 -1 -1 -1 
940 333 1185 787 80 58 -1 -1 -1 -1 
941 329 976 832 139 81 -1 -1 -1 -1 
941 331 1288 844 120 108 -1 -1 -1 -1 
941 333 1181 793 73 53 -1 -1 -1 -1 
942 329 955 849 133 78 -1 -1 -1 -1 
942 331 1236 865 148 122 -1 -1 -1 -1 
942 333 1156 798 76 57 -1 -1 -1 -1 
942 334 1266 748 70 59 -1 -1 -1 -1 
943 329 952 850 131 75 -1 -1 -1 -1 
943 331 1226 870 143 131 -1 -1 -1 -1 
943 333 1155 796 79 58 -1 -1 -1 -1 
943 334 1266 749 69 57 -1 -1 -1 -1 
944 329 952 850 131 75 -1 -1 -1 -1 
944 331 1226 870 143 131 -1 -1 -1 -1 
944 333 1155 796 79 58 -1 -1 -1 -1 
944 334 1266 749 69 57 -1 -1 -1 -1 
945 329 952 850 131 75 -1 -1 -1 -1 
945 331 1226 870 143 131 -1 -1 -1 -1 
945 333 1155 796 79 58 -1 -1 -1 -1 
945 334 1266 749 69 57 -1 -1 -1 -1 
946 329 923 858 145 88 -1 -1 -1 -1 
946 331 1165 905 172 141 -1 -1 -1 -1 
946 333 1144 800 85 61 -1 -1 -1 -1 
946 334 1249 758 73 54 -1 -1 -1 -1 
947 329 877 883 151 84 -1 -1 -1 -1 
947 331 1165 905 172 141 -1 -1 -1 -1 
947 333 1115 810 97 62 -1 -1 -1 -1 
947 334 1232 768 78 63 -1 -1 -1 -1 
948 329 835 896 163 94 -1 -1 -1 -1 
948 333 1097 818 106 57 -1 -1 -1 -1 
948 334 1222 763 75 60 -1 -1 -1 -1 
949 329 790 916 173 90 -1 -1 -1 -1 
949 333 1078 823 102 66 -1 -1 -1 -1 
949 334 1201 772 82 63 -1 -1 -1 -1 
950 329 735 947 180 89 -1 -1 -1 -1 
950 333 1187 777 94 66 -1 -1 -1 -1 
950 334 1201 772 82 63 -1 -1 -1 -1 
951 329 667 971 159 86 -1 -1 -1 -1 
951 333 1011 851 120 66 -1 -1 -1 -1 
953 329 667 971 159 86 -1 -1 -1 -1 
956 342 1327 721 66 48 -1 -1 -1 -1 
957 342 1312 721 65 54 -1 -1 -1 -1 
967 342 1312 721 65 54 -1 -1 -1 -1 
