Total = 13 1 157 62 332 252 -1 -1 -1 -1 
4 1 157 62 333 252 -1 -1 -1 -1 
5 1 156 63 333 249 -1 -1 -1 -1 
6 1 155 63 334 249 -1 -1 -1 -1 
7 1 156 63 333 249 -1 -1 -1 -1 
8 1 154 63 334 250 -1 -1 -1 -1 
9 1 156 64 331 249 -1 -1 -1 -1 
10 1 157 64 331 249 -1 -1 -1 -1 
11 1 157 64 331 249 -1 -1 -1 -1 
11 4 133 113 35 78 -1 -1 -1 -1 
12 1 157 64 332 249 -1 -1 -1 -1 
12 4 133 113 35 78 -1 -1 -1 -1 
13 1 158 64 331 247 -1 -1 -1 -1 
13 4 133 113 36 78 -1 -1 -1 -1 
14 1 158 64 331 247 -1 -1 -1 -1 
14 4 133 113 36 78 -1 -1 -1 -1 
15 1 158 64 331 246 -1 -1 -1 -1 
15 4 134 113 35 78 -1 -1 -1 -1 
16 1 158 63 331 248 -1 -1 -1 -1 
16 4 134 113 35 78 -1 -1 -1 -1 
17 1 158 64 330 248 -1 -1 -1 -1 
17 4 133 113 36 78 -1 -1 -1 -1 
18 1 157 64 331 249 -1 -1 -1 -1 
18 4 132 113 37 78 -1 -1 -1 -1 
19 1 157 64 331 250 -1 -1 -1 -1 
19 4 132 113 37 78 -1 -1 -1 -1 
20 1 157 64 332 250 -1 -1 -1 -1 
20 4 132 113 38 78 -1 -1 -1 -1 
