3 1 526 218 64 53 -1 -1 -1 -1 
3 2 212 151 66 64 -1 -1 -1 -1 
3 4 169 226 107 130 -1 -1 -1 -1 
3 5 593 178 46 26 -1 -1 -1 -1 
3 6 294 158 61 70 -1 -1 -1 -1 
3 8 495 177 56 35 -1 -1 -1 -1 
3 9 45 238 133 142 -1 -1 -1 -1 
3 10 544 145 38 22 -1 -1 -1 -1 
3 11 55 362 170 113 -1 -1 -1 -1 
4 1 526 217 64 54 -1 -1 -1 -1 
4 2 212 151 66 65 -1 -1 -1 -1 
4 4 168 227 107 129 -1 -1 -1 -1 
4 5 593 178 46 26 -1 -1 -1 -1 
4 6 293 159 61 69 -1 -1 -1 -1 
4 8 495 177 56 35 -1 -1 -1 -1 
4 9 45 238 133 142 -1 -1 -1 -1 
4 10 544 145 39 23 -1 -1 -1 -1 
4 11 55 362 170 113 -1 -1 -1 -1 
5 1 526 217 64 53 -1 -1 -1 -1 
5 2 212 151 66 65 -1 -1 -1 -1 
5 4 168 227 107 130 -1 -1 -1 -1 
5 5 593 177 46 27 -1 -1 -1 -1 
5 6 296 164 58 65 -1 -1 -1 -1 
5 8 495 178 56 34 -1 -1 -1 -1 
5 9 40 240 135 148 -1 -1 -1 -1 
5 10 544 145 38 23 -1 -1 -1 -1 
5 11 54 362 172 113 -1 -1 -1 -1 
5 13 308 101 35 24 -1 -1 -1 -1 
6 1 526 218 64 52 -1 -1 -1 -1 
6 2 212 151 65 66 -1 -1 -1 -1 
6 4 168 227 107 131 -1 -1 -1 -1 
6 5 593 178 46 26 -1 -1 -1 -1 
6 6 295 162 59 69 -1 -1 -1 -1 
6 8 495 177 56 35 -1 -1 -1 -1 
6 9 38 240 136 152 -1 -1 -1 -1 
6 10 544 145 38 22 -1 -1 -1 -1 
6 11 55 362 170 113 -1 -1 -1 -1 
6 13 307 101 34 26 -1 -1 -1 -1 
7 1 526 217 64 54 -1 -1 -1 -1 
7 2 210 151 67 66 -1 -1 -1 -1 
7 4 168 227 107 131 -1 -1 -1 -1 
7 5 593 178 46 26 -1 -1 -1 -1 
7 6 295 163 59 69 -1 -1 -1 -1 
7 8 495 177 55 34 -1 -1 -1 -1 
7 9 35 241 137 154 -1 -1 -1 -1 
7 10 544 145 38 22 -1 -1 -1 -1 
7 11 56 362 169 113 -1 -1 -1 -1 
7 13 307 101 34 27 -1 -1 -1 -1 
7 15 0 397 58 82 -1 -1 -1 -1 
7 16 292 130 46 50 -1 -1 -1 -1 
8 1 526 217 65 54 -1 -1 -1 -1 
8 2 210 153 67 65 -1 -1 -1 -1 
8 4 168 227 106 131 -1 -1 -1 -1 
8 5 593 177 46 27 -1 -1 -1 -1 
8 6 293 164 60 71 -1 -1 -1 -1 
8 8 495 177 56 35 -1 -1 -1 -1 
8 9 32 243 137 157 -1 -1 -1 -1 
8 10 544 145 38 22 -1 -1 -1 -1 
8 11 56 362 170 113 -1 -1 -1 -1 
8 13 306 102 34 27 -1 -1 -1 -1 
8 15 0 394 59 85 -1 -1 -1 -1 
8 16 290 130 47 51 -1 -1 -1 -1 
9 1 526 217 65 53 -1 -1 -1 -1 
9 2 209 153 67 65 -1 -1 -1 -1 
9 4 168 227 107 131 -1 -1 -1 -1 
9 5 593 177 46 26 -1 -1 -1 -1 
9 6 293 164 60 73 -1 -1 -1 -1 
9 8 495 177 56 35 -1 -1 -1 -1 
9 9 30 244 138 157 -1 -1 -1 -1 
9 10 544 145 38 22 -1 -1 -1 -1 
9 11 55 362 171 113 -1 -1 -1 -1 
9 13 306 102 34 27 -1 -1 -1 -1 
9 15 1 397 55 82 -1 -1 -1 -1 
9 16 290 130 47 52 -1 -1 -1 -1 
10 1 526 217 65 54 -1 -1 -1 -1 
10 2 209 153 67 65 -1 -1 -1 -1 
10 4 168 227 107 131 -1 -1 -1 -1 
10 5 592 178 47 26 -1 -1 -1 -1 
10 6 293 163 60 76 -1 -1 -1 -1 
10 8 495 177 56 35 -1 -1 -1 -1 
10 9 29 246 137 157 -1 -1 -1 -1 
10 10 544 145 38 22 -1 -1 -1 -1 
10 11 55 362 170 113 -1 -1 -1 -1 
10 13 306 101 34 28 -1 -1 -1 -1 
10 15 0 399 57 80 -1 -1 -1 -1 
10 16 288 132 47 53 -1 -1 -1 -1 
11 1 526 217 65 54 -1 -1 -1 -1 
11 2 209 153 67 65 -1 -1 -1 -1 
11 4 168 227 107 131 -1 -1 -1 -1 
11 5 592 178 47 26 -1 -1 -1 -1 
11 6 291 163 61 77 -1 -1 -1 -1 
11 8 495 177 56 35 -1 -1 -1 -1 
11 9 26 249 137 154 -1 -1 -1 -1 
11 10 544 145 38 22 -1 -1 -1 -1 
11 11 56 362 170 113 -1 -1 -1 -1 
11 13 305 102 34 27 -1 -1 -1 -1 
12 1 526 217 65 54 -1 -1 -1 -1 
12 2 210 155 65 65 -1 -1 -1 -1 
12 4 168 228 107 130 -1 -1 -1 -1 
12 5 592 178 47 26 -1 -1 -1 -1 
12 6 290 163 62 78 -1 -1 -1 -1 
12 8 495 177 56 35 -1 -1 -1 -1 
12 9 23 251 138 153 -1 -1 -1 -1 
12 10 542 145 41 22 -1 -1 -1 -1 
12 11 55 362 171 113 -1 -1 -1 -1 
12 13 305 102 34 27 -1 -1 -1 -1 
12 15 0 398 55 81 -1 -1 -1 -1 
12 16 289 133 46 49 -1 -1 -1 -1 
13 1 526 217 64 54 -1 -1 -1 -1 
13 2 209 156 65 65 -1 -1 -1 -1 
13 4 168 228 108 130 -1 -1 -1 -1 
13 5 592 178 47 26 -1 -1 -1 -1 
13 6 290 163 62 78 -1 -1 -1 -1 
13 8 495 177 55 35 -1 -1 -1 -1 
13 9 23 252 139 155 -1 -1 -1 -1 
13 10 541 145 42 23 -1 -1 -1 -1 
13 11 55 362 171 113 -1 -1 -1 -1 
13 13 305 102 34 27 -1 -1 -1 -1 
13 15 0 398 55 81 -1 -1 -1 -1 
13 16 288 135 46 48 -1 -1 -1 -1 
14 1 526 217 65 54 -1 -1 -1 -1 
14 2 206 155 69 67 -1 -1 -1 -1 
14 4 168 228 108 130 -1 -1 -1 -1 
14 5 592 178 47 26 -1 -1 -1 -1 
14 6 288 164 64 78 -1 -1 -1 -1 
14 8 495 177 56 35 -1 -1 -1 -1 
14 9 22 253 139 155 -1 -1 -1 -1 
14 10 540 145 43 25 -1 -1 -1 -1 
14 11 55 362 171 113 -1 -1 -1 -1 
14 13 305 101 34 29 -1 -1 -1 -1 
14 15 0 398 54 81 -1 -1 -1 -1 
14 16 287 133 44 52 -1 -1 -1 -1 
15 1 526 217 65 54 -1 -1 -1 -1 
15 2 205 156 70 67 -1 -1 -1 -1 
15 4 168 229 108 129 -1 -1 -1 -1 
15 5 592 178 47 26 -1 -1 -1 -1 
15 6 287 163 66 80 -1 -1 -1 -1 
15 8 495 176 56 36 -1 -1 -1 -1 
15 9 21 253 140 156 -1 -1 -1 -1 
15 10 542 145 42 26 -1 -1 -1 -1 
15 11 55 362 171 113 -1 -1 -1 -1 
15 13 305 102 34 28 -1 -1 -1 -1 
15 15 0 398 55 81 -1 -1 -1 -1 
15 16 287 134 43 51 -1 -1 -1 -1 
16 1 526 217 65 54 -1 -1 -1 -1 
16 2 207 156 64 68 -1 -1 -1 -1 
16 4 168 228 108 130 -1 -1 -1 -1 
16 5 592 178 47 26 -1 -1 -1 -1 
16 6 286 164 66 81 -1 -1 -1 -1 
16 8 496 177 55 35 -1 -1 -1 -1 
16 9 21 253 140 156 -1 -1 -1 -1 
16 10 543 145 40 23 -1 -1 -1 -1 
16 11 59 362 166 115 -1 -1 -1 -1 
16 13 305 102 33 28 -1 -1 -1 -1 
16 15 0 399 55 80 -1 -1 -1 -1 
17 1 526 217 65 54 -1 -1 -1 -1 
17 2 206 156 65 69 -1 -1 -1 -1 
17 4 168 228 108 130 -1 -1 -1 -1 
17 5 592 178 47 26 -1 -1 -1 -1 
17 6 286 164 66 80 -1 -1 -1 -1 
17 8 496 176 55 36 -1 -1 -1 -1 
17 9 21 253 140 156 -1 -1 -1 -1 
17 10 543 145 40 23 -1 -1 -1 -1 
17 11 59 362 166 115 -1 -1 -1 -1 
17 13 305 103 33 27 -1 -1 -1 -1 
17 15 0 399 54 80 -1 -1 -1 -1 
18 1 526 217 65 53 -1 -1 -1 -1 
18 2 203 158 69 67 -1 -1 -1 -1 
18 4 168 228 108 130 -1 -1 -1 -1 
18 5 592 177 47 27 -1 -1 -1 -1 
18 6 286 165 66 80 -1 -1 -1 -1 
18 8 496 177 56 34 -1 -1 -1 -1 
18 9 21 254 140 155 -1 -1 -1 -1 
18 10 543 145 40 23 -1 -1 -1 -1 
18 11 60 362 165 115 -1 -1 -1 -1 
18 13 304 102 34 29 -1 -1 -1 -1 
19 1 526 217 65 53 -1 -1 -1 -1 
19 2 202 158 69 68 -1 -1 -1 -1 
19 4 168 227 108 131 -1 -1 -1 -1 
19 5 592 177 47 27 -1 -1 -1 -1 
19 6 286 165 66 80 -1 -1 -1 -1 
19 8 496 177 57 34 -1 -1 -1 -1 
19 9 21 254 140 155 -1 -1 -1 -1 
19 11 59 362 166 115 -1 -1 -1 -1 
19 13 305 102 32 30 -1 -1 -1 -1 
19 15 0 402 53 77 -1 -1 -1 -1 
20 1 526 217 65 53 -1 -1 -1 -1 
20 2 201 158 70 68 -1 -1 -1 -1 
20 4 168 228 108 130 -1 -1 -1 -1 
20 5 592 178 47 26 -1 -1 -1 -1 
20 6 286 166 66 79 -1 -1 -1 -1 
20 8 496 177 56 34 -1 -1 -1 -1 
20 9 21 254 140 155 -1 -1 -1 -1 
20 11 59 362 166 115 -1 -1 -1 -1 
20 13 306 103 31 28 -1 -1 -1 -1 
20 15 0 403 53 76 -1 -1 -1 -1 
20 16 287 135 47 51 -1 -1 -1 -1 
21 1 526 217 64 53 -1 -1 -1 -1 
21 2 198 158 74 69 -1 -1 -1 -1 
21 4 168 228 108 130 -1 -1 -1 -1 
21 5 592 177 47 27 -1 -1 -1 -1 
21 6 286 166 65 79 -1 -1 -1 -1 
21 8 496 177 55 35 -1 -1 -1 -1 
21 9 21 254 140 155 -1 -1 -1 -1 
21 10 543 145 39 21 -1 -1 -1 -1 
21 11 60 362 165 115 -1 -1 -1 -1 
21 13 306 103 31 28 -1 -1 -1 -1 
21 15 0 403 54 76 -1 -1 -1 -1 
22 1 526 217 64 53 -1 -1 -1 -1 
22 2 196 159 76 69 -1 -1 -1 -1 
22 4 168 227 107 132 -1 -1 -1 -1 
22 5 593 178 46 26 -1 -1 -1 -1 
22 6 287 166 64 79 -1 -1 -1 -1 
22 8 496 178 55 34 -1 -1 -1 -1 
22 9 21 253 140 156 -1 -1 -1 -1 
22 10 543 145 39 22 -1 -1 -1 -1 
22 11 60 363 165 114 -1 -1 -1 -1 
22 15 0 404 52 75 -1 -1 -1 -1 
23 1 526 217 64 53 -1 -1 -1 -1 
23 2 195 159 76 69 -1 -1 -1 -1 
23 4 167 227 109 133 -1 -1 -1 -1 
23 5 593 177 46 26 -1 -1 -1 -1 
23 6 286 165 66 82 -1 -1 -1 -1 
23 8 496 178 55 34 -1 -1 -1 -1 
23 9 21 254 140 155 -1 -1 -1 -1 
23 10 543 145 39 22 -1 -1 -1 -1 
23 11 60 364 164 113 -1 -1 -1 -1 
23 15 0 405 52 74 -1 -1 -1 -1 
24 1 526 217 64 53 -1 -1 -1 -1 
24 2 194 159 76 70 -1 -1 -1 -1 
24 4 166 228 110 132 -1 -1 -1 -1 
24 5 593 177 46 26 -1 -1 -1 -1 
24 6 285 165 66 82 -1 -1 -1 -1 
24 8 496 178 54 34 -1 -1 -1 -1 
24 9 21 254 140 155 -1 -1 -1 -1 
24 10 544 146 39 21 -1 -1 -1 -1 
24 11 59 365 165 112 -1 -1 -1 -1 
24 15 0 406 51 73 -1 -1 -1 -1 
25 1 526 217 64 53 -1 -1 -1 -1 
25 2 193 159 77 70 -1 -1 -1 -1 
25 4 165 229 111 131 -1 -1 -1 -1 
25 5 589 177 50 26 -1 -1 -1 -1 
25 6 285 165 66 82 -1 -1 -1 -1 
25 8 496 177 54 34 -1 -1 -1 -1 
25 9 22 254 139 155 -1 -1 -1 -1 
25 10 544 146 38 21 -1 -1 -1 -1 
25 11 59 365 165 112 -1 -1 -1 -1 
25 15 0 407 50 72 -1 -1 -1 -1 
26 1 526 216 64 54 -1 -1 -1 -1 
26 2 193 160 77 70 -1 -1 -1 -1 
26 4 165 228 111 132 -1 -1 -1 -1 
26 5 591 177 48 25 -1 -1 -1 -1 
26 6 286 166 65 79 -1 -1 -1 -1 
26 8 496 177 54 34 -1 -1 -1 -1 
26 9 21 254 140 155 -1 -1 -1 -1 
26 10 544 145 38 22 -1 -1 -1 -1 
26 11 60 365 164 112 -1 -1 -1 -1 
26 15 0 412 51 67 -1 -1 -1 -1 
27 1 526 217 63 53 -1 -1 -1 -1 
27 2 193 161 76 69 -1 -1 -1 -1 
27 4 164 229 111 133 -1 -1 -1 -1 
27 5 593 177 46 27 -1 -1 -1 -1 
27 6 286 166 65 79 -1 -1 -1 -1 
27 8 496 177 54 34 -1 -1 -1 -1 
27 9 21 254 140 155 -1 -1 -1 -1 
27 10 544 145 38 22 -1 -1 -1 -1 
27 11 60 365 164 112 -1 -1 -1 -1 
27 15 0 411 49 68 -1 -1 -1 -1 
28 1 526 218 64 52 -1 -1 -1 -1 
28 2 193 161 76 70 -1 -1 -1 -1 
28 4 164 230 110 132 -1 -1 -1 -1 
28 5 594 177 45 27 -1 -1 -1 -1 
28 6 286 166 65 79 -1 -1 -1 -1 
28 8 496 177 54 34 -1 -1 -1 -1 
28 9 21 254 140 155 -1 -1 -1 -1 
28 10 544 145 38 22 -1 -1 -1 -1 
28 11 59 365 165 112 -1 -1 -1 -1 
28 15 0 413 49 66 -1 -1 -1 -1 
29 1 526 218 63 52 -1 -1 -1 -1 
29 2 193 162 75 69 -1 -1 -1 -1 
29 4 163 230 111 134 -1 -1 -1 -1 
29 5 593 178 46 28 -1 -1 -1 -1 
29 6 286 166 65 80 -1 -1 -1 -1 
29 8 496 177 54 34 -1 -1 -1 -1 
29 9 21 255 139 154 -1 -1 -1 -1 
29 10 543 145 39 22 -1 -1 -1 -1 
29 11 59 365 165 112 -1 -1 -1 -1 
29 15 0 419 48 60 -1 -1 -1 -1 
30 1 526 218 63 52 -1 -1 -1 -1 
30 2 193 162 75 69 -1 -1 -1 -1 
30 4 162 232 112 132 -1 -1 -1 -1 
30 5 594 176 45 24 -1 -1 -1 -1 
30 6 286 166 65 79 -1 -1 -1 -1 
30 8 496 177 54 34 -1 -1 -1 -1 
30 9 21 254 139 154 -1 -1 -1 -1 
30 10 543 145 39 22 -1 -1 -1 -1 
30 11 59 365 165 112 -1 -1 -1 -1 
30 15 0 421 47 58 -1 -1 -1 -1 
31 1 526 217 63 53 -1 -1 -1 -1 
31 2 193 162 75 69 -1 -1 -1 -1 
31 4 162 232 111 133 -1 -1 -1 -1 
31 5 593 177 46 22 -1 -1 -1 -1 
31 6 286 166 65 79 -1 -1 -1 -1 
31 8 495 178 56 34 -1 -1 -1 -1 
31 9 21 254 139 154 -1 -1 -1 -1 
31 10 543 145 39 22 -1 -1 -1 -1 
31 11 59 365 165 112 -1 -1 -1 -1 
31 15 0 426 47 53 -1 -1 -1 -1 
32 1 527 217 63 54 -1 -1 -1 -1 
32 2 193 162 75 69 -1 -1 -1 -1 
32 4 161 232 112 134 -1 -1 -1 -1 
32 5 594 177 45 23 -1 -1 -1 -1 
32 6 285 165 67 83 -1 -1 -1 -1 
32 8 496 177 55 34 -1 -1 -1 -1 
32 9 21 254 139 155 -1 -1 -1 -1 
32 10 543 145 39 22 -1 -1 -1 -1 
32 11 59 365 165 112 -1 -1 -1 -1 
32 15 0 427 47 52 -1 -1 -1 -1 
33 1 526 217 64 53 -1 -1 -1 -1 
33 2 192 162 76 69 -1 -1 -1 -1 
33 4 160 233 112 135 -1 -1 -1 -1 
33 5 593 177 46 25 -1 -1 -1 -1 
33 6 285 166 67 82 -1 -1 -1 -1 
33 8 496 177 54 34 -1 -1 -1 -1 
33 9 21 254 139 155 -1 -1 -1 -1 
33 10 543 145 39 22 -1 -1 -1 -1 
33 11 58 365 166 112 -1 -1 -1 -1 
33 15 0 430 46 49 -1 -1 -1 -1 
33 31 306 106 40 30 -1 -1 -1 -1 
34 1 526 217 64 53 -1 -1 -1 -1 
34 2 192 162 76 69 -1 -1 -1 -1 
34 4 159 234 113 135 -1 -1 -1 -1 
34 5 592 177 47 24 -1 -1 -1 -1 
34 6 284 167 68 83 -1 -1 -1 -1 
34 8 496 178 55 34 -1 -1 -1 -1 
34 9 21 254 140 155 -1 -1 -1 -1 
34 11 59 365 165 112 -1 -1 -1 -1 
34 15 0 431 46 48 -1 -1 -1 -1 
34 31 306 107 39 29 -1 -1 -1 -1 
34 32 398 132 20 22 -1 -1 -1 -1 
35 1 526 217 65 54 -1 -1 -1 -1 
35 2 192 162 76 69 -1 -1 -1 -1 
35 4 159 235 113 136 -1 -1 -1 -1 
35 5 590 177 49 27 -1 -1 -1 -1 
35 6 284 167 68 83 -1 -1 -1 -1 
35 8 496 178 55 34 -1 -1 -1 -1 
35 9 21 254 140 155 -1 -1 -1 -1 
35 11 59 365 165 112 -1 -1 -1 -1 
35 15 0 434 45 45 -1 -1 -1 -1 
35 31 306 108 40 26 -1 -1 -1 -1 
35 32 398 132 21 23 -1 -1 -1 -1 
36 1 526 218 64 51 -1 -1 -1 -1 
36 2 192 163 76 69 -1 -1 -1 -1 
36 4 158 236 113 138 -1 -1 -1 -1 
36 5 591 178 48 26 -1 -1 -1 -1 
36 6 284 167 67 83 -1 -1 -1 -1 
36 8 496 177 55 35 -1 -1 -1 -1 
36 9 20 253 143 157 -1 -1 -1 -1 
36 10 544 145 40 23 -1 -1 -1 -1 
36 11 60 365 163 112 -1 -1 -1 -1 
36 15 0 436 44 43 -1 -1 -1 -1 
36 31 306 108 40 26 -1 -1 -1 -1 
37 1 526 218 64 51 -1 -1 -1 -1 
37 2 192 163 76 69 -1 -1 -1 -1 
37 4 157 236 114 140 -1 -1 -1 -1 
37 5 594 177 45 25 -1 -1 -1 -1 
37 6 284 168 67 83 -1 -1 -1 -1 
37 8 496 177 55 35 -1 -1 -1 -1 
37 9 20 253 142 157 -1 -1 -1 -1 
37 10 544 145 40 23 -1 -1 -1 -1 
37 11 59 366 164 111 -1 -1 -1 -1 
37 15 0 441 38 38 -1 -1 -1 -1 
37 32 398 137 22 21 -1 -1 -1 -1 
38 1 526 218 64 52 -1 -1 -1 -1 
38 2 192 163 76 69 -1 -1 -1 -1 
38 4 157 237 114 139 -1 -1 -1 -1 
38 5 594 177 45 29 -1 -1 -1 -1 
38 6 283 168 68 84 -1 -1 -1 -1 
38 8 496 176 55 36 -1 -1 -1 -1 
38 9 20 254 142 156 -1 -1 -1 -1 
38 10 544 145 40 23 -1 -1 -1 -1 
38 11 60 368 162 109 -1 -1 -1 -1 
38 15 0 444 37 35 -1 -1 -1 -1 
38 32 399 135 21 24 -1 -1 -1 -1 
39 1 526 217 63 52 -1 -1 -1 -1 
39 2 192 163 75 69 -1 -1 -1 -1 
39 4 157 237 113 139 -1 -1 -1 -1 
39 5 594 177 45 23 -1 -1 -1 -1 
39 6 282 169 69 83 -1 -1 -1 -1 
39 8 496 177 55 35 -1 -1 -1 -1 
39 9 19 254 144 158 -1 -1 -1 -1 
39 10 544 145 40 23 -1 -1 -1 -1 
39 11 58 372 161 105 -1 -1 -1 -1 
40 1 526 217 62 52 -1 -1 -1 -1 
40 2 192 163 76 69 -1 -1 -1 -1 
40 4 156 237 114 139 -1 -1 -1 -1 
40 5 594 177 45 23 -1 -1 -1 -1 
40 6 281 170 70 83 -1 -1 -1 -1 
40 8 496 176 55 36 -1 -1 -1 -1 
40 9 18 254 144 159 -1 -1 -1 -1 
40 10 544 145 40 23 -1 -1 -1 -1 
40 11 56 376 162 101 -1 -1 -1 -1 
41 1 526 217 62 52 -1 -1 -1 -1 
41 2 192 163 76 69 -1 -1 -1 -1 
41 4 156 238 116 138 -1 -1 -1 -1 
41 5 594 177 45 22 -1 -1 -1 -1 
41 6 281 170 69 84 -1 -1 -1 -1 
41 8 497 176 54 36 -1 -1 -1 -1 
41 9 18 254 144 159 -1 -1 -1 -1 
41 10 544 145 40 23 -1 -1 -1 -1 
41 11 52 380 165 96 -1 -1 -1 -1 
41 16 282 138 47 59 -1 -1 -1 -1 
42 1 526 218 64 51 -1 -1 -1 -1 
42 2 192 164 75 69 -1 -1 -1 -1 
42 4 154 238 116 140 -1 -1 -1 -1 
42 5 594 177 45 22 -1 -1 -1 -1 
42 6 281 170 70 85 -1 -1 -1 -1 
42 8 497 176 54 36 -1 -1 -1 -1 
42 9 14 256 148 158 -1 -1 -1 -1 
42 10 544 145 40 23 -1 -1 -1 -1 
42 11 53 385 161 93 -1 -1 -1 -1 
42 16 281 139 47 60 -1 -1 -1 -1 
42 32 400 141 22 23 -1 -1 -1 -1 
42 35 487 386 32 48 -1 -1 -1 -1 
43 1 526 218 64 51 -1 -1 -1 -1 
43 2 192 163 75 70 -1 -1 -1 -1 
43 4 152 238 116 143 -1 -1 -1 -1 
43 5 595 177 44 22 -1 -1 -1 -1 
43 6 281 171 70 85 -1 -1 -1 -1 
43 8 496 177 55 35 -1 -1 -1 -1 
43 9 11 259 150 164 -1 -1 -1 -1 
43 10 544 145 40 23 -1 -1 -1 -1 
43 11 48 399 159 79 -1 -1 -1 -1 
43 16 281 139 47 60 -1 -1 -1 -1 
43 32 402 145 22 24 -1 -1 -1 -1 
44 1 526 218 64 51 -1 -1 -1 -1 
44 2 192 162 75 71 -1 -1 -1 -1 
44 4 152 239 115 143 -1 -1 -1 -1 
44 5 594 177 45 22 -1 -1 -1 -1 
44 6 281 172 69 85 -1 -1 -1 -1 
44 8 496 177 55 35 -1 -1 -1 -1 
44 9 10 260 148 165 -1 -1 -1 -1 
44 10 544 145 40 23 -1 -1 -1 -1 
44 11 48 403 158 75 -1 -1 -1 -1 
44 32 403 144 21 26 -1 -1 -1 -1 
45 1 526 219 63 51 -1 -1 -1 -1 
45 2 191 162 76 72 -1 -1 -1 -1 
45 4 149 241 117 145 -1 -1 -1 -1 
45 5 594 177 45 23 -1 -1 -1 -1 
45 6 280 172 70 87 -1 -1 -1 -1 
45 8 496 177 55 35 -1 -1 -1 -1 
45 9 8 264 146 163 -1 -1 -1 -1 
45 10 544 145 40 23 -1 -1 -1 -1 
45 11 48 407 155 72 -1 -1 -1 -1 
45 32 399 142 27 28 -1 -1 -1 -1 
46 1 527 218 62 52 -1 -1 -1 -1 
46 2 192 161 75 72 -1 -1 -1 -1 
46 4 146 243 118 146 -1 -1 -1 -1 
46 5 594 177 45 23 -1 -1 -1 -1 
46 6 279 173 71 87 -1 -1 -1 -1 
46 8 497 176 54 35 -1 -1 -1 -1 
46 9 6 262 144 171 -1 -1 -1 -1 
46 10 544 145 40 23 -1 -1 -1 -1 
46 11 47 414 155 65 -1 -1 -1 -1 
46 16 281 139 46 61 -1 -1 -1 -1 
46 32 401 143 24 30 -1 -1 -1 -1 
47 1 526 218 63 51 -1 -1 -1 -1 
47 2 191 162 75 73 -1 -1 -1 -1 
47 4 142 245 121 149 -1 -1 -1 -1 
47 5 593 177 46 24 -1 -1 -1 -1 
47 6 279 173 71 88 -1 -1 -1 -1 
47 8 497 176 54 36 -1 -1 -1 -1 
47 9 2 266 149 171 -1 -1 -1 -1 
47 10 544 145 40 23 -1 -1 -1 -1 
47 11 48 419 151 60 -1 -1 -1 -1 
47 16 281 139 46 61 -1 -1 -1 -1 
47 32 402 147 22 27 -1 -1 -1 -1 
48 1 526 218 63 52 -1 -1 -1 -1 
48 2 191 162 75 73 -1 -1 -1 -1 
48 4 140 249 121 151 -1 -1 -1 -1 
48 5 591 176 48 25 -1 -1 -1 -1 
48 6 278 174 71 89 -1 -1 -1 -1 
48 8 497 176 54 35 -1 -1 -1 -1 
48 9 0 269 147 170 -1 -1 -1 -1 
48 10 544 145 41 23 -1 -1 -1 -1 
48 11 47 426 144 52 -1 -1 -1 -1 
48 16 281 142 46 58 -1 -1 -1 -1 
48 32 401 146 24 30 -1 -1 -1 -1 
48 42 311 129 36 40 -1 -1 -1 -1 
49 1 526 218 63 51 -1 -1 -1 -1 
49 2 191 162 75 74 -1 -1 -1 -1 
49 4 138 251 121 152 -1 -1 -1 -1 
49 5 592 177 47 23 -1 -1 -1 -1 
49 6 277 174 72 90 -1 -1 -1 -1 
49 8 497 176 54 35 -1 -1 -1 -1 
49 9 0 271 147 170 -1 -1 -1 -1 
49 10 544 145 41 23 -1 -1 -1 -1 
49 11 48 431 138 48 -1 -1 -1 -1 
49 16 280 139 46 61 -1 -1 -1 -1 
49 32 400 143 25 33 -1 -1 -1 -1 
49 42 311 130 37 39 -1 -1 -1 -1 
50 1 526 218 63 52 -1 -1 -1 -1 
50 2 190 162 74 76 -1 -1 -1 -1 
50 4 133 254 125 156 -1 -1 -1 -1 
50 5 592 177 47 23 -1 -1 -1 -1 
50 6 277 174 72 91 -1 -1 -1 -1 
50 8 497 176 54 36 -1 -1 -1 -1 
50 9 0 275 144 172 -1 -1 -1 -1 
50 10 544 145 40 23 -1 -1 -1 -1 
50 11 47 442 132 37 -1 -1 -1 -1 
50 16 279 139 47 61 -1 -1 -1 -1 
50 32 402 154 23 25 -1 -1 -1 -1 
50 42 311 130 37 38 -1 -1 -1 -1 
50 43 292 106 30 25 -1 -1 -1 -1 
