16 4 1447 762 77 62 -1 -1 -1 -1 
17 4 1442 767 73 68 -1 -1 -1 -1 
18 4 1429 768 78 73 -1 -1 -1 -1 
19 4 1404 785 88 73 -1 -1 -1 -1 
20 4 1387 793 99 79 -1 -1 -1 -1 
21 4 1366 799 102 95 -1 -1 -1 -1 
22 4 1342 815 113 98 -1 -1 -1 -1 
23 4 1308 828 130 106 -1 -1 -1 -1 
24 4 1272 842 140 119 -1 -1 -1 -1 
25 4 1237 859 170 134 -1 -1 -1 -1 
26 4 1163 886 202 167 -1 -1 -1 -1 
27 4 1091 911 233 201 -1 -1 -1 -1 
28 4 997 951 276 243 -1 -1 -1 -1 
29 4 997 951 276 243 -1 -1 -1 -1 
46 12 1437 780 76 70 -1 -1 -1 -1 
47 12 1422 789 81 73 -1 -1 -1 -1 
48 12 1402 806 91 68 -1 -1 -1 -1 
49 12 1380 813 106 84 -1 -1 -1 -1 
50 12 1380 813 106 84 -1 -1 -1 -1 
51 12 1338 831 112 107 -1 -1 -1 -1 
52 12 1309 853 119 112 -1 -1 -1 -1 
53 12 1265 875 144 131 -1 -1 -1 -1 
54 12 1189 906 189 159 -1 -1 -1 -1 
56 12 1189 906 189 159 -1 -1 -1 -1 
58 14 981 998 276 269 -1 -1 -1 -1 
59 14 805 1087 372 328 -1 -1 -1 -1 
60 14 805 1087 372 328 -1 -1 -1 -1 
68 18 2013 909 118 103 -1 -1 -1 -1 
73 18 2016 910 115 104 -1 -1 -1 -1 
87 18 2016 910 115 104 -1 -1 -1 -1 
102 23 1046 809 98 76 -1 -1 -1 -1 
103 23 1029 816 104 74 -1 -1 -1 -1 
104 23 1014 828 97 68 -1 -1 -1 -1 
105 23 994 827 108 81 -1 -1 -1 -1 
106 23 961 834 116 92 -1 -1 -1 -1 
107 23 935 849 123 87 -1 -1 -1 -1 
107 27 1130 787 89 66 -1 -1 -1 -1 
108 23 935 849 123 87 -1 -1 -1 -1 
109 23 872 867 135 99 -1 -1 -1 -1 
109 27 1089 805 96 70 -1 -1 -1 -1 
110 23 846 879 142 97 -1 -1 -1 -1 
110 27 1089 805 96 70 -1 -1 -1 -1 
111 23 810 894 145 102 -1 -1 -1 -1 
111 27 1052 816 100 69 -1 -1 -1 -1 
111 30 1388 691 52 39 -1 -1 -1 -1 
112 23 765 914 154 102 -1 -1 -1 -1 
112 27 1037 822 102 71 -1 -1 -1 -1 
112 30 1386 699 47 33 -1 -1 -1 -1 
114 23 693 939 171 108 -1 -1 -1 -1 
114 27 1007 836 94 73 -1 -1 -1 -1 
115 23 693 939 171 108 -1 -1 -1 -1 
115 27 968 848 120 78 -1 -1 -1 -1 
116 27 968 848 120 78 -1 -1 -1 -1 
118 30 1349 716 60 45 -1 -1 -1 -1 
120 30 1307 737 63 46 -1 -1 -1 -1 
130 18 2013 910 118 101 -1 -1 -1 -1 
131 18 2013 910 117 101 -1 -1 -1 -1 
153 18 2013 910 117 101 -1 -1 -1 -1 
166 42 1986 875 90 90 -1 -1 -1 -1 
167 42 1981 880 95 89 -1 -1 -1 -1 
169 42 1983 880 93 84 -1 -1 -1 -1 
170 42 1984 881 94 85 -1 -1 -1 -1 
171 42 1984 881 94 85 -1 -1 -1 -1 
172 45 616 937 182 133 -1 -1 -1 -1 
173 42 1984 882 99 84 -1 -1 -1 -1 
173 45 559 950 192 141 -1 -1 -1 -1 
174 42 1983 882 101 84 -1 -1 -1 -1 
174 45 559 950 192 141 -1 -1 -1 -1 
175 42 1981 879 107 87 -1 -1 -1 -1 
176 42 1979 880 108 85 -1 -1 -1 -1 
177 42 1981 883 101 83 -1 -1 -1 -1 
178 42 1982 883 99 83 -1 -1 -1 -1 
178 50 538 935 190 133 -1 -1 -1 -1 
179 42 1983 884 98 81 -1 -1 -1 -1 
179 50 433 967 231 162 -1 -1 -1 -1 
180 42 1980 881 104 84 -1 -1 -1 -1 
180 50 364 1001 226 162 -1 -1 -1 -1 
181 42 1980 882 105 83 -1 -1 -1 -1 
181 50 364 1001 226 162 -1 -1 -1 -1 
181 54 959 808 112 80 -1 -1 -1 -1 
182 42 1980 882 105 84 -1 -1 -1 -1 
182 50 174 1058 258 213 -1 -1 -1 -1 
182 54 959 808 112 80 -1 -1 -1 -1 
183 42 1980 882 106 85 -1 -1 -1 -1 
183 50 174 1058 258 213 -1 -1 -1 -1 
183 54 867 854 126 81 -1 -1 -1 -1 
184 42 1983 881 103 85 -1 -1 -1 -1 
184 54 810 867 142 96 -1 -1 -1 -1 
184 55 1685 793 70 74 -1 -1 -1 -1 
185 42 1986 884 95 81 -1 -1 -1 -1 
185 54 753 895 161 97 -1 -1 -1 -1 
185 55 1686 801 71 77 -1 -1 -1 -1 
186 42 1986 884 95 81 -1 -1 -1 -1 
186 54 708 914 161 103 -1 -1 -1 -1 
187 54 633 941 176 114 -1 -1 -1 -1 
187 55 1687 810 75 79 -1 -1 -1 -1 
188 54 570 968 189 119 -1 -1 -1 -1 
188 55 1683 812 81 88 -1 -1 -1 -1 
189 42 1975 877 104 82 -1 -1 -1 -1 
189 54 482 998 213 141 -1 -1 -1 -1 
189 55 1683 816 84 97 -1 -1 -1 -1 
190 42 1979 881 92 77 -1 -1 -1 -1 
190 54 398 1030 230 144 -1 -1 -1 -1 
190 55 1689 830 78 84 -1 -1 -1 -1 
191 42 1979 881 92 77 -1 -1 -1 -1 
191 54 325 1058 243 156 -1 -1 -1 -1 
192 54 176 1120 276 173 -1 -1 -1 -1 
192 55 1695 839 79 99 -1 -1 -1 -1 
193 54 57 1167 294 187 -1 -1 -1 -1 
193 55 1694 843 88 109 -1 -1 -1 -1 
194 54 0 1227 233 193 -1 -1 -1 -1 
194 55 1686 857 98 117 -1 -1 -1 -1 
195 54 0 1227 233 193 -1 -1 -1 -1 
196 55 1694 873 89 121 -1 -1 -1 -1 
199 55 1689 897 110 145 -1 -1 -1 -1 
200 55 1688 916 118 148 -1 -1 -1 -1 
201 55 1700 926 112 151 -1 -1 -1 -1 
202 55 1695 938 125 159 -1 -1 -1 -1 
203 55 1697 951 126 171 -1 -1 -1 -1 
204 55 1698 962 133 179 -1 -1 -1 -1 
205 55 1704 975 131 186 -1 -1 -1 -1 
206 55 1699 998 147 198 -1 -1 -1 -1 
207 55 1704 1025 155 216 -1 -1 -1 -1 
208 55 1704 1025 155 216 -1 -1 -1 -1 
209 58 1124 769 74 63 -1 -1 -1 -1 
211 58 1069 788 88 66 -1 -1 -1 -1 
212 58 1047 791 99 67 -1 -1 -1 -1 
213 58 1021 801 102 78 -1 -1 -1 -1 
214 58 1001 809 99 83 -1 -1 -1 -1 
216 58 924 843 118 88 -1 -1 -1 -1 
217 58 884 856 125 89 -1 -1 -1 -1 
219 58 801 892 156 94 -1 -1 -1 -1 
220 58 801 892 156 94 -1 -1 -1 -1 
221 63 1461 761 71 54 -1 -1 -1 -1 
222 63 1453 765 67 60 -1 -1 -1 -1 
223 63 1440 772 73 65 -1 -1 -1 -1 
224 63 1435 774 72 67 -1 -1 -1 -1 
225 63 1414 784 80 74 -1 -1 -1 -1 
226 63 1396 798 86 75 -1 -1 -1 -1 
227 63 1368 802 100 89 -1 -1 -1 -1 
228 63 1351 813 109 91 -1 -1 -1 -1 
229 63 1316 830 120 101 -1 -1 -1 -1 
230 63 1279 851 133 107 -1 -1 -1 -1 
231 63 1238 868 148 141 -1 -1 -1 -1 
232 63 1167 896 190 160 -1 -1 -1 -1 
233 63 1088 931 224 190 -1 -1 -1 -1 
234 63 1005 966 257 227 -1 -1 -1 -1 
235 63 893 1031 300 267 -1 -1 -1 -1 
235 69 41 1091 289 225 -1 -1 -1 -1 
236 63 893 1031 300 267 -1 -1 -1 -1 
236 69 0 1141 216 264 -1 -1 -1 -1 
237 69 0 1141 216 264 -1 -1 -1 -1 
249 75 1709 968 127 132 -1 -1 -1 -1 
251 75 1702 968 135 150 -1 -1 -1 -1 
252 75 1704 977 127 145 -1 -1 -1 -1 
253 75 1707 987 129 147 -1 -1 -1 -1 
254 75 1701 999 133 146 -1 -1 -1 -1 
255 75 1704 1008 132 150 -1 -1 -1 -1 
256 75 1713 1002 124 163 -1 -1 -1 -1 
257 75 1701 1017 139 165 -1 -1 -1 -1 
258 75 1700 1025 145 165 -1 -1 -1 -1 
259 75 1700 1036 150 172 -1 -1 -1 -1 
261 75 1703 1069 153 163 -1 -1 -1 -1 
262 75 1705 1058 151 196 -1 -1 -1 -1 
265 75 1707 1076 157 231 -1 -1 -1 -1 
266 75 1713 1091 156 231 -1 -1 -1 -1 
268 75 1707 1129 172 235 -1 -1 -1 -1 
269 75 1718 1136 163 244 -1 -1 -1 -1 
270 75 1716 1141 170 257 -1 -1 -1 -1 
271 75 1714 1152 180 270 -1 -1 -1 -1 
272 75 1728 1176 182 275 -1 -1 -1 -1 
273 75 1725 1198 188 283 -1 -1 -1 -1 
274 75 1710 1218 211 309 -1 -1 -1 -1 
275 75 1726 1237 202 322 -1 -1 -1 -1 
276 75 1714 1267 226 348 -1 -1 -1 -1 
277 75 1707 1305 249 361 -1 -1 -1 -1 
278 75 1724 1329 247 366 -1 -1 -1 -1 
279 75 1747 1350 234 377 -1 -1 -1 -1 
280 75 1730 1392 268 415 -1 -1 -1 -1 
282 75 1759 1483 263 413 -1 -1 -1 -1 
