3 2 582 167 18 20 -1 -1 -1 -1 
4 2 584 168 16 20 -1 -1 -1 -1 
4 4 522 148 15 12 -1 -1 -1 -1 
4 6 383 192 52 42 -1 -1 -1 -1 
5 2 584 168 16 20 -1 -1 -1 -1 
5 4 522 148 15 12 -1 -1 -1 -1 
5 6 383 192 52 42 -1 -1 -1 -1 
6 2 584 168 17 21 -1 -1 -1 -1 
6 4 523 147 14 12 -1 -1 -1 -1 
6 6 392 189 51 39 -1 -1 -1 -1 
7 2 584 168 17 21 -1 -1 -1 -1 
7 4 523 147 14 12 -1 -1 -1 -1 
7 6 392 189 51 39 -1 -1 -1 -1 
8 2 585 172 18 20 -1 -1 -1 -1 
8 4 523 147 14 12 -1 -1 -1 -1 
9 2 585 174 19 19 -1 -1 -1 -1 
9 6 409 183 45 38 -1 -1 -1 -1 
10 2 585 174 20 21 -1 -1 -1 -1 
10 6 416 180 42 35 -1 -1 -1 -1 
11 2 585 174 20 21 -1 -1 -1 -1 
11 6 416 180 42 35 -1 -1 -1 -1 
12 2 587 177 19 21 -1 -1 -1 -1 
12 6 422 178 39 32 -1 -1 -1 -1 
13 2 587 177 19 21 -1 -1 -1 -1 
13 6 422 178 39 32 -1 -1 -1 -1 
14 2 586 177 21 24 -1 -1 -1 -1 
14 6 428 176 36 30 -1 -1 -1 -1 
15 2 586 177 21 24 -1 -1 -1 -1 
15 6 428 176 36 30 -1 -1 -1 -1 
16 2 586 179 22 25 -1 -1 -1 -1 
16 6 433 175 34 28 -1 -1 -1 -1 
17 2 586 179 22 25 -1 -1 -1 -1 
17 6 433 175 34 28 -1 -1 -1 -1 
18 2 588 179 21 26 -1 -1 -1 -1 
18 6 438 173 34 28 -1 -1 -1 -1 
19 2 588 180 23 28 -1 -1 -1 -1 
19 6 443 171 33 27 -1 -1 -1 -1 
20 2 588 180 23 28 -1 -1 -1 -1 
20 6 443 171 33 27 -1 -1 -1 -1 
21 2 589 184 24 28 -1 -1 -1 -1 
21 6 447 169 32 27 -1 -1 -1 -1 
22 2 589 184 24 28 -1 -1 -1 -1 
22 6 447 169 32 27 -1 -1 -1 -1 
23 2 590 186 25 31 -1 -1 -1 -1 
23 6 450 167 33 26 -1 -1 -1 -1 
24 2 590 186 25 31 -1 -1 -1 -1 
24 6 450 167 33 26 -1 -1 -1 -1 
25 2 590 186 25 31 -1 -1 -1 -1 
26 2 590 191 31 34 -1 -1 -1 -1 
26 6 457 165 29 24 -1 -1 -1 -1 
27 2 590 191 31 34 -1 -1 -1 -1 
27 6 457 165 29 24 -1 -1 -1 -1 
28 2 592 193 30 36 -1 -1 -1 -1 
28 4 579 157 13 13 -1 -1 -1 -1 
28 6 461 165 27 23 -1 -1 -1 -1 
29 2 592 193 30 36 -1 -1 -1 -1 
29 4 579 157 13 13 -1 -1 -1 -1 
29 6 461 165 27 23 -1 -1 -1 -1 
30 2 594 197 30 36 -1 -1 -1 -1 
30 4 579 158 12 12 -1 -1 -1 -1 
30 6 464 163 26 23 -1 -1 -1 -1 
31 2 595 202 32 38 -1 -1 -1 -1 
31 4 579 158 13 13 -1 -1 -1 -1 
31 6 466 161 25 22 -1 -1 -1 -1 
32 2 595 202 32 38 -1 -1 -1 -1 
32 4 579 158 13 13 -1 -1 -1 -1 
32 6 466 161 25 22 -1 -1 -1 -1 
33 2 595 202 32 38 -1 -1 -1 -1 
33 4 579 160 14 13 -1 -1 -1 -1 
34 4 579 160 14 13 -1 -1 -1 -1 
34 6 470 160 22 22 -1 -1 -1 -1 
35 4 579 161 16 12 -1 -1 -1 -1 
35 6 473 158 22 21 -1 -1 -1 -1 
36 4 580 162 15 13 -1 -1 -1 -1 
36 6 474 157 24 21 -1 -1 -1 -1 
37 4 580 162 15 13 -1 -1 -1 -1 
37 6 474 157 24 21 -1 -1 -1 -1 
38 4 580 162 16 15 -1 -1 -1 -1 
38 6 477 156 22 21 -1 -1 -1 -1 
39 4 580 162 16 15 -1 -1 -1 -1 
39 6 477 156 22 21 -1 -1 -1 -1 
40 4 580 164 16 14 -1 -1 -1 -1 
40 6 479 156 21 18 -1 -1 -1 -1 
41 4 580 164 16 14 -1 -1 -1 -1 
41 6 479 156 21 18 -1 -1 -1 -1 
42 4 581 165 16 14 -1 -1 -1 -1 
42 6 482 154 21 20 -1 -1 -1 -1 
43 4 581 165 16 14 -1 -1 -1 -1 
43 6 482 154 21 20 -1 -1 -1 -1 
44 4 582 166 15 13 -1 -1 -1 -1 
44 6 484 153 21 20 -1 -1 -1 -1 
45 4 582 166 15 13 -1 -1 -1 -1 
45 6 484 153 21 20 -1 -1 -1 -1 
46 4 582 168 15 12 -1 -1 -1 -1 
46 6 487 153 17 18 -1 -1 -1 -1 
47 4 582 168 15 12 -1 -1 -1 -1 
47 6 487 153 17 18 -1 -1 -1 -1 
48 4 583 168 15 14 -1 -1 -1 -1 
48 6 488 152 18 19 -1 -1 -1 -1 
49 4 584 168 14 16 -1 -1 -1 -1 
49 6 490 152 16 18 -1 -1 -1 -1 
50 4 584 168 14 16 -1 -1 -1 -1 
50 6 490 152 16 18 -1 -1 -1 -1 
51 4 584 169 15 16 -1 -1 -1 -1 
51 6 492 152 16 16 -1 -1 -1 -1 
52 4 584 169 15 16 -1 -1 -1 -1 
52 6 492 152 16 16 -1 -1 -1 -1 
53 4 584 169 15 18 -1 -1 -1 -1 
53 6 494 150 16 16 -1 -1 -1 -1 
54 4 584 169 15 18 -1 -1 -1 -1 
54 6 494 150 16 16 -1 -1 -1 -1 
55 4 585 170 15 19 -1 -1 -1 -1 
55 6 495 150 16 16 -1 -1 -1 -1 
56 4 585 170 15 19 -1 -1 -1 -1 
56 6 495 150 16 16 -1 -1 -1 -1 
57 4 585 172 16 18 -1 -1 -1 -1 
57 6 496 150 16 14 -1 -1 -1 -1 
58 4 586 175 17 17 -1 -1 -1 -1 
58 6 497 150 16 13 -1 -1 -1 -1 
59 4 586 175 17 17 -1 -1 -1 -1 
59 6 497 150 16 13 -1 -1 -1 -1 
60 4 587 177 17 16 -1 -1 -1 -1 
60 6 498 150 16 13 -1 -1 -1 -1 
61 4 587 177 17 16 -1 -1 -1 -1 
61 6 498 150 16 13 -1 -1 -1 -1 
62 4 586 178 18 17 -1 -1 -1 -1 
62 6 499 148 16 14 -1 -1 -1 -1 
63 4 586 178 18 17 -1 -1 -1 -1 
63 6 499 148 16 14 -1 -1 -1 -1 
64 4 587 179 19 18 -1 -1 -1 -1 
64 6 501 148 14 13 -1 -1 -1 -1 
65 4 587 179 19 18 -1 -1 -1 -1 
65 6 501 148 14 13 -1 -1 -1 -1 
66 4 588 180 19 20 -1 -1 -1 -1 
66 6 502 148 14 13 -1 -1 -1 -1 
67 4 588 182 20 21 -1 -1 -1 -1 
68 4 588 182 20 21 -1 -1 -1 -1 
69 4 589 183 20 21 -1 -1 -1 -1 
70 4 589 183 20 21 -1 -1 -1 -1 
71 4 589 184 21 22 -1 -1 -1 -1 
72 4 589 184 21 22 -1 -1 -1 -1 
73 4 590 185 21 25 -1 -1 -1 -1 
74 4 590 185 21 25 -1 -1 -1 -1 
75 4 590 187 22 25 -1 -1 -1 -1 
76 4 590 187 22 25 -1 -1 -1 -1 
77 4 591 190 25 26 -1 -1 -1 -1 
78 4 592 193 27 27 -1 -1 -1 -1 
79 4 592 193 27 27 -1 -1 -1 -1 
80 4 592 193 28 31 -1 -1 -1 -1 
81 4 592 193 28 31 -1 -1 -1 -1 
82 4 593 194 30 34 -1 -1 -1 -1 
83 4 593 194 30 34 -1 -1 -1 -1 
84 4 595 199 28 31 -1 -1 -1 -1 
85 4 595 199 28 31 -1 -1 -1 -1 
86 4 596 201 29 32 -1 -1 -1 -1 
87 4 598 205 29 35 -1 -1 -1 -1 
88 4 598 205 29 35 -1 -1 -1 -1 
89 4 599 208 30 36 -1 -1 -1 -1 
90 4 599 208 30 36 -1 -1 -1 -1 
91 4 600 212 31 37 -1 -1 -1 -1 
92 4 600 212 31 37 -1 -1 -1 -1 
93 4 601 214 35 42 -1 -1 -1 -1 
94 4 601 214 35 42 -1 -1 -1 -1 
95 4 602 217 37 46 -1 -1 -1 -1 
96 4 602 217 37 46 -1 -1 -1 -1 
97 4 603 222 36 46 -1 -1 -1 -1 
98 4 605 228 34 50 -1 -1 -1 -1 
99 4 605 228 34 50 -1 -1 -1 -1 
100 4 605 228 34 50 -1 -1 -1 -1 
101 4 607 234 32 52 -1 -1 -1 -1 
102 4 607 234 32 52 -1 -1 -1 -1 
103 4 611 240 28 56 -1 -1 -1 -1 
104 4 613 248 26 57 -1 -1 -1 -1 
105 4 613 248 26 57 -1 -1 -1 -1 
106 4 613 248 26 57 -1 -1 -1 -1 
107 4 614 254 25 64 -1 -1 -1 -1 
108 4 614 254 25 64 -1 -1 -1 -1 
111 4 622 273 17 77 -1 -1 -1 -1 
112 4 622 273 17 77 -1 -1 -1 -1 
179 4 622 273 17 77 -1 -1 -1 -1 
181 9 61 345 187 130 -1 -1 -1 -1 
182 9 61 345 187 130 -1 -1 -1 -1 
183 9 132 315 160 112 -1 -1 -1 -1 
184 9 188 292 140 96 -1 -1 -1 -1 
185 9 188 292 140 96 -1 -1 -1 -1 
186 9 238 272 117 84 -1 -1 -1 -1 
187 9 238 272 117 84 -1 -1 -1 -1 
188 9 275 254 104 74 -1 -1 -1 -1 
189 9 275 254 104 74 -1 -1 -1 -1 
190 9 308 242 90 65 -1 -1 -1 -1 
191 9 308 242 90 65 -1 -1 -1 -1 
192 9 334 230 79 59 -1 -1 -1 -1 
193 9 357 221 70 52 -1 -1 -1 -1 
194 9 375 214 65 47 -1 -1 -1 -1 
195 9 375 214 65 47 -1 -1 -1 -1 
196 9 391 205 60 46 -1 -1 -1 -1 
197 9 391 205 60 46 -1 -1 -1 -1 
198 9 402 201 57 41 -1 -1 -1 -1 
199 9 415 196 48 38 -1 -1 -1 -1 
200 9 415 196 48 38 -1 -1 -1 -1 
201 9 425 193 46 33 -1 -1 -1 -1 
202 9 425 193 46 33 -1 -1 -1 -1 
203 9 434 189 43 32 -1 -1 -1 -1 
204 9 441 185 40 31 -1 -1 -1 -1 
205 9 441 185 40 31 -1 -1 -1 -1 
206 9 449 182 37 30 -1 -1 -1 -1 
206 10 182 365 172 113 -1 -1 -1 -1 
207 9 455 179 35 28 -1 -1 -1 -1 
207 10 233 336 149 118 -1 -1 -1 -1 
208 9 455 179 35 28 -1 -1 -1 -1 
208 10 233 336 149 118 -1 -1 -1 -1 
209 9 461 176 32 26 -1 -1 -1 -1 
209 10 274 313 129 101 -1 -1 -1 -1 
210 9 467 174 29 24 -1 -1 -1 -1 
210 10 307 293 113 88 -1 -1 -1 -1 
211 9 467 174 29 24 -1 -1 -1 -1 
211 10 307 293 113 88 -1 -1 -1 -1 
212 9 471 172 29 23 -1 -1 -1 -1 
212 10 336 275 99 80 -1 -1 -1 -1 
213 9 475 170 27 23 -1 -1 -1 -1 
213 10 358 260 89 74 -1 -1 -1 -1 
214 9 479 167 26 23 -1 -1 -1 -1 
214 10 377 251 79 63 -1 -1 -1 -1 
215 9 479 167 26 23 -1 -1 -1 -1 
215 10 377 251 79 63 -1 -1 -1 -1 
216 9 482 166 26 21 -1 -1 -1 -1 
216 10 394 239 72 60 -1 -1 -1 -1 
217 9 485 165 24 19 -1 -1 -1 -1 
217 10 406 230 67 56 -1 -1 -1 -1 
218 9 485 165 24 19 -1 -1 -1 -1 
218 10 406 230 67 56 -1 -1 -1 -1 
219 9 489 162 22 20 -1 -1 -1 -1 
219 10 418 221 61 53 -1 -1 -1 -1 
220 9 489 162 22 20 -1 -1 -1 -1 
221 10 434 210 54 47 -1 -1 -1 -1 
222 10 434 210 54 47 -1 -1 -1 -1 
223 10 442 207 51 41 -1 -1 -1 -1 
224 10 442 207 51 41 -1 -1 -1 -1 
225 10 451 202 46 42 -1 -1 -1 -1 
226 10 457 198 42 38 -1 -1 -1 -1 
227 10 457 198 42 38 -1 -1 -1 -1 
228 10 464 194 38 35 -1 -1 -1 -1 
229 10 464 194 38 35 -1 -1 -1 -1 
230 10 468 193 38 31 -1 -1 -1 -1 
231 10 468 193 38 31 -1 -1 -1 -1 
