24 4 25 271 71 55 -1 -1 -1 -1 
25 4 0 285 62 61 -1 -1 -1 -1 
26 4 0 297 40 51 -1 -1 -1 -1 
26 5 447 193 21 24 -1 -1 -1 -1 
27 4 0 297 40 51 -1 -1 -1 -1 
28 5 448 199 22 21 -1 -1 -1 -1 
30 5 449 204 21 21 -1 -1 -1 -1 
31 5 449 206 22 22 -1 -1 -1 -1 
32 5 450 208 22 23 -1 -1 -1 -1 
33 5 451 209 22 24 -1 -1 -1 -1 
34 5 451 212 24 25 -1 -1 -1 -1 
35 5 451 214 25 26 -1 -1 -1 -1 
36 5 452 217 26 27 -1 -1 -1 -1 
37 5 452 220 27 27 -1 -1 -1 -1 
38 5 453 224 26 27 -1 -1 -1 -1 
39 5 454 226 26 29 -1 -1 -1 -1 
40 5 453 229 28 32 -1 -1 -1 -1 
49 5 453 229 28 32 -1 -1 -1 -1 
51 7 455 275 48 70 -1 -1 -1 -1 
52 7 455 287 53 74 -1 -1 -1 -1 
53 7 456 297 56 82 -1 -1 -1 -1 
54 7 457 307 60 88 -1 -1 -1 -1 
55 7 459 316 61 92 -1 -1 -1 -1 
56 7 462 332 64 103 -1 -1 -1 -1 
57 7 463 351 72 119 -1 -1 -1 -1 
58 7 464 373 84 106 -1 -1 -1 -1 
59 7 466 401 82 77 -1 -1 -1 -1 
60 7 467 422 81 55 -1 -1 -1 -1 
60 10 385 150 18 16 -1 -1 -1 -1 
61 7 467 422 81 55 -1 -1 -1 -1 
61 10 382 152 19 18 -1 -1 -1 -1 
62 10 378 152 21 22 -1 -1 -1 -1 
63 10 376 155 21 23 -1 -1 -1 -1 
64 10 372 157 23 25 -1 -1 -1 -1 
65 10 367 161 26 23 -1 -1 -1 -1 
66 10 363 165 26 24 -1 -1 -1 -1 
67 10 359 166 28 28 -1 -1 -1 -1 
68 10 352 171 31 29 -1 -1 -1 -1 
69 10 346 175 33 33 -1 -1 -1 -1 
69 15 394 146 17 15 -1 -1 -1 -1 
70 10 341 177 34 37 -1 -1 -1 -1 
70 15 392 148 17 14 -1 -1 -1 -1 
71 10 327 185 44 42 -1 -1 -1 -1 
71 15 390 149 17 16 -1 -1 -1 -1 
72 10 317 188 46 49 -1 -1 -1 -1 
72 15 388 150 18 17 -1 -1 -1 -1 
73 10 299 198 55 57 -1 -1 -1 -1 
73 15 385 152 20 19 -1 -1 -1 -1 
74 10 299 198 55 57 -1 -1 -1 -1 
75 15 381 153 21 22 -1 -1 -1 -1 
76 15 376 154 23 25 -1 -1 -1 -1 
77 15 375 156 22 25 -1 -1 -1 -1 
78 15 370 160 25 26 -1 -1 -1 -1 
79 15 366 164 26 26 -1 -1 -1 -1 
80 15 359 168 29 28 -1 -1 -1 -1 
81 15 356 170 30 30 -1 -1 -1 -1 
82 15 347 175 35 35 -1 -1 -1 -1 
83 15 341 178 39 36 -1 -1 -1 -1 
84 15 331 185 42 41 -1 -1 -1 -1 
85 15 322 188 45 47 -1 -1 -1 -1 
86 15 305 197 55 55 -1 -1 -1 -1 
87 15 294 204 60 63 -1 -1 -1 -1 
88 15 278 210 69 73 -1 -1 -1 -1 
89 15 251 226 80 87 -1 -1 -1 -1 
90 15 228 239 92 98 -1 -1 -1 -1 
91 15 197 254 109 114 -1 -1 -1 -1 
92 15 197 254 109 114 -1 -1 -1 -1 
105 10 394 146 17 15 -1 -1 -1 -1 
106 10 392 146 18 17 -1 -1 -1 -1 
107 10 391 148 17 17 -1 -1 -1 -1 
108 10 388 150 19 16 -1 -1 -1 -1 
109 10 385 152 19 18 -1 -1 -1 -1 
110 10 383 153 19 19 -1 -1 -1 -1 
111 10 380 154 22 22 -1 -1 -1 -1 
112 10 377 155 22 23 -1 -1 -1 -1 
113 10 373 159 22 23 -1 -1 -1 -1 
114 10 369 161 24 25 -1 -1 -1 -1 
118 10 369 161 24 25 -1 -1 -1 -1 
124 32 280 206 68 66 -1 -1 -1 -1 
125 32 253 218 79 83 -1 -1 -1 -1 
126 32 231 230 89 94 -1 -1 -1 -1 
127 32 186 254 110 115 -1 -1 -1 -1 
128 32 148 275 129 139 -1 -1 -1 -1 
129 32 103 297 150 172 -1 -1 -1 -1 
156 32 103 297 150 172 -1 -1 -1 -1 
158 33 108 250 61 45 -1 -1 -1 -1 
159 33 89 254 66 50 -1 -1 -1 -1 
160 33 60 267 72 53 -1 -1 -1 -1 
161 33 40 275 74 56 -1 -1 -1 -1 
162 33 21 282 74 61 -1 -1 -1 -1 
163 33 0 296 65 65 -1 -1 -1 -1 
164 33 0 308 33 54 -1 -1 -1 -1 
166 33 0 308 33 54 -1 -1 -1 -1 
210 38 105 240 58 40 -1 -1 -1 -1 
211 38 85 247 60 45 -1 -1 -1 -1 
212 38 69 254 66 47 -1 -1 -1 -1 
213 38 54 260 66 51 -1 -1 -1 -1 
214 38 27 272 72 53 -1 -1 -1 -1 
215 38 0 281 73 59 -1 -1 -1 -1 
216 38 0 291 54 66 -1 -1 -1 -1 
218 38 0 291 54 66 -1 -1 -1 -1 
219 39 444 181 15 14 -1 -1 -1 -1 
220 39 444 181 15 14 -1 -1 -1 -1 
221 39 444 181 15 14 -1 -1 -1 -1 
222 39 444 181 15 14 -1 -1 -1 -1 
223 39 443 181 16 14 -1 -1 -1 -1 
224 39 443 181 17 14 -1 -1 -1 -1 
225 39 443 181 17 15 -1 -1 -1 -1 
226 39 443 181 18 15 -1 -1 -1 -1 
226 41 382 156 20 24 -1 -1 -1 -1 
227 39 443 181 17 16 -1 -1 -1 -1 
227 41 381 156 19 24 -1 -1 -1 -1 
228 39 443 181 17 16 -1 -1 -1 -1 
229 41 370 165 26 28 -1 -1 -1 -1 
230 39 443 181 18 18 -1 -1 -1 -1 
230 41 368 167 26 29 -1 -1 -1 -1 
231 39 443 181 19 18 -1 -1 -1 -1 
232 39 444 181 18 18 -1 -1 -1 -1 
233 39 445 181 17 19 -1 -1 -1 -1 
234 39 445 181 17 20 -1 -1 -1 -1 
234 45 341 187 39 42 -1 -1 -1 -1 
235 39 445 181 18 20 -1 -1 -1 -1 
236 39 444 182 19 19 -1 -1 -1 -1 
237 39 445 183 18 19 -1 -1 -1 -1 
238 39 446 183 17 19 -1 -1 -1 -1 
239 39 446 184 17 19 -1 -1 -1 -1 
239 46 271 238 76 73 -1 -1 -1 -1 
240 39 446 184 17 20 -1 -1 -1 -1 
240 46 234 265 97 90 -1 -1 -1 -1 
241 39 446 186 17 18 -1 -1 -1 -1 
241 46 199 287 116 105 -1 -1 -1 -1 
242 39 446 185 17 19 -1 -1 -1 -1 
242 46 199 287 116 105 -1 -1 -1 -1 
244 39 446 185 18 20 -1 -1 -1 -1 
245 39 446 186 18 20 -1 -1 -1 -1 
246 39 446 188 18 19 -1 -1 -1 -1 
247 39 446 187 17 21 -1 -1 -1 -1 
248 39 446 187 17 22 -1 -1 -1 -1 
249 39 446 187 17 23 -1 -1 -1 -1 
250 39 446 188 17 24 -1 -1 -1 -1 
251 39 446 188 17 25 -1 -1 -1 -1 
254 39 447 189 16 25 -1 -1 -1 -1 
256 39 447 192 18 24 -1 -1 -1 -1 
257 39 447 193 19 24 -1 -1 -1 -1 
258 39 447 194 18 24 -1 -1 -1 -1 
259 39 447 197 19 22 -1 -1 -1 -1 
260 39 447 196 19 24 -1 -1 -1 -1 
261 39 448 198 18 24 -1 -1 -1 -1 
262 39 448 200 19 24 -1 -1 -1 -1 
263 39 448 200 18 24 -1 -1 -1 -1 
264 39 448 201 20 27 -1 -1 -1 -1 
268 39 449 210 21 25 -1 -1 -1 -1 
269 39 449 209 20 26 -1 -1 -1 -1 
270 39 449 209 20 26 -1 -1 -1 -1 
272 39 450 212 21 31 -1 -1 -1 -1 
273 39 450 212 21 31 -1 -1 -1 -1 
284 50 0 335 35 38 -1 -1 -1 -1 
286 52 92 260 54 44 -1 -1 -1 -1 
287 52 65 270 63 51 -1 -1 -1 -1 
288 52 47 280 63 50 -1 -1 -1 -1 
290 52 47 280 63 50 -1 -1 -1 -1 
297 55 460 299 51 73 -1 -1 -1 -1 
298 55 461 309 52 82 -1 -1 -1 -1 
299 55 462 314 53 86 -1 -1 -1 -1 
300 55 462 329 58 92 -1 -1 -1 -1 
301 55 461 335 59 99 -1 -1 -1 -1 
302 55 465 348 58 101 -1 -1 -1 -1 
303 55 465 365 64 109 -1 -1 -1 -1 
304 55 464 378 67 99 -1 -1 -1 -1 
305 55 465 392 69 86 -1 -1 -1 -1 
314 55 465 392 69 86 -1 -1 -1 -1 
333 61 70 259 58 37 -1 -1 -1 -1 
334 61 45 270 59 39 -1 -1 -1 -1 
335 61 26 276 60 45 -1 -1 -1 -1 
336 61 0 292 58 44 -1 -1 -1 -1 
337 61 0 301 41 37 -1 -1 -1 -1 
338 61 0 301 41 37 -1 -1 -1 -1 
360 64 493 415 29 61 -1 -1 -1 -1 
361 64 497 453 29 26 -1 -1 -1 -1 
362 64 497 453 29 26 -1 -1 -1 -1 
411 69 0 309 58 68 -1 -1 -1 -1 
452 69 0 309 58 68 -1 -1 -1 -1 
454 71 135 233 43 32 -1 -1 -1 -1 
455 71 114 243 46 31 -1 -1 -1 -1 
456 71 102 246 48 35 -1 -1 -1 -1 
457 71 82 253 52 38 -1 -1 -1 -1 
458 71 68 260 52 38 -1 -1 -1 -1 
459 71 46 268 54 42 -1 -1 -1 -1 
460 71 30 276 55 41 -1 -1 -1 -1 
461 71 3 286 59 47 -1 -1 -1 -1 
462 71 0 293 46 50 -1 -1 -1 -1 
463 71 0 293 46 50 -1 -1 -1 -1 
464 74 445 186 18 15 -1 -1 -1 -1 
465 74 445 185 18 16 -1 -1 -1 -1 
466 74 445 186 19 16 -1 -1 -1 -1 
468 74 446 186 17 16 -1 -1 -1 -1 
469 74 446 186 18 18 -1 -1 -1 -1 
470 74 446 186 17 18 -1 -1 -1 -1 
471 74 447 189 16 17 -1 -1 -1 -1 
472 74 446 187 18 19 -1 -1 -1 -1 
473 74 447 189 17 17 -1 -1 -1 -1 
474 74 446 188 19 20 -1 -1 -1 -1 
475 74 446 188 19 21 -1 -1 -1 -1 
476 74 446 190 19 19 -1 -1 -1 -1 
477 74 447 191 19 20 -1 -1 -1 -1 
478 74 447 192 19 20 -1 -1 -1 -1 
479 74 448 194 18 19 -1 -1 -1 -1 
480 74 448 195 19 19 -1 -1 -1 -1 
481 74 448 196 20 18 -1 -1 -1 -1 
482 74 449 196 18 21 -1 -1 -1 -1 
483 74 449 199 19 19 -1 -1 -1 -1 
484 74 448 201 20 19 -1 -1 -1 -1 
485 74 448 202 21 19 -1 -1 -1 -1 
486 74 448 201 21 22 -1 -1 -1 -1 
487 74 447 203 23 21 -1 -1 -1 -1 
488 74 449 203 21 21 -1 -1 -1 -1 
489 74 449 205 21 22 -1 -1 -1 -1 
489 75 385 150 17 17 -1 -1 -1 -1 
490 74 450 206 21 22 -1 -1 -1 -1 
490 75 381 153 18 18 -1 -1 -1 -1 
491 74 450 209 22 22 -1 -1 -1 -1 
491 75 376 155 20 23 -1 -1 -1 -1 
492 74 452 211 21 21 -1 -1 -1 -1 
492 75 366 160 25 25 -1 -1 -1 -1 
493 74 452 211 22 24 -1 -1 -1 -1 
494 74 452 212 23 25 -1 -1 -1 -1 
495 74 453 214 22 25 -1 -1 -1 -1 
496 74 452 216 25 25 -1 -1 -1 -1 
497 74 453 219 24 25 -1 -1 -1 -1 
498 74 454 222 24 24 -1 -1 -1 -1 
499 74 453 225 27 25 -1 -1 -1 -1 
500 74 453 225 27 25 -1 -1 -1 -1 
501 74 454 232 26 24 -1 -1 -1 -1 
502 74 454 233 28 27 -1 -1 -1 -1 
504 74 456 235 29 32 -1 -1 -1 -1 
505 74 457 239 27 32 -1 -1 -1 -1 
506 74 457 241 29 33 -1 -1 -1 -1 
507 74 458 243 28 35 -1 -1 -1 -1 
508 74 458 246 29 37 -1 -1 -1 -1 
509 74 458 252 30 34 -1 -1 -1 -1 
509 75 384 148 18 17 -1 -1 -1 -1 
511 74 460 257 31 38 -1 -1 -1 -1 
511 75 375 152 21 21 -1 -1 -1 -1 
512 74 460 263 32 37 -1 -1 -1 -1 
512 75 369 156 24 22 -1 -1 -1 -1 
513 74 460 265 35 42 -1 -1 -1 -1 
513 75 362 158 27 26 -1 -1 -1 -1 
514 74 460 265 36 48 -1 -1 -1 -1 
515 74 459 274 39 46 -1 -1 -1 -1 
516 74 461 273 38 52 -1 -1 -1 -1 
517 74 461 278 40 53 -1 -1 -1 -1 
517 85 326 182 39 38 -1 -1 -1 -1 
518 74 463 284 41 54 -1 -1 -1 -1 
518 85 303 189 52 51 -1 -1 -1 -1 
519 74 463 284 41 54 -1 -1 -1 -1 
519 85 281 199 67 61 -1 -1 -1 -1 
520 85 243 213 84 85 -1 -1 -1 -1 
521 85 243 213 84 85 -1 -1 -1 -1 
522 74 463 307 51 70 -1 -1 -1 -1 
522 88 102 261 64 42 -1 -1 -1 -1 
523 74 466 316 50 73 -1 -1 -1 -1 
523 88 70 272 68 48 -1 -1 -1 -1 
524 74 467 324 53 77 -1 -1 -1 -1 
524 88 36 290 69 48 -1 -1 -1 -1 
524 91 494 299 18 29 -1 -1 -1 -1 
525 74 469 332 51 79 -1 -1 -1 -1 
525 88 14 297 81 57 -1 -1 -1 -1 
525 91 497 307 18 32 -1 -1 -1 -1 
526 74 470 344 56 86 -1 -1 -1 -1 
526 88 14 297 81 57 -1 -1 -1 -1 
527 74 470 349 58 91 -1 -1 -1 -1 
527 91 501 320 21 40 -1 -1 -1 -1 
528 74 471 361 59 93 -1 -1 -1 -1 
528 91 504 329 21 40 -1 -1 -1 -1 
529 74 473 374 62 100 -1 -1 -1 -1 
529 91 507 340 25 41 -1 -1 -1 -1 
530 74 473 385 66 94 -1 -1 -1 -1 
530 91 510 347 23 41 -1 -1 -1 -1 
531 74 474 401 67 75 -1 -1 -1 -1 
531 91 517 363 23 45 -1 -1 -1 -1 
532 74 475 411 67 68 -1 -1 -1 -1 
532 91 520 374 26 48 -1 -1 -1 -1 
533 74 475 411 67 68 -1 -1 -1 -1 
534 91 533 411 29 61 -1 -1 -1 -1 
535 91 540 430 31 49 -1 -1 -1 -1 
536 91 546 451 33 28 -1 -1 -1 -1 
537 91 546 451 33 28 -1 -1 -1 -1 
543 96 474 423 29 54 -1 -1 -1 -1 
544 96 475 444 30 35 -1 -1 -1 -1 
545 96 475 444 30 35 -1 -1 -1 -1 
551 74 447 189 17 18 -1 -1 -1 -1 
552 74 446 188 19 22 -1 -1 -1 -1 
553 74 446 189 19 21 -1 -1 -1 -1 
554 74 446 189 20 22 -1 -1 -1 -1 
555 74 447 192 20 21 -1 -1 -1 -1 
556 74 448 194 20 21 -1 -1 -1 -1 
557 74 447 194 21 23 -1 -1 -1 -1 
558 74 448 198 21 21 -1 -1 -1 -1 
559 74 448 200 21 21 -1 -1 -1 -1 
560 74 449 202 21 22 -1 -1 -1 -1 
561 74 450 203 21 22 -1 -1 -1 -1 
562 74 451 205 20 23 -1 -1 -1 -1 
563 74 451 204 20 26 -1 -1 -1 -1 
564 74 452 207 20 25 -1 -1 -1 -1 
565 74 452 209 22 26 -1 -1 -1 -1 
566 74 453 212 22 27 -1 -1 -1 -1 
567 74 454 216 23 27 -1 -1 -1 -1 
568 74 455 217 23 28 -1 -1 -1 -1 
569 74 455 222 25 28 -1 -1 -1 -1 
569 105 154 228 44 32 -1 -1 -1 -1 
570 74 455 221 25 34 -1 -1 -1 -1 
570 105 134 235 45 36 -1 -1 -1 -1 
571 74 455 227 26 31 -1 -1 -1 -1 
571 105 121 242 46 35 -1 -1 -1 -1 
572 74 455 227 26 31 -1 -1 -1 -1 
572 105 97 250 51 38 -1 -1 -1 -1 
573 105 68 261 60 43 -1 -1 -1 -1 
574 74 457 235 30 41 -1 -1 -1 -1 
574 105 51 269 59 46 -1 -1 -1 -1 
575 74 457 235 30 41 -1 -1 -1 -1 
576 105 0 299 54 56 -1 -1 -1 -1 
577 105 0 299 54 56 -1 -1 -1 -1 
579 111 385 147 22 20 -1 -1 -1 -1 
580 111 382 149 20 22 -1 -1 -1 -1 
581 111 377 151 24 26 -1 -1 -1 -1 
