4 3 577 153 14 14 -1 -1 -1 -1 
4 4 289 224 79 52 -1 -1 -1 -1 
4 5 495 157 19 22 -1 -1 -1 -1 
5 3 577 153 14 14 -1 -1 -1 -1 
5 4 289 224 79 52 -1 -1 -1 -1 
5 5 495 157 19 22 -1 -1 -1 -1 
6 3 579 154 14 15 -1 -1 -1 -1 
6 4 311 217 71 49 -1 -1 -1 -1 
6 5 498 155 20 21 -1 -1 -1 -1 
7 3 579 155 14 15 -1 -1 -1 -1 
7 4 328 211 66 44 -1 -1 -1 -1 
7 5 499 154 21 21 -1 -1 -1 -1 
8 3 579 155 14 15 -1 -1 -1 -1 
8 4 328 211 66 44 -1 -1 -1 -1 
8 5 499 154 21 21 -1 -1 -1 -1 
9 3 579 156 14 14 -1 -1 -1 -1 
9 4 344 203 62 44 -1 -1 -1 -1 
9 5 501 155 20 18 -1 -1 -1 -1 
10 3 579 156 14 14 -1 -1 -1 -1 
10 4 344 203 62 44 -1 -1 -1 -1 
10 5 501 155 20 18 -1 -1 -1 -1 
11 3 579 156 15 16 -1 -1 -1 -1 
11 4 356 198 60 42 -1 -1 -1 -1 
11 5 502 155 20 16 -1 -1 -1 -1 
12 3 579 157 15 15 -1 -1 -1 -1 
12 4 370 195 54 36 -1 -1 -1 -1 
12 5 506 152 17 17 -1 -1 -1 -1 
13 3 579 157 15 15 -1 -1 -1 -1 
13 4 370 195 54 36 -1 -1 -1 -1 
13 5 506 152 17 17 -1 -1 -1 -1 
14 3 579 159 16 15 -1 -1 -1 -1 
14 4 382 192 48 34 -1 -1 -1 -1 
14 5 508 151 16 16 -1 -1 -1 -1 
15 3 579 159 16 15 -1 -1 -1 -1 
15 4 382 192 48 34 -1 -1 -1 -1 
15 5 508 151 16 16 -1 -1 -1 -1 
16 3 578 159 18 17 -1 -1 -1 -1 
16 4 391 188 47 33 -1 -1 -1 -1 
16 5 509 150 16 15 -1 -1 -1 -1 
17 3 578 160 18 18 -1 -1 -1 -1 
17 4 402 185 40 30 -1 -1 -1 -1 
17 5 511 148 15 15 -1 -1 -1 -1 
18 3 578 160 18 18 -1 -1 -1 -1 
18 4 402 185 40 30 -1 -1 -1 -1 
18 5 511 148 15 15 -1 -1 -1 -1 
19 3 579 161 18 18 -1 -1 -1 -1 
19 4 408 183 39 28 -1 -1 -1 -1 
19 5 512 147 16 15 -1 -1 -1 -1 
20 3 579 161 18 18 -1 -1 -1 -1 
20 4 408 183 39 28 -1 -1 -1 -1 
20 5 512 147 16 15 -1 -1 -1 -1 
21 3 580 162 17 18 -1 -1 -1 -1 
21 4 418 179 32 27 -1 -1 -1 -1 
22 3 581 164 17 17 -1 -1 -1 -1 
22 4 423 176 33 26 -1 -1 -1 -1 
22 5 514 148 15 12 -1 -1 -1 -1 
23 3 581 164 17 17 -1 -1 -1 -1 
23 4 423 176 33 26 -1 -1 -1 -1 
23 5 514 148 15 12 -1 -1 -1 -1 
24 3 581 165 17 17 -1 -1 -1 -1 
24 4 429 175 32 25 -1 -1 -1 -1 
24 5 517 147 14 11 -1 -1 -1 -1 
25 3 581 165 17 17 -1 -1 -1 -1 
25 4 429 175 32 25 -1 -1 -1 -1 
25 5 517 147 14 11 -1 -1 -1 -1 
26 3 582 165 17 19 -1 -1 -1 -1 
26 4 433 174 32 23 -1 -1 -1 -1 
27 3 583 166 16 19 -1 -1 -1 -1 
27 4 440 170 29 24 -1 -1 -1 -1 
28 3 583 166 16 19 -1 -1 -1 -1 
28 4 440 170 29 24 -1 -1 -1 -1 
29 3 584 167 16 21 -1 -1 -1 -1 
29 4 443 169 32 23 -1 -1 -1 -1 
30 3 584 167 16 21 -1 -1 -1 -1 
30 4 443 169 32 23 -1 -1 -1 -1 
31 3 584 168 16 21 -1 -1 -1 -1 
31 4 450 167 27 23 -1 -1 -1 -1 
32 3 585 169 16 21 -1 -1 -1 -1 
32 4 453 166 26 21 -1 -1 -1 -1 
33 3 585 169 16 21 -1 -1 -1 -1 
33 4 453 166 26 21 -1 -1 -1 -1 
34 3 586 171 18 21 -1 -1 -1 -1 
34 4 456 165 25 20 -1 -1 -1 -1 
35 3 586 171 18 21 -1 -1 -1 -1 
35 4 456 165 25 20 -1 -1 -1 -1 
36 3 586 173 19 22 -1 -1 -1 -1 
36 4 460 163 27 20 -1 -1 -1 -1 
37 3 586 174 20 24 -1 -1 -1 -1 
37 4 465 161 23 20 -1 -1 -1 -1 
38 3 586 174 20 24 -1 -1 -1 -1 
38 4 465 161 23 20 -1 -1 -1 -1 
39 3 586 174 20 24 -1 -1 -1 -1 
40 3 587 176 21 27 -1 -1 -1 -1 
40 4 471 160 21 17 -1 -1 -1 -1 
41 3 587 176 21 27 -1 -1 -1 -1 
41 4 471 160 21 17 -1 -1 -1 -1 
42 3 588 178 21 27 -1 -1 -1 -1 
42 4 475 158 19 17 -1 -1 -1 -1 
43 3 589 179 21 29 -1 -1 -1 -1 
43 4 477 156 20 18 -1 -1 -1 -1 
44 3 589 179 21 29 -1 -1 -1 -1 
44 4 477 156 20 18 -1 -1 -1 -1 
45 3 590 181 22 29 -1 -1 -1 -1 
45 4 478 156 20 17 -1 -1 -1 -1 
46 3 590 181 22 29 -1 -1 -1 -1 
46 4 478 156 20 17 -1 -1 -1 -1 
47 3 590 181 22 29 -1 -1 -1 -1 
48 4 483 154 20 16 -1 -1 -1 -1 
49 4 483 154 20 16 -1 -1 -1 -1 
50 3 591 189 27 34 -1 -1 -1 -1 
50 4 486 153 19 16 -1 -1 -1 -1 
51 3 591 189 27 34 -1 -1 -1 -1 
51 4 486 153 19 16 -1 -1 -1 -1 
52 3 591 189 27 34 -1 -1 -1 -1 
53 3 595 193 27 37 -1 -1 -1 -1 
53 4 490 151 16 16 -1 -1 -1 -1 
54 3 595 193 27 37 -1 -1 -1 -1 
54 4 490 151 16 16 -1 -1 -1 -1 
55 3 595 193 27 37 -1 -1 -1 -1 
56 4 493 151 14 14 -1 -1 -1 -1 
58 3 598 200 32 46 -1 -1 -1 -1 
59 3 598 200 32 46 -1 -1 -1 -1 
60 3 599 203 35 50 -1 -1 -1 -1 
61 3 599 203 35 50 -1 -1 -1 -1 
62 3 601 207 37 51 -1 -1 -1 -1 
63 3 601 207 37 51 -1 -1 -1 -1 
64 4 501 148 13 11 -1 -1 -1 -1 
65 4 501 148 13 11 -1 -1 -1 -1 
66 4 502 148 13 11 -1 -1 -1 -1 
72 4 502 148 13 11 -1 -1 -1 -1 
78 9 1 292 131 157 -1 -1 -1 -1 
79 9 1 278 171 168 -1 -1 -1 -1 
80 9 2 264 203 155 -1 -1 -1 -1 
81 9 32 248 207 150 -1 -1 -1 -1 
82 9 32 248 207 150 -1 -1 -1 -1 
83 9 78 239 184 133 -1 -1 -1 -1 
84 9 78 239 184 133 -1 -1 -1 -1 
85 9 118 231 169 122 -1 -1 -1 -1 
86 9 153 223 154 112 -1 -1 -1 -1 
87 9 185 215 141 103 -1 -1 -1 -1 
88 9 185 215 141 103 -1 -1 -1 -1 
89 9 213 209 131 94 -1 -1 -1 -1 
89 10 71 399 239 79 -1 -1 -1 -1 
90 9 239 205 117 86 -1 -1 -1 -1 
90 10 123 367 219 111 -1 -1 -1 -1 
91 9 261 201 105 75 -1 -1 -1 -1 
91 10 185 338 186 139 -1 -1 -1 -1 
92 9 280 195 98 73 -1 -1 -1 -1 
92 10 234 313 161 128 -1 -1 -1 -1 
93 9 280 195 98 73 -1 -1 -1 -1 
93 10 234 313 161 128 -1 -1 -1 -1 
94 9 298 193 90 67 -1 -1 -1 -1 
94 10 275 292 138 111 -1 -1 -1 -1 
95 9 313 188 86 64 -1 -1 -1 -1 
95 10 309 272 120 101 -1 -1 -1 -1 
96 9 313 188 86 64 -1 -1 -1 -1 
96 10 309 272 120 101 -1 -1 -1 -1 
97 9 329 183 79 61 -1 -1 -1 -1 
97 10 334 259 108 90 -1 -1 -1 -1 
98 9 343 180 74 58 -1 -1 -1 -1 
98 10 357 251 95 76 -1 -1 -1 -1 
99 9 353 179 69 54 -1 -1 -1 -1 
99 10 376 239 85 73 -1 -1 -1 -1 
100 9 363 174 65 54 -1 -1 -1 -1 
100 10 394 231 76 64 -1 -1 -1 -1 
101 9 373 175 60 49 -1 -1 -1 -1 
101 10 406 223 69 62 -1 -1 -1 -1 
102 9 373 175 60 49 -1 -1 -1 -1 
102 10 406 223 69 62 -1 -1 -1 -1 
103 9 381 176 57 45 -1 -1 -1 -1 
103 10 418 217 64 55 -1 -1 -1 -1 
104 9 389 174 54 43 -1 -1 -1 -1 
104 10 428 209 58 53 -1 -1 -1 -1 
105 9 389 174 54 43 -1 -1 -1 -1 
105 10 428 209 58 53 -1 -1 -1 -1 
106 9 399 170 48 42 -1 -1 -1 -1 
106 10 434 206 57 46 -1 -1 -1 -1 
107 9 405 171 46 38 -1 -1 -1 -1 
107 10 441 203 54 43 -1 -1 -1 -1 
108 9 411 170 45 37 -1 -1 -1 -1 
108 10 450 199 48 41 -1 -1 -1 -1 
109 9 417 169 43 33 -1 -1 -1 -1 
109 10 457 195 45 39 -1 -1 -1 -1 
110 9 417 169 43 33 -1 -1 -1 -1 
110 10 457 195 45 39 -1 -1 -1 -1 
111 9 423 169 39 31 -1 -1 -1 -1 
111 10 462 191 42 37 -1 -1 -1 -1 
112 9 429 167 38 30 -1 -1 -1 -1 
112 10 467 188 40 35 -1 -1 -1 -1 
113 9 429 167 38 30 -1 -1 -1 -1 
113 10 467 188 40 35 -1 -1 -1 -1 
114 9 437 164 35 29 -1 -1 -1 -1 
114 10 474 184 35 30 -1 -1 -1 -1 
115 9 437 164 35 29 -1 -1 -1 -1 
115 10 474 184 35 30 -1 -1 -1 -1 
116 9 441 163 35 29 -1 -1 -1 -1 
116 10 480 181 32 30 -1 -1 -1 -1 
117 9 445 163 31 26 -1 -1 -1 -1 
117 10 482 179 32 29 -1 -1 -1 -1 
118 9 450 161 30 26 -1 -1 -1 -1 
118 10 486 177 29 27 -1 -1 -1 -1 
119 9 453 160 29 25 -1 -1 -1 -1 
119 10 489 174 29 27 -1 -1 -1 -1 
120 9 453 160 29 25 -1 -1 -1 -1 
120 10 489 174 29 27 -1 -1 -1 -1 
121 9 455 159 29 24 -1 -1 -1 -1 
121 10 493 173 26 24 -1 -1 -1 -1 
122 9 460 157 27 23 -1 -1 -1 -1 
122 10 494 171 27 25 -1 -1 -1 -1 
123 9 462 156 28 23 -1 -1 -1 -1 
123 10 497 169 25 23 -1 -1 -1 -1 
123 11 108 341 220 138 -1 -1 -1 -1 
124 9 464 155 27 22 -1 -1 -1 -1 
124 10 498 169 25 23 -1 -1 -1 -1 
124 11 164 319 193 147 -1 -1 -1 -1 
125 9 467 156 25 20 -1 -1 -1 -1 
125 10 502 166 23 23 -1 -1 -1 -1 
125 11 209 300 170 128 -1 -1 -1 -1 
126 9 471 154 23 21 -1 -1 -1 -1 
126 10 504 165 23 21 -1 -1 -1 -1 
126 11 248 280 151 117 -1 -1 -1 -1 
127 9 473 153 23 20 -1 -1 -1 -1 
127 10 505 163 23 22 -1 -1 -1 -1 
127 11 280 264 135 105 -1 -1 -1 -1 
128 9 473 153 23 20 -1 -1 -1 -1 
128 10 505 163 23 22 -1 -1 -1 -1 
128 11 280 264 135 105 -1 -1 -1 -1 
129 9 476 152 21 20 -1 -1 -1 -1 
129 10 507 162 23 20 -1 -1 -1 -1 
129 11 312 252 114 93 -1 -1 -1 -1 
130 9 478 152 21 19 -1 -1 -1 -1 
130 10 510 160 20 21 -1 -1 -1 -1 
130 11 334 243 106 84 -1 -1 -1 -1 
131 9 480 151 21 18 -1 -1 -1 -1 
131 10 510 160 21 20 -1 -1 -1 -1 
131 11 357 232 90 79 -1 -1 -1 -1 
132 9 482 150 21 18 -1 -1 -1 -1 
132 10 512 159 20 19 -1 -1 -1 -1 
132 11 374 225 82 71 -1 -1 -1 -1 
133 9 483 149 22 19 -1 -1 -1 -1 
133 10 512 158 22 18 -1 -1 -1 -1 
133 11 387 220 77 65 -1 -1 -1 -1 
134 9 485 149 20 18 -1 -1 -1 -1 
134 10 515 157 20 18 -1 -1 -1 -1 
134 11 400 212 72 61 -1 -1 -1 -1 
135 9 487 148 19 16 -1 -1 -1 -1 
135 10 516 156 19 18 -1 -1 -1 -1 
135 11 409 206 68 60 -1 -1 -1 -1 
136 9 490 147 18 16 -1 -1 -1 -1 
136 10 517 156 18 16 -1 -1 -1 -1 
136 11 420 204 63 53 -1 -1 -1 -1 
137 9 490 147 20 15 -1 -1 -1 -1 
137 10 519 154 17 16 -1 -1 -1 -1 
137 11 428 199 58 51 -1 -1 -1 -1 
138 9 492 148 18 14 -1 -1 -1 -1 
138 10 519 154 19 16 -1 -1 -1 -1 
138 11 435 195 55 48 -1 -1 -1 -1 
139 9 492 148 18 14 -1 -1 -1 -1 
139 10 519 154 19 16 -1 -1 -1 -1 
139 11 435 195 55 48 -1 -1 -1 -1 
140 9 493 147 19 15 -1 -1 -1 -1 
140 10 520 153 18 16 -1 -1 -1 -1 
140 11 441 193 54 45 -1 -1 -1 -1 
141 9 493 147 19 15 -1 -1 -1 -1 
141 10 520 153 18 16 -1 -1 -1 -1 
141 11 441 193 54 45 -1 -1 -1 -1 
142 9 494 146 18 15 -1 -1 -1 -1 
142 10 522 151 17 17 -1 -1 -1 -1 
142 11 450 190 47 42 -1 -1 -1 -1 
142 13 135 401 193 77 -1 -1 -1 -1 
143 9 495 145 18 15 -1 -1 -1 -1 
143 10 523 150 18 17 -1 -1 -1 -1 
143 11 455 187 45 41 -1 -1 -1 -1 
143 13 181 369 179 110 -1 -1 -1 -1 
144 9 495 145 18 15 -1 -1 -1 -1 
144 10 523 151 19 15 -1 -1 -1 -1 
144 11 460 185 44 38 -1 -1 -1 -1 
145 10 523 151 19 15 -1 -1 -1 -1 
145 11 465 182 40 37 -1 -1 -1 -1 
146 11 469 180 39 34 -1 -1 -1 -1 
146 13 304 300 116 93 -1 -1 -1 -1 
147 11 473 178 37 33 -1 -1 -1 -1 
147 13 331 285 104 82 -1 -1 -1 -1 
148 11 476 176 35 33 -1 -1 -1 -1 
148 13 354 268 92 77 -1 -1 -1 -1 
149 11 476 176 35 33 -1 -1 -1 -1 
149 13 354 268 92 77 -1 -1 -1 -1 
150 11 479 175 33 30 -1 -1 -1 -1 
150 13 372 255 85 70 -1 -1 -1 -1 
151 11 482 172 33 30 -1 -1 -1 -1 
151 13 388 245 76 63 -1 -1 -1 -1 
152 11 486 172 31 27 -1 -1 -1 -1 
152 13 401 237 71 58 -1 -1 -1 -1 
153 11 489 170 29 27 -1 -1 -1 -1 
153 13 410 225 68 58 -1 -1 -1 -1 
154 11 491 168 27 26 -1 -1 -1 -1 
154 13 424 221 59 52 -1 -1 -1 -1 
155 11 493 166 27 27 -1 -1 -1 -1 
155 13 433 216 57 47 -1 -1 -1 -1 
156 11 496 166 25 26 -1 -1 -1 -1 
156 13 437 211 53 46 -1 -1 -1 -1 
156 14 206 352 187 126 -1 -1 -1 -1 
157 11 496 166 25 26 -1 -1 -1 -1 
157 13 437 211 53 46 -1 -1 -1 -1 
157 14 206 352 187 126 -1 -1 -1 -1 
158 11 498 164 24 25 -1 -1 -1 -1 
158 13 446 207 49 41 -1 -1 -1 -1 
158 14 256 327 156 130 -1 -1 -1 -1 
159 11 499 163 25 23 -1 -1 -1 -1 
159 13 454 203 44 39 -1 -1 -1 -1 
159 14 293 305 136 111 -1 -1 -1 -1 
160 11 501 161 23 23 -1 -1 -1 -1 
160 13 459 197 42 39 -1 -1 -1 -1 
160 14 324 286 121 101 -1 -1 -1 -1 
161 11 503 161 22 21 -1 -1 -1 -1 
161 13 466 195 38 35 -1 -1 -1 -1 
161 14 349 272 107 87 -1 -1 -1 -1 
161 16 0 333 184 128 -1 -1 -1 -1 
162 11 505 159 22 21 -1 -1 -1 -1 
162 13 469 191 38 34 -1 -1 -1 -1 
162 14 369 257 97 81 -1 -1 -1 -1 
162 16 51 313 170 113 -1 -1 -1 -1 
163 11 505 158 22 21 -1 -1 -1 -1 
163 13 472 187 37 34 -1 -1 -1 -1 
163 14 387 246 88 73 -1 -1 -1 -1 
163 16 96 295 157 104 -1 -1 -1 -1 
164 11 508 157 21 20 -1 -1 -1 -1 
164 13 477 185 35 31 -1 -1 -1 -1 
164 14 401 237 80 69 -1 -1 -1 -1 
164 16 137 280 143 93 -1 -1 -1 -1 
165 11 510 156 21 21 -1 -1 -1 -1 
165 13 479 185 35 28 -1 -1 -1 -1 
165 14 414 229 72 62 -1 -1 -1 -1 
165 16 175 269 128 83 -1 -1 -1 -1 
166 11 511 155 20 20 -1 -1 -1 -1 
166 13 482 182 33 28 -1 -1 -1 -1 
166 14 424 223 64 58 -1 -1 -1 -1 
166 16 207 255 116 77 -1 -1 -1 -1 
167 11 512 154 20 20 -1 -1 -1 -1 
167 13 487 177 30 29 -1 -1 -1 -1 
167 14 433 216 60 53 -1 -1 -1 -1 
167 16 235 246 105 69 -1 -1 -1 -1 
168 11 513 154 19 18 -1 -1 -1 -1 
168 13 490 175 29 27 -1 -1 -1 -1 
168 14 441 212 55 51 -1 -1 -1 -1 
168 16 259 236 97 64 -1 -1 -1 -1 
169 11 515 153 18 18 -1 -1 -1 -1 
169 13 493 173 28 27 -1 -1 -1 -1 
169 14 450 209 48 44 -1 -1 -1 -1 
169 16 282 226 86 60 -1 -1 -1 -1 
170 11 516 153 18 17 -1 -1 -1 -1 
170 13 494 172 29 26 -1 -1 -1 -1 
170 14 455 203 50 45 -1 -1 -1 -1 
170 16 301 222 80 54 -1 -1 -1 -1 
171 11 517 151 17 19 -1 -1 -1 -1 
171 13 496 171 27 24 -1 -1 -1 -1 
171 14 462 199 44 43 -1 -1 -1 -1 
171 16 319 214 72 52 -1 -1 -1 -1 
172 11 518 151 17 18 -1 -1 -1 -1 
172 13 497 170 27 23 -1 -1 -1 -1 
172 14 466 194 44 41 -1 -1 -1 -1 
172 16 333 211 67 47 -1 -1 -1 -1 
173 11 518 151 17 18 -1 -1 -1 -1 
173 13 499 168 26 23 -1 -1 -1 -1 
173 14 471 193 40 37 -1 -1 -1 -1 
174 13 501 167 26 22 -1 -1 -1 -1 
174 14 474 189 41 37 -1 -1 -1 -1 
174 16 358 201 61 43 -1 -1 -1 -1 
175 13 503 166 23 19 -1 -1 -1 -1 
175 14 479 187 36 34 -1 -1 -1 -1 
175 16 368 197 57 41 -1 -1 -1 -1 
176 13 506 165 22 18 -1 -1 -1 -1 
176 14 483 185 32 33 -1 -1 -1 -1 
176 16 379 194 52 37 -1 -1 -1 -1 
177 13 506 165 22 18 -1 -1 -1 -1 
177 14 483 185 32 33 -1 -1 -1 -1 
177 16 379 194 52 37 -1 -1 -1 -1 
178 11 583 152 13 12 -1 -1 -1 -1 
178 13 508 165 21 17 -1 -1 -1 -1 
178 14 485 182 34 31 -1 -1 -1 -1 
178 16 388 191 50 35 -1 -1 -1 -1 
179 11 583 152 14 13 -1 -1 -1 -1 
179 13 509 164 21 17 -1 -1 -1 -1 
179 14 488 181 31 28 -1 -1 -1 -1 
179 16 395 188 48 34 -1 -1 -1 -1 
180 11 584 153 14 14 -1 -1 -1 -1 
180 13 509 164 21 17 -1 -1 -1 -1 
180 14 491 178 31 29 -1 -1 -1 -1 
181 11 584 154 14 14 -1 -1 -1 -1 
181 14 492 176 31 28 -1 -1 -1 -1 
181 16 409 183 44 31 -1 -1 -1 -1 
182 11 585 156 14 13 -1 -1 -1 -1 
182 14 495 174 30 27 -1 -1 -1 -1 
182 16 417 180 39 28 -1 -1 -1 -1 
183 11 586 157 13 13 -1 -1 -1 -1 
183 14 497 172 29 27 -1 -1 -1 -1 
183 16 422 178 37 28 -1 -1 -1 -1 
184 11 586 157 14 14 -1 -1 -1 -1 
184 14 498 171 29 26 -1 -1 -1 -1 
184 16 427 177 36 26 -1 -1 -1 -1 
185 11 586 157 14 16 -1 -1 -1 -1 
185 14 501 170 26 23 -1 -1 -1 -1 
185 16 431 174 35 26 -1 -1 -1 -1 
186 11 587 158 14 16 -1 -1 -1 -1 
186 14 503 168 24 23 -1 -1 -1 -1 
186 16 437 173 32 24 -1 -1 -1 -1 
187 11 587 158 14 16 -1 -1 -1 -1 
187 14 505 167 24 22 -1 -1 -1 -1 
188 11 590 161 13 17 -1 -1 -1 -1 
188 14 507 167 22 20 -1 -1 -1 -1 
188 16 444 170 32 23 -1 -1 -1 -1 
189 11 590 163 14 16 -1 -1 -1 -1 
189 14 509 162 23 23 -1 -1 -1 -1 
189 16 450 169 30 22 -1 -1 -1 -1 
190 11 590 167 16 14 -1 -1 -1 -1 
190 14 510 162 21 22 -1 -1 -1 -1 
190 16 454 167 27 23 -1 -1 -1 -1 
191 11 592 168 15 14 -1 -1 -1 -1 
191 14 511 162 20 20 -1 -1 -1 -1 
191 16 455 165 28 22 -1 -1 -1 -1 
192 11 593 168 15 16 -1 -1 -1 -1 
192 14 511 161 22 20 -1 -1 -1 -1 
192 16 459 164 27 21 -1 -1 -1 -1 
193 11 595 169 14 16 -1 -1 -1 -1 
193 14 512 160 21 19 -1 -1 -1 -1 
193 16 462 163 26 21 -1 -1 -1 -1 
194 11 595 169 15 18 -1 -1 -1 -1 
194 14 513 160 20 17 -1 -1 -1 -1 
194 16 466 163 24 19 -1 -1 -1 -1 
195 11 596 169 15 19 -1 -1 -1 -1 
195 14 516 158 18 18 -1 -1 -1 -1 
195 16 467 160 24 19 -1 -1 -1 -1 
196 11 597 172 16 20 -1 -1 -1 -1 
196 14 517 157 18 18 -1 -1 -1 -1 
196 16 471 160 22 17 -1 -1 -1 -1 
197 11 597 173 18 21 -1 -1 -1 -1 
197 14 518 154 20 18 -1 -1 -1 -1 
197 16 473 159 21 17 -1 -1 -1 -1 
198 11 599 176 21 24 -1 -1 -1 -1 
198 14 521 154 17 16 -1 -1 -1 -1 
198 16 478 156 20 18 -1 -1 -1 -1 
199 11 600 178 21 25 -1 -1 -1 -1 
199 14 522 153 16 17 -1 -1 -1 -1 
199 16 479 156 20 17 -1 -1 -1 -1 
200 11 604 183 21 25 -1 -1 -1 -1 
200 14 523 151 15 17 -1 -1 -1 -1 
200 16 484 154 18 16 -1 -1 -1 -1 
201 11 605 185 23 26 -1 -1 -1 -1 
201 14 523 151 15 17 -1 -1 -1 -1 
202 11 605 187 27 30 -1 -1 -1 -1 
202 16 487 153 18 15 -1 -1 -1 -1 
203 11 608 189 26 31 -1 -1 -1 -1 
204 11 609 192 28 33 -1 -1 -1 -1 
204 16 490 151 17 16 -1 -1 -1 -1 
205 11 609 192 28 33 -1 -1 -1 -1 
206 16 492 150 17 13 -1 -1 -1 -1 
207 16 496 149 15 13 -1 -1 -1 -1 
208 16 497 149 15 13 -1 -1 -1 -1 
211 16 499 149 14 11 -1 -1 -1 -1 
