4 3 411 216 62 51 -1 -1 -1 -1 
4 4 512 156 20 18 -1 -1 -1 -1 
5 3 422 207 59 50 -1 -1 -1 -1 
5 4 513 155 19 18 -1 -1 -1 -1 
6 3 422 207 59 50 -1 -1 -1 -1 
6 4 513 155 19 18 -1 -1 -1 -1 
7 3 432 203 54 45 -1 -1 -1 -1 
7 4 515 155 18 16 -1 -1 -1 -1 
8 3 439 199 48 41 -1 -1 -1 -1 
8 4 516 155 18 14 -1 -1 -1 -1 
9 3 439 199 48 41 -1 -1 -1 -1 
9 4 516 155 18 14 -1 -1 -1 -1 
10 3 448 195 45 38 -1 -1 -1 -1 
10 4 517 153 17 15 -1 -1 -1 -1 
11 3 448 195 45 38 -1 -1 -1 -1 
11 4 517 153 17 15 -1 -1 -1 -1 
12 3 455 191 42 37 -1 -1 -1 -1 
12 4 519 153 16 14 -1 -1 -1 -1 
13 3 460 188 39 34 -1 -1 -1 -1 
13 4 519 151 17 15 -1 -1 -1 -1 
14 3 460 188 39 34 -1 -1 -1 -1 
14 4 519 151 17 15 -1 -1 -1 -1 
15 3 466 185 35 31 -1 -1 -1 -1 
15 4 520 150 17 15 -1 -1 -1 -1 
16 3 466 185 35 31 -1 -1 -1 -1 
16 4 520 150 17 15 -1 -1 -1 -1 
17 3 470 181 35 31 -1 -1 -1 -1 
17 4 520 150 18 14 -1 -1 -1 -1 
18 3 475 179 33 29 -1 -1 -1 -1 
18 4 521 150 17 14 -1 -1 -1 -1 
19 3 475 179 33 29 -1 -1 -1 -1 
19 4 521 150 17 14 -1 -1 -1 -1 
20 3 479 176 30 27 -1 -1 -1 -1 
20 4 522 148 17 15 -1 -1 -1 -1 
21 3 482 174 31 27 -1 -1 -1 -1 
21 4 523 148 16 14 -1 -1 -1 -1 
22 3 485 172 29 26 -1 -1 -1 -1 
22 4 523 147 17 13 -1 -1 -1 -1 
23 3 485 172 29 26 -1 -1 -1 -1 
23 4 523 147 17 13 -1 -1 -1 -1 
24 3 488 170 28 25 -1 -1 -1 -1 
24 4 524 146 17 13 -1 -1 -1 -1 
24 6 596 168 14 14 -1 -1 -1 -1 
25 3 491 168 26 24 -1 -1 -1 -1 
25 4 525 146 17 12 -1 -1 -1 -1 
25 6 596 168 14 15 -1 -1 -1 -1 
26 3 491 168 26 24 -1 -1 -1 -1 
26 4 525 146 17 12 -1 -1 -1 -1 
26 6 596 168 14 15 -1 -1 -1 -1 
27 3 494 167 24 22 -1 -1 -1 -1 
27 4 526 146 16 12 -1 -1 -1 -1 
27 6 596 169 15 16 -1 -1 -1 -1 
28 3 497 166 23 22 -1 -1 -1 -1 
28 4 527 145 16 12 -1 -1 -1 -1 
28 6 596 170 16 15 -1 -1 -1 -1 
29 3 497 166 23 22 -1 -1 -1 -1 
29 4 527 145 16 12 -1 -1 -1 -1 
29 6 596 170 16 15 -1 -1 -1 -1 
30 3 499 163 22 24 -1 -1 -1 -1 
30 4 527 145 16 12 -1 -1 -1 -1 
30 6 597 170 15 16 -1 -1 -1 -1 
31 3 499 163 22 24 -1 -1 -1 -1 
31 4 527 145 16 12 -1 -1 -1 -1 
31 6 597 170 15 16 -1 -1 -1 -1 
32 3 499 163 23 20 -1 -1 -1 -1 
32 4 527 145 16 12 -1 -1 -1 -1 
33 3 503 161 20 20 -1 -1 -1 -1 
33 6 598 171 17 19 -1 -1 -1 -1 
34 3 503 161 20 20 -1 -1 -1 -1 
34 6 598 171 17 19 -1 -1 -1 -1 
35 3 505 159 20 20 -1 -1 -1 -1 
35 6 598 172 18 19 -1 -1 -1 -1 
36 3 505 159 20 20 -1 -1 -1 -1 
36 6 598 172 18 19 -1 -1 -1 -1 
37 3 507 158 19 20 -1 -1 -1 -1 
37 6 599 174 18 18 -1 -1 -1 -1 
38 3 509 157 18 19 -1 -1 -1 -1 
38 6 599 176 19 17 -1 -1 -1 -1 
39 3 509 157 18 19 -1 -1 -1 -1 
39 6 599 176 19 17 -1 -1 -1 -1 
40 3 510 156 19 18 -1 -1 -1 -1 
40 6 600 177 20 18 -1 -1 -1 -1 
41 3 510 156 19 18 -1 -1 -1 -1 
41 6 600 177 20 18 -1 -1 -1 -1 
42 3 511 155 20 18 -1 -1 -1 -1 
42 6 601 177 19 20 -1 -1 -1 -1 
43 3 512 154 20 17 -1 -1 -1 -1 
43 6 601 177 20 20 -1 -1 -1 -1 
44 3 512 154 20 17 -1 -1 -1 -1 
44 6 601 177 20 20 -1 -1 -1 -1 
45 3 514 153 19 17 -1 -1 -1 -1 
45 6 602 178 20 21 -1 -1 -1 -1 
46 3 514 153 19 17 -1 -1 -1 -1 
46 6 602 178 20 21 -1 -1 -1 -1 
47 3 516 152 17 17 -1 -1 -1 -1 
47 6 604 179 19 23 -1 -1 -1 -1 
48 3 518 152 15 16 -1 -1 -1 -1 
48 6 605 182 19 20 -1 -1 -1 -1 
49 3 518 152 15 16 -1 -1 -1 -1 
49 6 605 182 19 20 -1 -1 -1 -1 
50 3 519 151 15 16 -1 -1 -1 -1 
50 6 605 183 20 21 -1 -1 -1 -1 
51 3 519 151 15 16 -1 -1 -1 -1 
51 6 605 183 20 21 -1 -1 -1 -1 
52 3 520 150 16 16 -1 -1 -1 -1 
52 6 606 184 20 22 -1 -1 -1 -1 
53 3 521 149 16 16 -1 -1 -1 -1 
53 6 606 185 21 22 -1 -1 -1 -1 
54 3 521 149 16 16 -1 -1 -1 -1 
54 6 606 185 21 22 -1 -1 -1 -1 
55 3 522 147 16 16 -1 -1 -1 -1 
55 6 606 187 23 22 -1 -1 -1 -1 
56 3 522 147 16 16 -1 -1 -1 -1 
56 6 606 187 23 22 -1 -1 -1 -1 
57 3 523 148 15 14 -1 -1 -1 -1 
57 6 608 190 24 23 -1 -1 -1 -1 
58 3 523 148 15 14 -1 -1 -1 -1 
59 3 524 147 15 14 -1 -1 -1 -1 
59 6 610 193 24 24 -1 -1 -1 -1 
60 3 524 147 15 14 -1 -1 -1 -1 
61 6 612 194 24 25 -1 -1 -1 -1 
73 6 612 194 24 25 -1 -1 -1 -1 
107 3 595 165 14 14 -1 -1 -1 -1 
108 3 595 165 14 15 -1 -1 -1 -1 
109 3 595 165 14 15 -1 -1 -1 -1 
110 3 596 167 14 14 -1 -1 -1 -1 
111 3 596 167 14 14 -1 -1 -1 -1 
112 3 596 168 15 14 -1 -1 -1 -1 
113 3 596 168 15 14 -1 -1 -1 -1 
114 3 596 168 15 14 -1 -1 -1 -1 
115 3 596 168 16 15 -1 -1 -1 -1 
116 3 596 168 16 15 -1 -1 -1 -1 
117 3 596 168 16 15 -1 -1 -1 -1 
117 8 0 320 94 147 -1 -1 -1 -1 
118 3 597 169 16 15 -1 -1 -1 -1 
118 8 0 298 131 166 -1 -1 -1 -1 
119 3 597 169 16 15 -1 -1 -1 -1 
119 8 0 298 131 166 -1 -1 -1 -1 
120 3 597 170 16 15 -1 -1 -1 -1 
120 8 1 278 164 194 -1 -1 -1 -1 
121 3 597 170 16 15 -1 -1 -1 -1 
121 8 1 278 164 194 -1 -1 -1 -1 
122 3 597 170 18 16 -1 -1 -1 -1 
122 8 1 269 193 183 -1 -1 -1 -1 
123 3 599 171 17 16 -1 -1 -1 -1 
123 8 2 256 219 173 -1 -1 -1 -1 
124 3 599 171 17 16 -1 -1 -1 -1 
124 8 2 256 219 173 -1 -1 -1 -1 
125 3 599 173 18 16 -1 -1 -1 -1 
125 8 26 245 221 163 -1 -1 -1 -1 
126 3 600 174 18 17 -1 -1 -1 -1 
126 8 67 232 204 156 -1 -1 -1 -1 
127 3 600 174 18 17 -1 -1 -1 -1 
127 8 67 232 204 156 -1 -1 -1 -1 
128 3 601 176 17 16 -1 -1 -1 -1 
128 8 102 223 188 146 -1 -1 -1 -1 
129 3 601 176 17 16 -1 -1 -1 -1 
129 8 102 223 188 146 -1 -1 -1 -1 
130 3 602 177 17 16 -1 -1 -1 -1 
130 8 136 217 171 136 -1 -1 -1 -1 
130 9 226 173 15 26 -1 -1 -1 -1 
131 3 602 177 19 18 -1 -1 -1 -1 
131 8 155 210 166 129 -1 -1 -1 -1 
131 9 226 173 15 26 -1 -1 -1 -1 
132 3 602 177 19 18 -1 -1 -1 -1 
132 8 155 210 166 129 -1 -1 -1 -1 
132 9 226 173 15 26 -1 -1 -1 -1 
133 3 603 177 18 20 -1 -1 -1 -1 
133 8 191 205 147 120 -1 -1 -1 -1 
134 3 603 177 18 20 -1 -1 -1 -1 
134 8 191 205 147 120 -1 -1 -1 -1 
135 3 604 177 18 21 -1 -1 -1 -1 
135 8 216 197 134 115 -1 -1 -1 -1 
135 9 226 173 15 26 -1 -1 -1 -1 
136 3 605 178 18 22 -1 -1 -1 -1 
136 8 236 196 124 104 -1 -1 -1 -1 
136 9 226 173 15 26 -1 -1 -1 -1 
137 3 605 178 18 22 -1 -1 -1 -1 
137 8 236 196 124 104 -1 -1 -1 -1 
137 9 226 173 15 26 -1 -1 -1 -1 
138 3 606 178 19 23 -1 -1 -1 -1 
138 8 255 190 116 101 -1 -1 -1 -1 
138 9 226 173 15 26 -1 -1 -1 -1 
139 3 607 183 19 20 -1 -1 -1 -1 
139 8 271 191 106 89 -1 -1 -1 -1 
140 3 607 183 19 20 -1 -1 -1 -1 
140 8 271 191 106 89 -1 -1 -1 -1 
141 3 607 185 21 19 -1 -1 -1 -1 
141 8 287 189 100 83 -1 -1 -1 -1 
142 3 607 185 21 19 -1 -1 -1 -1 
142 8 287 189 100 83 -1 -1 -1 -1 
143 3 608 186 22 20 -1 -1 -1 -1 
143 8 304 183 91 82 -1 -1 -1 -1 
144 3 609 188 23 21 -1 -1 -1 -1 
144 8 315 182 88 77 -1 -1 -1 -1 
145 3 609 188 23 21 -1 -1 -1 -1 
145 8 315 182 88 77 -1 -1 -1 -1 
146 3 610 189 24 23 -1 -1 -1 -1 
146 8 327 179 81 73 -1 -1 -1 -1 
147 3 612 189 23 25 -1 -1 -1 -1 
147 8 338 174 77 73 -1 -1 -1 -1 
148 3 612 189 23 25 -1 -1 -1 -1 
148 8 338 174 77 73 -1 -1 -1 -1 
149 3 614 191 24 26 -1 -1 -1 -1 
149 8 347 171 74 70 -1 -1 -1 -1 
150 3 615 191 24 30 -1 -1 -1 -1 
150 8 355 173 70 65 -1 -1 -1 -1 
151 3 615 191 24 30 -1 -1 -1 -1 
151 8 355 173 70 65 -1 -1 -1 -1 
152 3 615 191 24 30 -1 -1 -1 -1 
153 8 371 170 62 60 -1 -1 -1 -1 
154 8 371 170 62 60 -1 -1 -1 -1 
155 8 379 165 58 61 -1 -1 -1 -1 
156 8 384 166 58 56 -1 -1 -1 -1 
157 8 384 166 58 56 -1 -1 -1 -1 
157 10 621 200 18 30 -1 -1 -1 -1 
158 8 390 167 57 52 -1 -1 -1 -1 
159 8 397 164 53 53 -1 -1 -1 -1 
160 8 397 164 53 53 -1 -1 -1 -1 
161 8 402 160 49 52 -1 -1 -1 -1 
162 8 409 158 46 51 -1 -1 -1 -1 
163 3 579 151 18 11 -1 -1 -1 -1 
163 8 409 158 46 51 -1 -1 -1 -1 
164 3 579 151 18 11 -1 -1 -1 -1 
164 8 413 159 44 48 -1 -1 -1 -1 
165 3 579 151 19 12 -1 -1 -1 -1 
165 8 418 159 42 46 -1 -1 -1 -1 
166 3 579 151 19 12 -1 -1 -1 -1 
166 8 418 159 42 46 -1 -1 -1 -1 
167 3 579 150 19 14 -1 -1 -1 -1 
167 8 423 158 41 45 -1 -1 -1 -1 
168 3 579 151 19 14 -1 -1 -1 -1 
168 8 427 158 39 43 -1 -1 -1 -1 
169 3 579 151 19 14 -1 -1 -1 -1 
169 8 427 158 39 43 -1 -1 -1 -1 
170 3 579 152 19 14 -1 -1 -1 -1 
170 8 430 159 38 40 -1 -1 -1 -1 
171 3 579 154 20 14 -1 -1 -1 -1 
171 8 434 160 36 37 -1 -1 -1 -1 
172 3 580 154 19 14 -1 -1 -1 -1 
172 8 438 158 37 37 -1 -1 -1 -1 
173 3 580 154 19 14 -1 -1 -1 -1 
173 8 438 158 37 37 -1 -1 -1 -1 
174 3 581 155 18 14 -1 -1 -1 -1 
174 8 441 156 36 38 -1 -1 -1 -1 
175 3 581 155 18 14 -1 -1 -1 -1 
175 8 441 156 36 38 -1 -1 -1 -1 
176 3 580 156 20 13 -1 -1 -1 -1 
176 8 444 155 35 38 -1 -1 -1 -1 
177 3 582 157 18 13 -1 -1 -1 -1 
177 8 448 156 35 35 -1 -1 -1 -1 
178 3 582 158 17 12 -1 -1 -1 -1 
178 8 449 154 33 35 -1 -1 -1 -1 
179 3 582 158 17 12 -1 -1 -1 -1 
179 8 449 154 33 35 -1 -1 -1 -1 
180 3 583 159 15 12 -1 -1 -1 -1 
180 8 451 155 32 33 -1 -1 -1 -1 
181 3 583 159 15 12 -1 -1 -1 -1 
181 8 451 155 32 33 -1 -1 -1 -1 
182 3 583 158 16 14 -1 -1 -1 -1 
182 8 454 155 31 32 -1 -1 -1 -1 
183 3 584 159 15 14 -1 -1 -1 -1 
183 8 457 153 30 32 -1 -1 -1 -1 
184 3 584 159 15 14 -1 -1 -1 -1 
184 8 457 153 30 32 -1 -1 -1 -1 
185 3 584 159 16 16 -1 -1 -1 -1 
185 8 460 151 29 32 -1 -1 -1 -1 
186 3 585 161 16 17 -1 -1 -1 -1 
187 3 585 161 16 17 -1 -1 -1 -1 
188 3 586 161 16 19 -1 -1 -1 -1 
188 8 464 150 27 30 -1 -1 -1 -1 
189 3 586 164 16 16 -1 -1 -1 -1 
190 3 587 165 16 16 -1 -1 -1 -1 
191 3 587 165 16 16 -1 -1 -1 -1 
192 3 587 166 17 15 -1 -1 -1 -1 
193 3 588 166 17 16 -1 -1 -1 -1 
194 3 588 166 17 16 -1 -1 -1 -1 
195 3 588 166 19 18 -1 -1 -1 -1 
195 8 474 147 24 29 -1 -1 -1 -1 
196 3 588 166 19 18 -1 -1 -1 -1 
196 8 474 147 24 29 -1 -1 -1 -1 
197 3 588 168 19 19 -1 -1 -1 -1 
197 8 476 147 24 28 -1 -1 -1 -1 
198 3 588 168 20 21 -1 -1 -1 -1 
199 3 588 168 20 21 -1 -1 -1 -1 
200 3 589 168 20 22 -1 -1 -1 -1 
201 3 590 169 19 23 -1 -1 -1 -1 
202 3 590 169 19 23 -1 -1 -1 -1 
203 3 591 171 18 22 -1 -1 -1 -1 
204 3 591 171 18 22 -1 -1 -1 -1 
205 3 592 173 18 23 -1 -1 -1 -1 
206 3 593 174 18 24 -1 -1 -1 -1 
207 3 593 176 19 24 -1 -1 -1 -1 
208 3 595 175 18 28 -1 -1 -1 -1 
209 3 595 175 18 28 -1 -1 -1 -1 
210 3 596 178 19 25 -1 -1 -1 -1 
211 3 596 178 21 28 -1 -1 -1 -1 
211 8 489 146 18 19 -1 -1 -1 -1 
212 3 596 178 21 28 -1 -1 -1 -1 
212 8 489 146 18 19 -1 -1 -1 -1 
213 3 596 179 23 30 -1 -1 -1 -1 
214 3 596 179 23 30 -1 -1 -1 -1 
215 3 598 179 21 32 -1 -1 -1 -1 
216 3 600 179 21 34 -1 -1 -1 -1 
217 3 600 179 21 34 -1 -1 -1 -1 
218 3 601 187 22 32 -1 -1 -1 -1 
219 3 601 190 25 31 -1 -1 -1 -1 
220 3 601 190 25 31 -1 -1 -1 -1 
221 3 602 194 26 30 -1 -1 -1 -1 
222 3 603 201 27 28 -1 -1 -1 -1 
223 3 603 201 27 28 -1 -1 -1 -1 
224 3 605 197 27 35 -1 -1 -1 -1 
224 8 497 145 17 15 -1 -1 -1 -1 
225 3 608 200 27 38 -1 -1 -1 -1 
225 8 498 145 17 15 -1 -1 -1 -1 
226 3 608 200 27 38 -1 -1 -1 -1 
226 8 498 145 17 15 -1 -1 -1 -1 
227 3 610 204 29 38 -1 -1 -1 -1 
227 8 499 146 16 13 -1 -1 -1 -1 
228 3 612 207 27 41 -1 -1 -1 -1 
237 3 612 207 27 41 -1 -1 -1 -1 
239 12 620 200 19 27 -1 -1 -1 -1 
240 12 622 202 17 26 -1 -1 -1 -1 
241 12 621 204 18 28 -1 -1 -1 -1 
242 12 621 204 18 28 -1 -1 -1 -1 
243 12 624 207 15 27 -1 -1 -1 -1 
276 8 577 167 16 15 -1 -1 -1 -1 
279 8 578 171 17 15 -1 -1 -1 -1 
280 8 578 170 18 18 -1 -1 -1 -1 
281 8 578 170 18 18 -1 -1 -1 -1 
282 8 578 172 19 18 -1 -1 -1 -1 
282 13 598 168 13 13 -1 -1 -1 -1 
283 8 580 175 18 17 -1 -1 -1 -1 
283 13 598 168 14 14 -1 -1 -1 -1 
284 8 580 177 20 21 -1 -1 -1 -1 
284 13 598 169 14 14 -1 -1 -1 -1 
285 8 581 179 20 20 -1 -1 -1 -1 
286 8 581 179 20 20 -1 -1 -1 -1 
287 8 581 185 21 17 -1 -1 -1 -1 
290 8 600 174 16 14 -1 -1 -1 -1 
291 8 600 173 17 16 -1 -1 -1 -1 
292 8 600 173 17 16 -1 -1 -1 -1 
292 14 583 190 26 23 -1 -1 -1 -1 
293 8 601 174 18 16 -1 -1 -1 -1 
293 14 584 189 25 27 -1 -1 -1 -1 
294 8 602 176 18 16 -1 -1 -1 -1 
294 14 586 191 25 30 -1 -1 -1 -1 
295 8 602 176 18 16 -1 -1 -1 -1 
295 14 586 191 25 30 -1 -1 -1 -1 
296 8 578 155 15 13 -1 -1 -1 -1 
296 13 605 176 16 16 -1 -1 -1 -1 
296 14 587 194 26 32 -1 -1 -1 -1 
297 8 578 155 15 14 -1 -1 -1 -1 
297 13 605 175 17 18 -1 -1 -1 -1 
297 14 589 195 27 38 -1 -1 -1 -1 
298 8 578 155 15 14 -1 -1 -1 -1 
298 13 605 175 17 18 -1 -1 -1 -1 
298 14 589 195 27 38 -1 -1 -1 -1 
299 8 578 155 15 14 -1 -1 -1 -1 
299 13 606 175 16 21 -1 -1 -1 -1 
300 13 606 176 17 22 -1 -1 -1 -1 
301 13 606 176 17 22 -1 -1 -1 -1 
302 8 580 156 15 15 -1 -1 -1 -1 
302 13 607 177 17 22 -1 -1 -1 -1 
302 14 592 210 33 43 -1 -1 -1 -1 
303 8 580 156 15 15 -1 -1 -1 -1 
304 14 593 215 35 45 -1 -1 -1 -1 
305 8 581 160 15 15 -1 -1 -1 -1 
306 8 581 161 15 16 -1 -1 -1 -1 
306 14 595 229 42 55 -1 -1 -1 -1 
307 8 581 161 15 16 -1 -1 -1 -1 
307 14 595 229 42 55 -1 -1 -1 -1 
308 8 582 162 15 17 -1 -1 -1 -1 
308 14 598 237 41 61 -1 -1 -1 -1 
309 8 582 163 16 17 -1 -1 -1 -1 
310 8 582 163 16 17 -1 -1 -1 -1 
311 8 582 166 16 14 -1 -1 -1 -1 
311 14 602 257 37 77 -1 -1 -1 -1 
312 8 582 166 16 14 -1 -1 -1 -1 
312 14 602 257 37 77 -1 -1 -1 -1 
313 8 582 167 16 14 -1 -1 -1 -1 
313 14 604 271 35 88 -1 -1 -1 -1 
314 8 584 168 15 14 -1 -1 -1 -1 
315 8 584 168 15 14 -1 -1 -1 -1 
316 8 584 170 15 14 -1 -1 -1 -1 
317 8 584 170 15 14 -1 -1 -1 -1 
318 8 585 169 14 17 -1 -1 -1 -1 
319 8 585 170 16 18 -1 -1 -1 -1 
320 8 585 170 16 18 -1 -1 -1 -1 
321 8 585 172 17 19 -1 -1 -1 -1 
322 8 585 174 18 18 -1 -1 -1 -1 
323 8 585 174 18 18 -1 -1 -1 -1 
323 16 113 380 218 98 -1 -1 -1 -1 
324 8 585 175 19 19 -1 -1 -1 -1 
324 16 186 343 181 134 -1 -1 -1 -1 
325 8 585 175 20 21 -1 -1 -1 -1 
325 16 243 311 153 126 -1 -1 -1 -1 
326 8 585 175 20 21 -1 -1 -1 -1 
326 16 243 311 153 126 -1 -1 -1 -1 
327 8 586 177 20 22 -1 -1 -1 -1 
327 16 290 289 127 106 -1 -1 -1 -1 
328 8 586 177 20 22 -1 -1 -1 -1 
328 16 290 289 127 106 -1 -1 -1 -1 
329 8 586 179 21 24 -1 -1 -1 -1 
329 16 324 265 109 97 -1 -1 -1 -1 
330 8 586 180 22 24 -1 -1 -1 -1 
330 16 354 254 93 80 -1 -1 -1 -1 
331 8 586 180 22 24 -1 -1 -1 -1 
331 16 354 254 93 80 -1 -1 -1 -1 
332 8 588 182 21 24 -1 -1 -1 -1 
332 16 377 241 82 72 -1 -1 -1 -1 
333 8 588 182 21 24 -1 -1 -1 -1 
333 16 377 241 82 72 -1 -1 -1 -1 
334 8 589 185 20 24 -1 -1 -1 -1 
334 16 396 232 72 62 -1 -1 -1 -1 
335 8 589 187 21 26 -1 -1 -1 -1 
335 16 410 221 67 62 -1 -1 -1 -1 
336 8 589 187 21 26 -1 -1 -1 -1 
336 16 410 221 67 62 -1 -1 -1 -1 
337 8 589 189 24 29 -1 -1 -1 -1 
337 16 423 213 61 56 -1 -1 -1 -1 
338 8 590 191 25 29 -1 -1 -1 -1 
338 16 433 208 56 50 -1 -1 -1 -1 
339 8 590 191 25 29 -1 -1 -1 -1 
339 16 433 208 56 50 -1 -1 -1 -1 
340 8 590 194 27 31 -1 -1 -1 -1 
340 16 439 203 54 46 -1 -1 -1 -1 
341 8 590 194 27 31 -1 -1 -1 -1 
341 16 439 203 54 46 -1 -1 -1 -1 
342 8 591 198 28 31 -1 -1 -1 -1 
342 16 451 199 47 43 -1 -1 -1 -1 
343 8 593 200 29 35 -1 -1 -1 -1 
343 16 458 193 43 40 -1 -1 -1 -1 
344 8 593 200 29 35 -1 -1 -1 -1 
344 16 458 193 43 40 -1 -1 -1 -1 
345 8 593 200 29 35 -1 -1 -1 -1 
346 16 470 183 38 39 -1 -1 -1 -1 
347 16 470 183 38 39 -1 -1 -1 -1 
348 16 475 184 33 33 -1 -1 -1 -1 
349 16 478 182 34 30 -1 -1 -1 -1 
350 16 478 182 34 30 -1 -1 -1 -1 
351 16 481 178 33 31 -1 -1 -1 -1 
352 16 481 178 33 31 -1 -1 -1 -1 
353 16 485 177 31 27 -1 -1 -1 -1 
353 18 599 228 40 52 -1 -1 -1 -1 
354 16 491 173 26 27 -1 -1 -1 -1 
355 16 491 173 26 27 -1 -1 -1 -1 
356 16 494 171 25 26 -1 -1 -1 -1 
357 16 497 169 24 24 -1 -1 -1 -1 
358 16 497 169 24 24 -1 -1 -1 -1 
359 16 497 167 27 24 -1 -1 -1 -1 
359 19 610 258 29 78 -1 -1 -1 -1 
360 16 498 166 25 22 -1 -1 -1 -1 
361 16 498 166 25 22 -1 -1 -1 -1 
362 16 503 164 23 21 -1 -1 -1 -1 
363 16 503 164 23 21 -1 -1 -1 -1 
364 16 504 163 23 21 -1 -1 -1 -1 
365 16 507 163 21 18 -1 -1 -1 -1 
366 16 509 162 20 18 -1 -1 -1 -1 
366 20 186 340 159 119 -1 -1 -1 -1 
367 16 509 162 20 18 -1 -1 -1 -1 
367 20 186 340 159 119 -1 -1 -1 -1 
368 16 511 159 20 19 -1 -1 -1 -1 
368 20 242 311 134 101 -1 -1 -1 -1 
369 16 511 159 20 19 -1 -1 -1 -1 
369 20 242 311 134 101 -1 -1 -1 -1 
370 16 512 157 20 20 -1 -1 -1 -1 
370 20 285 287 114 87 -1 -1 -1 -1 
371 16 512 157 21 19 -1 -1 -1 -1 
371 20 319 262 100 83 -1 -1 -1 -1 
372 16 512 157 21 19 -1 -1 -1 -1 
372 20 319 262 100 83 -1 -1 -1 -1 
373 16 514 156 19 18 -1 -1 -1 -1 
373 20 349 252 84 68 -1 -1 -1 -1 
374 16 514 156 19 18 -1 -1 -1 -1 
374 20 349 252 84 68 -1 -1 -1 -1 
375 16 516 156 18 15 -1 -1 -1 -1 
375 20 371 240 75 60 -1 -1 -1 -1 
376 16 518 156 17 14 -1 -1 -1 -1 
376 20 390 227 67 55 -1 -1 -1 -1 
377 16 518 156 17 14 -1 -1 -1 -1 
377 20 390 227 67 55 -1 -1 -1 -1 
378 16 519 155 17 14 -1 -1 -1 -1 
378 20 404 220 63 49 -1 -1 -1 -1 
379 16 519 155 17 14 -1 -1 -1 -1 
379 20 404 220 63 49 -1 -1 -1 -1 
380 16 520 153 17 15 -1 -1 -1 -1 
380 20 418 213 56 46 -1 -1 -1 -1 
381 16 520 153 17 15 -1 -1 -1 -1 
381 20 429 208 52 41 -1 -1 -1 -1 
382 20 429 208 52 41 -1 -1 -1 -1 
383 20 437 201 48 40 -1 -1 -1 -1 
384 20 447 196 44 40 -1 -1 -1 -1 
385 20 447 196 44 40 -1 -1 -1 -1 
386 20 454 192 41 35 -1 -1 -1 -1 
387 20 461 188 36 33 -1 -1 -1 -1 
388 20 461 188 36 33 -1 -1 -1 -1 
389 20 466 186 34 29 -1 -1 -1 -1 
390 20 471 182 33 28 -1 -1 -1 -1 
391 20 471 182 33 28 -1 -1 -1 -1 
392 20 474 180 33 27 -1 -1 -1 -1 
393 20 474 180 33 27 -1 -1 -1 -1 
394 20 479 176 32 27 -1 -1 -1 -1 
395 16 530 147 13 10 -1 -1 -1 -1 
395 20 485 174 28 25 -1 -1 -1 -1 
396 16 530 147 13 10 -1 -1 -1 -1 
396 20 485 174 28 25 -1 -1 -1 -1 
397 16 530 147 13 10 -1 -1 -1 -1 
398 20 487 173 28 23 -1 -1 -1 -1 
399 20 490 171 26 21 -1 -1 -1 -1 
400 20 494 169 24 21 -1 -1 -1 -1 
401 20 494 169 24 21 -1 -1 -1 -1 
402 20 497 168 23 20 -1 -1 -1 -1 
403 20 497 168 23 20 -1 -1 -1 -1 
404 20 498 166 23 20 -1 -1 -1 -1 
405 20 499 164 24 19 -1 -1 -1 -1 
406 20 499 164 24 19 -1 -1 -1 -1 
407 20 501 163 23 18 -1 -1 -1 -1 
408 20 502 162 24 18 -1 -1 -1 -1 
409 20 502 162 24 18 -1 -1 -1 -1 
410 20 505 161 22 16 -1 -1 -1 -1 
411 20 511 158 18 17 -1 -1 -1 -1 
412 20 511 158 18 17 -1 -1 -1 -1 
413 20 511 157 19 17 -1 -1 -1 -1 
414 20 513 157 18 16 -1 -1 -1 -1 
415 20 513 157 18 16 -1 -1 -1 -1 
416 20 513 156 20 15 -1 -1 -1 -1 
417 20 516 155 17 14 -1 -1 -1 -1 
418 20 516 155 17 14 -1 -1 -1 -1 
419 20 517 154 16 14 -1 -1 -1 -1 
420 20 518 153 16 13 -1 -1 -1 -1 
421 20 518 153 16 13 -1 -1 -1 -1 
450 20 588 169 15 13 -1 -1 -1 -1 
451 20 588 169 15 13 -1 -1 -1 -1 
452 20 589 169 14 14 -1 -1 -1 -1 
456 20 590 170 15 15 -1 -1 -1 -1 
457 20 590 170 15 15 -1 -1 -1 -1 
458 20 590 172 16 15 -1 -1 -1 -1 
459 20 590 172 17 18 -1 -1 -1 -1 
460 20 591 173 17 18 -1 -1 -1 -1 
461 20 591 173 17 18 -1 -1 -1 -1 
462 20 591 175 18 17 -1 -1 -1 -1 
463 20 591 176 18 17 -1 -1 -1 -1 
464 20 592 176 17 20 -1 -1 -1 -1 
465 20 592 176 17 20 -1 -1 -1 -1 
466 20 593 178 17 19 -1 -1 -1 -1 
467 20 593 179 18 20 -1 -1 -1 -1 
468 20 594 180 18 22 -1 -1 -1 -1 
469 20 594 180 18 22 -1 -1 -1 -1 
470 20 596 183 17 20 -1 -1 -1 -1 
471 20 596 183 19 22 -1 -1 -1 -1 
472 20 596 184 20 23 -1 -1 -1 -1 
473 20 596 184 20 23 -1 -1 -1 -1 
474 20 596 186 21 23 -1 -1 -1 -1 
475 20 596 188 23 23 -1 -1 -1 -1 
476 20 596 188 23 23 -1 -1 -1 -1 
477 20 597 189 23 25 -1 -1 -1 -1 
478 20 599 191 23 27 -1 -1 -1 -1 
479 20 600 193 24 28 -1 -1 -1 -1 
480 20 600 193 24 28 -1 -1 -1 -1 
481 20 601 196 25 28 -1 -1 -1 -1 
482 20 602 198 25 29 -1 -1 -1 -1 
483 20 603 201 27 30 -1 -1 -1 -1 
484 20 603 201 27 30 -1 -1 -1 -1 
485 20 604 206 27 29 -1 -1 -1 -1 
