3 2 610 179 20 21 -1 -1 -1 -1 
4 2 611 180 22 22 -1 -1 -1 -1 
4 3 513 153 20 20 -1 -1 -1 -1 
4 4 281 282 124 96 -1 -1 -1 -1 
5 2 611 180 22 22 -1 -1 -1 -1 
5 3 513 153 20 20 -1 -1 -1 -1 
5 4 281 282 124 96 -1 -1 -1 -1 
6 2 612 181 21 22 -1 -1 -1 -1 
6 3 517 153 17 18 -1 -1 -1 -1 
6 4 323 260 102 84 -1 -1 -1 -1 
7 2 613 181 21 22 -1 -1 -1 -1 
7 3 518 152 16 17 -1 -1 -1 -1 
7 4 357 243 88 74 -1 -1 -1 -1 
8 2 613 181 21 22 -1 -1 -1 -1 
8 3 518 152 16 17 -1 -1 -1 -1 
8 4 357 243 88 74 -1 -1 -1 -1 
9 2 615 182 20 23 -1 -1 -1 -1 
9 3 520 150 16 17 -1 -1 -1 -1 
9 4 380 231 75 64 -1 -1 -1 -1 
10 2 615 182 20 23 -1 -1 -1 -1 
10 3 520 150 16 17 -1 -1 -1 -1 
10 4 380 231 75 64 -1 -1 -1 -1 
11 2 616 184 20 23 -1 -1 -1 -1 
11 3 521 148 17 18 -1 -1 -1 -1 
11 4 399 223 67 54 -1 -1 -1 -1 
12 2 617 185 20 23 -1 -1 -1 -1 
12 3 521 148 17 18 -1 -1 -1 -1 
13 2 617 185 20 23 -1 -1 -1 -1 
13 4 415 212 59 53 -1 -1 -1 -1 
14 2 617 186 21 24 -1 -1 -1 -1 
14 4 429 205 54 46 -1 -1 -1 -1 
15 2 617 186 21 24 -1 -1 -1 -1 
15 4 429 205 54 46 -1 -1 -1 -1 
16 2 618 186 21 25 -1 -1 -1 -1 
16 4 438 199 50 43 -1 -1 -1 -1 
17 2 619 187 20 26 -1 -1 -1 -1 
17 4 451 194 42 39 -1 -1 -1 -1 
18 2 619 187 20 26 -1 -1 -1 -1 
18 4 451 194 42 39 -1 -1 -1 -1 
19 2 619 187 20 27 -1 -1 -1 -1 
19 4 458 189 40 37 -1 -1 -1 -1 
20 2 619 187 20 27 -1 -1 -1 -1 
20 4 458 189 40 37 -1 -1 -1 -1 
21 2 620 189 19 27 -1 -1 -1 -1 
21 4 465 186 36 34 -1 -1 -1 -1 
22 2 622 192 17 27 -1 -1 -1 -1 
22 4 471 183 34 31 -1 -1 -1 -1 
23 2 622 192 17 27 -1 -1 -1 -1 
23 4 471 183 34 31 -1 -1 -1 -1 
24 2 623 193 16 27 -1 -1 -1 -1 
24 4 476 180 32 29 -1 -1 -1 -1 
25 2 623 193 16 27 -1 -1 -1 -1 
25 4 476 180 32 29 -1 -1 -1 -1 
26 2 624 196 15 26 -1 -1 -1 -1 
26 4 480 176 30 27 -1 -1 -1 -1 
27 2 624 197 15 27 -1 -1 -1 -1 
27 4 484 174 30 26 -1 -1 -1 -1 
28 2 624 197 15 27 -1 -1 -1 -1 
28 4 484 174 30 26 -1 -1 -1 -1 
29 2 624 197 15 27 -1 -1 -1 -1 
30 4 493 169 24 23 -1 -1 -1 -1 
31 4 496 167 24 23 -1 -1 -1 -1 
32 4 496 167 24 23 -1 -1 -1 -1 
33 4 499 167 22 20 -1 -1 -1 -1 
34 4 499 167 22 20 -1 -1 -1 -1 
35 4 500 164 23 20 -1 -1 -1 -1 
36 4 504 162 21 19 -1 -1 -1 -1 
37 4 504 162 21 19 -1 -1 -1 -1 
38 4 506 161 20 18 -1 -1 -1 -1 
39 4 506 161 20 18 -1 -1 -1 -1 
40 4 508 159 19 18 -1 -1 -1 -1 
41 4 511 156 18 19 -1 -1 -1 -1 
42 4 511 156 18 19 -1 -1 -1 -1 
43 4 512 156 19 18 -1 -1 -1 -1 
44 4 514 155 19 17 -1 -1 -1 -1 
45 4 514 155 19 17 -1 -1 -1 -1 
46 4 517 154 16 16 -1 -1 -1 -1 
47 4 517 154 16 16 -1 -1 -1 -1 
48 4 518 153 16 16 -1 -1 -1 -1 
49 4 519 151 16 17 -1 -1 -1 -1 
50 4 519 151 16 17 -1 -1 -1 -1 
51 4 520 149 17 17 -1 -1 -1 -1 
52 4 520 149 17 17 -1 -1 -1 -1 
53 4 522 149 16 16 -1 -1 -1 -1 
54 4 523 149 15 15 -1 -1 -1 -1 
55 4 523 149 15 15 -1 -1 -1 -1 
56 4 524 148 14 14 -1 -1 -1 -1 
57 4 524 148 14 14 -1 -1 -1 -1 
69 4 596 168 14 12 -1 -1 -1 -1 
70 4 596 168 14 12 -1 -1 -1 -1 
71 4 596 169 14 11 -1 -1 -1 -1 
72 4 596 168 15 12 -1 -1 -1 -1 
73 4 597 168 14 13 -1 -1 -1 -1 
74 4 597 169 14 13 -1 -1 -1 -1 
75 4 597 169 14 13 -1 -1 -1 -1 
76 4 597 169 14 14 -1 -1 -1 -1 
77 4 597 169 14 15 -1 -1 -1 -1 
78 4 597 169 15 15 -1 -1 -1 -1 
79 4 597 169 15 15 -1 -1 -1 -1 
80 4 597 170 16 16 -1 -1 -1 -1 
81 4 597 170 16 16 -1 -1 -1 -1 
82 4 599 172 16 15 -1 -1 -1 -1 
83 4 599 173 16 15 -1 -1 -1 -1 
84 4 600 175 16 15 -1 -1 -1 -1 
85 4 600 175 16 15 -1 -1 -1 -1 
86 4 600 176 17 15 -1 -1 -1 -1 
87 4 600 178 17 13 -1 -1 -1 -1 
88 4 601 178 17 15 -1 -1 -1 -1 
89 4 601 178 17 15 -1 -1 -1 -1 
90 4 601 179 18 15 -1 -1 -1 -1 
90 5 581 156 15 11 -1 -1 -1 -1 
91 4 601 179 19 16 -1 -1 -1 -1 
91 5 581 157 14 11 -1 -1 -1 -1 
92 4 602 179 18 18 -1 -1 -1 -1 
92 5 582 157 14 12 -1 -1 -1 -1 
93 4 602 179 18 18 -1 -1 -1 -1 
93 5 582 157 14 12 -1 -1 -1 -1 
94 4 603 179 18 19 -1 -1 -1 -1 
94 5 583 158 13 12 -1 -1 -1 -1 
95 4 604 180 18 19 -1 -1 -1 -1 
95 5 583 158 14 13 -1 -1 -1 -1 
96 4 605 182 18 19 -1 -1 -1 -1 
96 5 583 157 15 15 -1 -1 -1 -1 
97 4 605 182 18 19 -1 -1 -1 -1 
97 5 583 157 15 15 -1 -1 -1 -1 
98 4 605 184 19 18 -1 -1 -1 -1 
98 5 584 157 15 16 -1 -1 -1 -1 
99 4 606 185 20 18 -1 -1 -1 -1 
99 5 584 159 15 16 -1 -1 -1 -1 
100 4 606 186 22 19 -1 -1 -1 -1 
100 5 584 159 15 17 -1 -1 -1 -1 
101 4 606 186 23 20 -1 -1 -1 -1 
101 5 584 160 15 18 -1 -1 -1 -1 
102 4 606 186 23 20 -1 -1 -1 -1 
102 5 584 160 15 18 -1 -1 -1 -1 
103 4 606 189 23 18 -1 -1 -1 -1 
103 5 584 162 16 18 -1 -1 -1 -1 
104 4 607 189 23 19 -1 -1 -1 -1 
105 4 609 190 23 22 -1 -1 -1 -1 
106 4 609 190 23 22 -1 -1 -1 -1 
107 4 609 191 25 23 -1 -1 -1 -1 
108 4 610 191 26 25 -1 -1 -1 -1 
108 5 586 164 14 18 -1 -1 -1 -1 
109 4 611 192 28 26 -1 -1 -1 -1 
109 5 588 165 13 17 -1 -1 -1 -1 
110 4 611 192 28 26 -1 -1 -1 -1 
110 5 588 165 13 17 -1 -1 -1 -1 
111 4 613 193 26 27 -1 -1 -1 -1 
111 5 588 166 14 18 -1 -1 -1 -1 
112 4 614 196 25 25 -1 -1 -1 -1 
112 5 588 166 14 19 -1 -1 -1 -1 
118 4 618 201 21 30 -1 -1 -1 -1 
118 5 590 174 16 18 -1 -1 -1 -1 
119 4 618 201 21 30 -1 -1 -1 -1 
120 5 589 174 18 19 -1 -1 -1 -1 
121 5 590 173 18 21 -1 -1 -1 -1 
122 5 591 171 17 24 -1 -1 -1 -1 
123 5 591 173 18 24 -1 -1 -1 -1 
124 5 591 170 19 29 -1 -1 -1 -1 
125 5 592 167 19 33 -1 -1 -1 -1 
125 7 578 161 13 12 -1 -1 -1 -1 
126 5 592 167 19 33 -1 -1 -1 -1 
126 7 578 161 13 12 -1 -1 -1 -1 
127 5 593 178 18 24 -1 -1 -1 -1 
127 7 578 160 14 13 -1 -1 -1 -1 
128 5 594 173 18 31 -1 -1 -1 -1 
128 7 578 161 14 13 -1 -1 -1 -1 
129 5 594 173 18 31 -1 -1 -1 -1 
130 4 597 170 14 16 -1 -1 -1 -1 
130 7 577 163 16 13 -1 -1 -1 -1 
131 4 597 170 14 16 -1 -1 -1 -1 
132 4 598 171 16 18 -1 -1 -1 -1 
132 7 577 165 18 13 -1 -1 -1 -1 
133 4 598 171 16 18 -1 -1 -1 -1 
133 7 577 165 18 13 -1 -1 -1 -1 
134 4 598 171 16 18 -1 -1 -1 -1 
134 7 577 166 19 14 -1 -1 -1 -1 
135 4 598 171 17 19 -1 -1 -1 -1 
135 5 598 192 24 26 -1 -1 -1 -1 
135 7 577 168 18 15 -1 -1 -1 -1 
136 4 598 171 17 19 -1 -1 -1 -1 
137 7 578 167 17 17 -1 -1 -1 -1 
138 4 599 177 19 16 -1 -1 -1 -1 
138 7 578 167 18 18 -1 -1 -1 -1 
139 4 600 177 19 17 -1 -1 -1 -1 
139 5 600 200 28 28 -1 -1 -1 -1 
139 7 577 169 20 18 -1 -1 -1 -1 
140 4 601 178 19 17 -1 -1 -1 -1 
140 5 600 201 30 30 -1 -1 -1 -1 
140 7 579 170 19 19 -1 -1 -1 -1 
141 4 601 178 19 17 -1 -1 -1 -1 
141 5 600 201 30 30 -1 -1 -1 -1 
141 7 579 170 19 19 -1 -1 -1 -1 
142 4 601 179 20 20 -1 -1 -1 -1 
142 5 602 203 30 32 -1 -1 -1 -1 
142 7 579 170 19 20 -1 -1 -1 -1 
143 4 603 179 19 20 -1 -1 -1 -1 
143 5 606 206 28 33 -1 -1 -1 -1 
143 7 579 171 20 20 -1 -1 -1 -1 
144 4 604 180 18 20 -1 -1 -1 -1 
144 5 606 208 32 34 -1 -1 -1 -1 
144 7 580 173 20 19 -1 -1 -1 -1 
145 4 605 182 18 21 -1 -1 -1 -1 
145 5 606 208 32 34 -1 -1 -1 -1 
146 4 605 183 21 21 -1 -1 -1 -1 
146 7 580 173 20 21 -1 -1 -1 -1 
147 4 607 184 20 20 -1 -1 -1 -1 
147 7 581 174 19 23 -1 -1 -1 -1 
148 4 607 185 21 20 -1 -1 -1 -1 
148 7 581 176 21 22 -1 -1 -1 -1 
149 4 607 188 22 21 -1 -1 -1 -1 
149 7 582 177 21 23 -1 -1 -1 -1 
150 4 607 188 22 21 -1 -1 -1 -1 
150 7 582 177 21 23 -1 -1 -1 -1 
151 4 609 190 22 21 -1 -1 -1 -1 
151 7 582 180 22 22 -1 -1 -1 -1 
152 4 610 191 23 22 -1 -1 -1 -1 
152 7 582 179 23 24 -1 -1 -1 -1 
153 4 611 191 24 25 -1 -1 -1 -1 
153 7 583 180 23 26 -1 -1 -1 -1 
154 4 614 192 23 25 -1 -1 -1 -1 
155 4 616 196 22 24 -1 -1 -1 -1 
155 7 582 185 26 26 -1 -1 -1 -1 
156 4 616 195 23 27 -1 -1 -1 -1 
156 7 583 186 26 28 -1 -1 -1 -1 
157 4 617 197 22 27 -1 -1 -1 -1 
157 7 583 190 28 27 -1 -1 -1 -1 
158 4 618 199 21 27 -1 -1 -1 -1 
158 7 585 190 28 29 -1 -1 -1 -1 
159 4 618 199 21 27 -1 -1 -1 -1 
160 7 587 191 30 35 -1 -1 -1 -1 
161 7 587 191 30 35 -1 -1 -1 -1 
162 4 623 205 16 30 -1 -1 -1 -1 
162 7 587 192 31 38 -1 -1 -1 -1 
163 4 624 208 15 29 -1 -1 -1 -1 
171 4 624 208 15 29 -1 -1 -1 -1 
174 13 593 219 44 57 -1 -1 -1 -1 
175 13 593 219 44 57 -1 -1 -1 -1 
177 13 595 233 44 60 -1 -1 -1 -1 
178 13 595 233 44 60 -1 -1 -1 -1 
179 5 595 167 14 14 -1 -1 -1 -1 
179 13 596 238 43 65 -1 -1 -1 -1 
180 5 596 167 15 15 -1 -1 -1 -1 
180 13 598 243 41 70 -1 -1 -1 -1 
181 5 596 167 15 15 -1 -1 -1 -1 
182 13 601 253 38 86 -1 -1 -1 -1 
183 13 601 253 38 86 -1 -1 -1 -1 
184 13 603 262 36 92 -1 -1 -1 -1 
185 13 604 275 35 98 -1 -1 -1 -1 
186 13 605 286 34 106 -1 -1 -1 -1 
187 13 608 299 31 119 -1 -1 -1 -1 
189 5 601 178 18 16 -1 -1 -1 -1 
190 5 601 178 18 16 -1 -1 -1 -1 
220 5 601 178 18 16 -1 -1 -1 -1 
222 14 0 332 171 129 -1 -1 -1 -1 
223 14 0 332 171 129 -1 -1 -1 -1 
224 14 29 312 180 116 -1 -1 -1 -1 
225 14 78 294 163 108 -1 -1 -1 -1 
226 14 120 282 150 95 -1 -1 -1 -1 
227 14 159 269 135 86 -1 -1 -1 -1 
228 14 192 257 125 79 -1 -1 -1 -1 
229 14 223 248 113 71 -1 -1 -1 -1 
230 14 249 236 102 67 -1 -1 -1 -1 
230 15 121 351 216 128 -1 -1 -1 -1 
231 14 272 229 93 62 -1 -1 -1 -1 
231 15 181 323 183 142 -1 -1 -1 -1 
232 14 293 218 86 61 -1 -1 -1 -1 
232 15 228 300 160 123 -1 -1 -1 -1 
233 14 310 216 79 53 -1 -1 -1 -1 
233 15 269 283 138 107 -1 -1 -1 -1 
234 14 327 213 71 49 -1 -1 -1 -1 
234 15 301 267 121 94 -1 -1 -1 -1 
235 14 341 206 66 46 -1 -1 -1 -1 
235 15 327 251 107 88 -1 -1 -1 -1 
236 14 353 203 62 42 -1 -1 -1 -1 
236 15 352 240 94 81 -1 -1 -1 -1 
237 14 365 198 57 41 -1 -1 -1 -1 
237 15 371 232 85 71 -1 -1 -1 -1 
238 14 376 195 54 38 -1 -1 -1 -1 
238 15 388 224 77 66 -1 -1 -1 -1 
239 5 594 167 14 13 -1 -1 -1 -1 
239 14 385 193 51 35 -1 -1 -1 -1 
239 15 401 218 70 59 -1 -1 -1 -1 
240 5 595 167 14 14 -1 -1 -1 -1 
240 14 393 188 50 35 -1 -1 -1 -1 
240 15 413 213 64 56 -1 -1 -1 -1 
241 5 595 167 15 14 -1 -1 -1 -1 
241 14 403 188 44 31 -1 -1 -1 -1 
241 15 423 206 61 53 -1 -1 -1 -1 
242 5 595 168 16 14 -1 -1 -1 -1 
242 14 409 184 42 31 -1 -1 -1 -1 
242 15 432 202 55 48 -1 -1 -1 -1 
243 5 596 168 15 14 -1 -1 -1 -1 
243 14 415 183 40 28 -1 -1 -1 -1 
243 15 439 198 53 45 -1 -1 -1 -1 
244 5 596 168 15 16 -1 -1 -1 -1 
244 14 421 179 38 29 -1 -1 -1 -1 
244 15 448 195 49 42 -1 -1 -1 -1 
245 5 596 168 15 17 -1 -1 -1 -1 
245 14 428 176 35 29 -1 -1 -1 -1 
245 15 455 192 43 40 -1 -1 -1 -1 
245 18 201 334 182 143 -1 -1 -1 -1 
246 5 596 169 15 17 -1 -1 -1 -1 
246 14 431 175 35 28 -1 -1 -1 -1 
246 15 461 188 42 38 -1 -1 -1 -1 
246 18 246 314 157 125 -1 -1 -1 -1 
247 5 597 169 15 18 -1 -1 -1 -1 
247 14 438 175 32 25 -1 -1 -1 -1 
247 15 461 188 42 38 -1 -1 -1 -1 
247 18 283 294 136 111 -1 -1 -1 -1 
248 5 597 170 17 18 -1 -1 -1 -1 
248 14 441 172 33 25 -1 -1 -1 -1 
248 18 313 279 121 97 -1 -1 -1 -1 
249 5 597 170 18 19 -1 -1 -1 -1 
249 14 446 171 30 24 -1 -1 -1 -1 
249 18 339 262 107 92 -1 -1 -1 -1 
249 19 474 181 34 31 -1 -1 -1 -1 
250 5 598 170 18 21 -1 -1 -1 -1 
250 14 450 168 28 24 -1 -1 -1 -1 
250 18 360 253 94 79 -1 -1 -1 -1 
250 19 478 179 33 31 -1 -1 -1 -1 
251 5 599 172 17 20 -1 -1 -1 -1 
251 14 454 167 27 24 -1 -1 -1 -1 
251 18 379 242 84 72 -1 -1 -1 -1 
251 19 482 177 30 30 -1 -1 -1 -1 
252 5 599 173 18 20 -1 -1 -1 -1 
252 14 456 167 27 22 -1 -1 -1 -1 
252 18 393 231 78 69 -1 -1 -1 -1 
252 19 484 177 30 26 -1 -1 -1 -1 
253 5 600 175 19 20 -1 -1 -1 -1 
253 14 461 166 24 20 -1 -1 -1 -1 
253 18 405 225 71 63 -1 -1 -1 -1 
253 19 488 172 28 28 -1 -1 -1 -1 
254 5 601 176 19 20 -1 -1 -1 -1 
254 14 463 164 25 22 -1 -1 -1 -1 
254 18 416 217 68 58 -1 -1 -1 -1 
254 19 491 172 27 25 -1 -1 -1 -1 
255 5 601 175 19 23 -1 -1 -1 -1 
255 14 465 163 25 21 -1 -1 -1 -1 
255 18 426 211 62 57 -1 -1 -1 -1 
255 19 494 169 25 25 -1 -1 -1 -1 
256 5 602 176 19 23 -1 -1 -1 -1 
256 14 468 161 23 21 -1 -1 -1 -1 
256 18 433 207 59 51 -1 -1 -1 -1 
256 19 497 168 24 24 -1 -1 -1 -1 
257 5 602 177 20 23 -1 -1 -1 -1 
257 14 471 161 22 18 -1 -1 -1 -1 
257 18 440 204 55 47 -1 -1 -1 -1 
257 19 498 166 23 25 -1 -1 -1 -1 
258 5 604 177 19 25 -1 -1 -1 -1 
258 14 474 160 20 18 -1 -1 -1 -1 
258 18 448 201 51 44 -1 -1 -1 -1 
258 19 500 166 24 22 -1 -1 -1 -1 
259 5 605 181 19 21 -1 -1 -1 -1 
259 14 475 160 21 17 -1 -1 -1 -1 
259 18 455 197 48 41 -1 -1 -1 -1 
259 19 503 164 23 22 -1 -1 -1 -1 
259 21 584 159 14 18 -1 -1 -1 -1 
260 5 605 184 21 20 -1 -1 -1 -1 
260 14 478 157 21 19 -1 -1 -1 -1 
260 18 460 193 45 39 -1 -1 -1 -1 
260 19 504 162 23 23 -1 -1 -1 -1 
260 21 585 160 14 18 -1 -1 -1 -1 
261 5 606 185 21 21 -1 -1 -1 -1 
261 14 481 158 18 16 -1 -1 -1 -1 
261 18 466 188 41 39 -1 -1 -1 -1 
261 19 505 161 22 21 -1 -1 -1 -1 
262 5 606 185 21 21 -1 -1 -1 -1 
262 14 481 158 18 16 -1 -1 -1 -1 
262 18 466 188 41 39 -1 -1 -1 -1 
262 19 505 161 22 21 -1 -1 -1 -1 
263 5 607 185 21 21 -1 -1 -1 -1 
263 14 484 156 18 18 -1 -1 -1 -1 
263 18 471 186 36 37 -1 -1 -1 -1 
263 19 508 160 20 20 -1 -1 -1 -1 
263 21 586 164 13 16 -1 -1 -1 -1 
264 5 608 190 22 20 -1 -1 -1 -1 
264 14 486 155 17 17 -1 -1 -1 -1 
264 18 475 186 35 33 -1 -1 -1 -1 
264 19 509 159 21 20 -1 -1 -1 -1 
264 21 586 167 14 14 -1 -1 -1 -1 
265 5 610 190 21 22 -1 -1 -1 -1 
265 14 487 153 17 17 -1 -1 -1 -1 
265 18 477 184 36 32 -1 -1 -1 -1 
265 19 511 159 20 18 -1 -1 -1 -1 
265 21 586 167 14 14 -1 -1 -1 -1 
266 5 610 191 23 23 -1 -1 -1 -1 
266 14 488 154 17 16 -1 -1 -1 -1 
266 18 482 183 32 29 -1 -1 -1 -1 
266 19 512 159 20 17 -1 -1 -1 -1 
266 21 586 167 14 16 -1 -1 -1 -1 
267 5 611 192 23 25 -1 -1 -1 -1 
267 14 489 154 17 15 -1 -1 -1 -1 
267 18 485 179 31 28 -1 -1 -1 -1 
267 19 512 157 22 16 -1 -1 -1 -1 
267 21 587 168 14 16 -1 -1 -1 -1 
268 5 611 193 24 26 -1 -1 -1 -1 
268 14 492 153 16 15 -1 -1 -1 -1 
268 18 489 178 30 26 -1 -1 -1 -1 
268 19 514 157 20 15 -1 -1 -1 -1 
268 21 588 169 14 16 -1 -1 -1 -1 
269 5 614 194 24 27 -1 -1 -1 -1 
269 14 494 152 15 15 -1 -1 -1 -1 
269 18 492 174 26 28 -1 -1 -1 -1 
269 19 517 156 18 14 -1 -1 -1 -1 
269 21 588 170 15 17 -1 -1 -1 -1 
270 5 613 195 26 29 -1 -1 -1 -1 
270 14 495 151 15 15 -1 -1 -1 -1 
270 18 494 172 27 26 -1 -1 -1 -1 
270 19 519 156 16 13 -1 -1 -1 -1 
271 5 613 195 26 29 -1 -1 -1 -1 
271 14 497 150 14 15 -1 -1 -1 -1 
271 18 497 171 25 25 -1 -1 -1 -1 
271 19 519 154 17 15 -1 -1 -1 -1 
272 14 497 150 15 14 -1 -1 -1 -1 
272 18 497 171 26 23 -1 -1 -1 -1 
272 19 519 154 17 15 -1 -1 -1 -1 
273 14 497 150 15 14 -1 -1 -1 -1 
273 18 499 168 27 24 -1 -1 -1 -1 
273 21 589 175 18 18 -1 -1 -1 -1 
274 14 499 149 14 14 -1 -1 -1 -1 
274 18 503 167 24 24 -1 -1 -1 -1 
274 21 589 174 19 21 -1 -1 -1 -1 
275 14 501 149 14 13 -1 -1 -1 -1 
275 18 504 166 23 22 -1 -1 -1 -1 
275 21 590 174 20 23 -1 -1 -1 -1 
276 14 502 148 14 13 -1 -1 -1 -1 
276 18 507 165 22 20 -1 -1 -1 -1 
276 21 590 175 21 24 -1 -1 -1 -1 
277 14 502 148 14 13 -1 -1 -1 -1 
277 18 507 165 22 20 -1 -1 -1 -1 
277 21 590 175 21 24 -1 -1 -1 -1 
278 14 502 148 14 13 -1 -1 -1 -1 
278 18 509 163 22 21 -1 -1 -1 -1 
278 21 590 176 22 26 -1 -1 -1 -1 
279 18 510 163 22 19 -1 -1 -1 -1 
279 21 590 178 22 25 -1 -1 -1 -1 
280 18 511 162 21 19 -1 -1 -1 -1 
280 21 591 179 23 28 -1 -1 -1 -1 
281 18 512 160 22 19 -1 -1 -1 -1 
281 21 591 180 25 29 -1 -1 -1 -1 
282 18 512 159 23 18 -1 -1 -1 -1 
282 21 593 183 24 29 -1 -1 -1 -1 
283 18 514 158 21 19 -1 -1 -1 -1 
283 21 593 187 26 27 -1 -1 -1 -1 
284 18 517 158 19 18 -1 -1 -1 -1 
284 21 594 188 26 29 -1 -1 -1 -1 
285 18 517 158 19 18 -1 -1 -1 -1 
285 21 594 188 26 29 -1 -1 -1 -1 
286 18 518 157 18 18 -1 -1 -1 -1 
286 21 595 190 27 30 -1 -1 -1 -1 
287 18 520 155 17 17 -1 -1 -1 -1 
287 21 596 193 27 32 -1 -1 -1 -1 
288 18 520 154 18 17 -1 -1 -1 -1 
288 21 598 195 26 35 -1 -1 -1 -1 
289 18 520 153 18 17 -1 -1 -1 -1 
289 21 598 198 29 34 -1 -1 -1 -1 
290 18 521 154 18 16 -1 -1 -1 -1 
290 21 599 201 31 33 -1 -1 -1 -1 
291 18 521 154 18 16 -1 -1 -1 -1 
294 21 601 211 35 40 -1 -1 -1 -1 
295 21 602 215 37 42 -1 -1 -1 -1 
296 21 604 220 35 43 -1 -1 -1 -1 
296 24 172 343 164 129 -1 -1 -1 -1 
297 21 605 222 34 50 -1 -1 -1 -1 
297 24 219 315 144 119 -1 -1 -1 -1 
298 21 605 222 34 50 -1 -1 -1 -1 
298 24 219 315 144 119 -1 -1 -1 -1 
299 21 605 222 34 50 -1 -1 -1 -1 
300 24 292 272 110 97 -1 -1 -1 -1 
301 24 318 259 100 87 -1 -1 -1 -1 
302 24 341 250 88 75 -1 -1 -1 -1 
303 24 361 239 79 69 -1 -1 -1 -1 
303 28 1 329 178 142 -1 -1 -1 -1 
304 24 377 229 72 63 -1 -1 -1 -1 
304 28 14 308 201 132 -1 -1 -1 -1 
305 24 388 221 68 58 -1 -1 -1 -1 
305 28 65 294 183 119 -1 -1 -1 -1 
306 24 402 216 62 53 -1 -1 -1 -1 
306 28 110 276 165 111 -1 -1 -1 -1 
307 24 411 210 59 51 -1 -1 -1 -1 
307 28 149 265 150 97 -1 -1 -1 -1 
308 24 422 205 53 46 -1 -1 -1 -1 
308 28 183 254 136 90 -1 -1 -1 -1 
309 24 429 201 52 45 -1 -1 -1 -1 
309 28 215 241 122 84 -1 -1 -1 -1 
310 24 436 196 48 42 -1 -1 -1 -1 
310 28 240 234 113 76 -1 -1 -1 -1 
311 24 444 193 44 38 -1 -1 -1 -1 
311 28 264 224 102 73 -1 -1 -1 -1 
312 24 451 189 40 38 -1 -1 -1 -1 
312 28 284 216 95 68 -1 -1 -1 -1 
313 24 451 189 40 38 -1 -1 -1 -1 
313 28 284 216 95 68 -1 -1 -1 -1 
314 24 455 187 38 36 -1 -1 -1 -1 
314 28 302 214 86 60 -1 -1 -1 -1 
315 24 460 184 37 34 -1 -1 -1 -1 
315 28 321 208 78 57 -1 -1 -1 -1 
316 24 464 182 35 31 -1 -1 -1 -1 
316 28 334 204 73 51 -1 -1 -1 -1 
317 24 468 180 32 29 -1 -1 -1 -1 
317 28 346 202 68 46 -1 -1 -1 -1 
318 24 472 178 31 29 -1 -1 -1 -1 
318 28 359 197 63 47 -1 -1 -1 -1 
319 24 475 177 30 26 -1 -1 -1 -1 
319 28 369 193 61 44 -1 -1 -1 -1 
320 24 477 173 30 27 -1 -1 -1 -1 
320 28 380 189 54 42 -1 -1 -1 -1 
321 24 481 172 27 25 -1 -1 -1 -1 
321 28 388 186 53 41 -1 -1 -1 -1 
322 24 481 172 27 25 -1 -1 -1 -1 
322 28 388 186 53 41 -1 -1 -1 -1 
323 24 483 170 28 25 -1 -1 -1 -1 
323 28 395 184 50 38 -1 -1 -1 -1 
324 24 486 169 26 23 -1 -1 -1 -1 
324 28 403 182 48 35 -1 -1 -1 -1 
325 24 487 168 26 23 -1 -1 -1 -1 
325 28 410 180 44 36 -1 -1 -1 -1 
326 24 491 166 23 22 -1 -1 -1 -1 
326 28 416 177 40 33 -1 -1 -1 -1 
327 24 493 166 23 20 -1 -1 -1 -1 
327 28 421 176 35 30 -1 -1 -1 -1 
328 21 580 152 17 17 -1 -1 -1 -1 
328 24 495 164 23 20 -1 -1 -1 -1 
328 28 428 175 27 28 -1 -1 -1 -1 
329 21 580 153 18 17 -1 -1 -1 -1 
329 24 498 163 22 19 -1 -1 -1 -1 
329 28 431 172 34 29 -1 -1 -1 -1 
330 21 580 153 18 17 -1 -1 -1 -1 
330 24 498 163 22 19 -1 -1 -1 -1 
330 28 431 172 34 29 -1 -1 -1 -1 
331 21 581 154 16 17 -1 -1 -1 -1 
331 24 499 163 22 18 -1 -1 -1 -1 
331 28 436 171 32 28 -1 -1 -1 -1 
332 21 581 156 16 16 -1 -1 -1 -1 
332 24 500 162 21 17 -1 -1 -1 -1 
332 28 440 169 34 27 -1 -1 -1 -1 
333 21 581 159 16 16 -1 -1 -1 -1 
333 24 502 161 21 16 -1 -1 -1 -1 
333 28 444 167 33 28 -1 -1 -1 -1 
334 21 582 161 16 16 -1 -1 -1 -1 
334 24 505 158 19 18 -1 -1 -1 -1 
334 28 449 166 30 26 -1 -1 -1 -1 
335 21 582 164 17 14 -1 -1 -1 -1 
335 24 506 157 18 18 -1 -1 -1 -1 
335 28 451 165 29 26 -1 -1 -1 -1 
336 21 582 164 17 14 -1 -1 -1 -1 
336 24 507 156 18 18 -1 -1 -1 -1 
337 21 584 167 16 14 -1 -1 -1 -1 
337 24 508 155 18 18 -1 -1 -1 -1 
337 28 458 162 26 24 -1 -1 -1 -1 
338 21 585 168 15 15 -1 -1 -1 -1 
338 24 510 154 18 18 -1 -1 -1 -1 
338 28 461 161 25 24 -1 -1 -1 -1 
339 21 584 170 16 15 -1 -1 -1 -1 
339 24 511 154 18 16 -1 -1 -1 -1 
339 28 464 160 24 22 -1 -1 -1 -1 
340 21 584 170 16 15 -1 -1 -1 -1 
340 24 511 154 18 16 -1 -1 -1 -1 
340 28 464 160 24 22 -1 -1 -1 -1 
341 21 585 169 17 18 -1 -1 -1 -1 
341 24 512 153 18 16 -1 -1 -1 -1 
341 28 466 159 23 22 -1 -1 -1 -1 
342 21 585 174 18 16 -1 -1 -1 -1 
342 24 513 152 18 16 -1 -1 -1 -1 
342 28 469 158 21 21 -1 -1 -1 -1 
343 21 586 175 18 16 -1 -1 -1 -1 
343 24 514 152 17 15 -1 -1 -1 -1 
343 28 472 157 21 21 -1 -1 -1 -1 
344 21 586 174 19 19 -1 -1 -1 -1 
344 24 515 152 17 14 -1 -1 -1 -1 
344 28 473 156 22 21 -1 -1 -1 -1 
345 21 586 175 21 21 -1 -1 -1 -1 
345 24 515 152 17 14 -1 -1 -1 -1 
345 28 476 154 22 21 -1 -1 -1 -1 
346 21 587 177 21 21 -1 -1 -1 -1 
346 28 478 154 21 20 -1 -1 -1 -1 
346 33 241 269 188 179 -1 -1 -1 -1 
347 21 588 176 22 26 -1 -1 -1 -1 
347 28 479 155 21 19 -1 -1 -1 -1 
347 33 284 258 156 150 -1 -1 -1 -1 
348 21 587 179 23 25 -1 -1 -1 -1 
348 28 482 153 20 20 -1 -1 -1 -1 
348 33 317 243 133 133 -1 -1 -1 -1 
349 21 588 182 25 26 -1 -1 -1 -1 
349 28 484 152 19 19 -1 -1 -1 -1 
349 33 339 231 125 120 -1 -1 -1 -1 
350 21 588 182 25 26 -1 -1 -1 -1 
350 28 484 152 19 19 -1 -1 -1 -1 
350 33 339 231 125 120 -1 -1 -1 -1 
351 21 589 185 26 27 -1 -1 -1 -1 
351 28 485 152 19 18 -1 -1 -1 -1 
351 33 367 222 106 108 -1 -1 -1 -1 
352 21 590 184 27 30 -1 -1 -1 -1 
352 28 487 151 18 18 -1 -1 -1 -1 
352 33 385 215 94 95 -1 -1 -1 -1 
353 21 591 186 29 35 -1 -1 -1 -1 
353 28 489 150 17 18 -1 -1 -1 -1 
353 33 400 207 88 88 -1 -1 -1 -1 
354 21 592 189 31 37 -1 -1 -1 -1 
354 28 491 150 16 16 -1 -1 -1 -1 
354 33 414 203 77 81 -1 -1 -1 -1 
355 21 595 192 29 39 -1 -1 -1 -1 
355 28 492 149 16 17 -1 -1 -1 -1 
355 33 424 197 72 73 -1 -1 -1 -1 
356 21 595 192 29 39 -1 -1 -1 -1 
356 28 492 149 16 17 -1 -1 -1 -1 
356 33 424 197 72 73 -1 -1 -1 -1 
357 21 596 196 31 39 -1 -1 -1 -1 
357 28 494 148 16 17 -1 -1 -1 -1 
357 33 433 192 67 69 -1 -1 -1 -1 
358 21 597 201 33 40 -1 -1 -1 -1 
358 28 495 148 16 17 -1 -1 -1 -1 
358 33 439 189 65 64 -1 -1 -1 -1 
359 21 598 205 35 42 -1 -1 -1 -1 
359 28 496 148 16 16 -1 -1 -1 -1 
359 33 450 186 57 60 -1 -1 -1 -1 
360 21 599 210 37 44 -1 -1 -1 -1 
360 28 496 148 17 16 -1 -1 -1 -1 
360 33 450 186 57 60 -1 -1 -1 -1 
361 21 599 210 37 44 -1 -1 -1 -1 
361 28 499 148 15 15 -1 -1 -1 -1 
361 33 462 180 49 50 -1 -1 -1 -1 
362 28 500 148 15 13 -1 -1 -1 -1 
362 33 466 178 45 49 -1 -1 -1 -1 
362 35 605 177 17 17 -1 -1 -1 -1 
363 28 500 148 15 13 -1 -1 -1 -1 
363 33 466 178 45 49 -1 -1 -1 -1 
363 35 605 177 17 17 -1 -1 -1 -1 
364 28 502 148 13 13 -1 -1 -1 -1 
364 33 466 178 45 49 -1 -1 -1 -1 
365 28 504 148 13 12 -1 -1 -1 -1 
365 35 607 177 17 20 -1 -1 -1 -1 
366 28 504 148 13 12 -1 -1 -1 -1 
367 35 609 187 19 15 -1 -1 -1 -1 
368 35 610 188 20 15 -1 -1 -1 -1 
370 28 508 145 14 11 -1 -1 -1 -1 
370 35 610 188 20 15 -1 -1 -1 -1 
371 28 508 145 14 11 -1 -1 -1 -1 
372 28 509 144 13 12 -1 -1 -1 -1 
372 38 494 163 28 35 -1 -1 -1 -1 
373 28 509 144 13 12 -1 -1 -1 -1 
373 38 497 163 26 31 -1 -1 -1 -1 
374 38 498 162 26 30 -1 -1 -1 -1 
375 38 500 160 25 29 -1 -1 -1 -1 
375 39 621 193 18 27 -1 -1 -1 -1 
376 38 503 160 24 26 -1 -1 -1 -1 
376 39 622 195 17 28 -1 -1 -1 -1 
377 38 505 159 23 25 -1 -1 -1 -1 
378 38 508 159 19 23 -1 -1 -1 -1 
379 38 509 157 19 24 -1 -1 -1 -1 
380 38 509 157 19 24 -1 -1 -1 -1 
381 38 510 157 20 23 -1 -1 -1 -1 
383 38 511 155 21 22 -1 -1 -1 -1 
384 38 511 155 21 22 -1 -1 -1 -1 
385 38 512 152 20 23 -1 -1 -1 -1 
386 38 515 152 18 21 -1 -1 -1 -1 
387 38 517 151 17 19 -1 -1 -1 -1 
388 38 517 151 17 19 -1 -1 -1 -1 
389 38 518 149 17 20 -1 -1 -1 -1 
390 38 519 150 17 19 -1 -1 -1 -1 
391 38 520 149 16 19 -1 -1 -1 -1 
392 38 522 147 15 19 -1 -1 -1 -1 
396 38 523 145 16 16 -1 -1 -1 -1 
397 38 523 145 16 16 -1 -1 -1 -1 
408 38 523 145 16 16 -1 -1 -1 -1 
410 40 6 314 167 122 -1 -1 -1 -1 
411 40 55 293 153 119 -1 -1 -1 -1 
412 40 98 278 141 108 -1 -1 -1 -1 
413 40 138 269 128 93 -1 -1 -1 -1 
414 40 173 254 118 89 -1 -1 -1 -1 
415 40 204 242 107 85 -1 -1 -1 -1 
416 40 232 234 96 78 -1 -1 -1 -1 
417 40 256 225 89 72 -1 -1 -1 -1 
418 40 278 214 82 71 -1 -1 -1 -1 
419 40 297 213 75 61 -1 -1 -1 -1 
420 40 313 210 69 54 -1 -1 -1 -1 
421 40 327 204 66 52 -1 -1 -1 -1 
422 40 327 204 66 52 -1 -1 -1 -1 
423 40 343 200 58 48 -1 -1 -1 -1 
424 40 353 196 57 48 -1 -1 -1 -1 
425 40 365 191 52 47 -1 -1 -1 -1 
426 40 374 189 51 43 -1 -1 -1 -1 
427 40 384 187 46 41 -1 -1 -1 -1 
428 40 391 184 44 38 -1 -1 -1 -1 
429 40 400 181 42 38 -1 -1 -1 -1 
432 40 413 176 37 36 -1 -1 -1 -1 
433 40 418 176 35 31 -1 -1 -1 -1 
434 40 423 174 34 30 -1 -1 -1 -1 
435 40 429 172 32 29 -1 -1 -1 -1 
436 40 434 170 31 29 -1 -1 -1 -1 
442 40 450 164 28 27 -1 -1 -1 -1 
443 40 450 164 28 27 -1 -1 -1 -1 
444 40 453 162 28 28 -1 -1 -1 -1 
445 40 455 162 27 25 -1 -1 -1 -1 
446 40 460 161 24 24 -1 -1 -1 -1 
447 40 463 160 23 24 -1 -1 -1 -1 
448 40 466 158 22 23 -1 -1 -1 -1 
449 40 468 158 21 22 -1 -1 -1 -1 
450 40 471 157 20 21 -1 -1 -1 -1 
451 40 473 156 20 22 -1 -1 -1 -1 
452 40 476 154 19 21 -1 -1 -1 -1 
453 40 479 154 19 21 -1 -1 -1 -1 
454 40 480 153 18 20 -1 -1 -1 -1 
455 40 482 153 18 20 -1 -1 -1 -1 
456 40 483 152 19 20 -1 -1 -1 -1 
457 40 486 151 17 19 -1 -1 -1 -1 
458 40 488 149 16 21 -1 -1 -1 -1 
459 40 489 149 16 19 -1 -1 -1 -1 
467 40 489 149 16 19 -1 -1 -1 -1 
469 43 213 311 157 123 -1 -1 -1 -1 
470 43 266 283 131 105 -1 -1 -1 -1 
471 43 308 263 112 90 -1 -1 -1 -1 
472 43 308 263 112 90 -1 -1 -1 -1 
473 43 344 248 95 78 -1 -1 -1 -1 
474 43 370 233 79 73 -1 -1 -1 -1 
475 43 390 224 71 61 -1 -1 -1 -1 
476 43 405 214 64 57 -1 -1 -1 -1 
477 43 421 208 56 51 -1 -1 -1 -1 
478 43 432 202 53 47 -1 -1 -1 -1 
479 43 441 195 49 44 -1 -1 -1 -1 
480 43 453 192 42 39 -1 -1 -1 -1 
481 43 459 188 41 37 -1 -1 -1 -1 
481 44 578 155 14 14 -1 -1 -1 -1 
482 43 466 184 37 35 -1 -1 -1 -1 
482 44 579 157 12 13 -1 -1 -1 -1 
483 43 471 181 34 33 -1 -1 -1 -1 
483 44 579 158 12 13 -1 -1 -1 -1 
484 43 477 179 30 30 -1 -1 -1 -1 
484 44 579 158 12 13 -1 -1 -1 -1 
485 43 481 177 29 26 -1 -1 -1 -1 
485 44 579 160 14 13 -1 -1 -1 -1 
486 43 485 174 28 27 -1 -1 -1 -1 
486 44 579 161 14 13 -1 -1 -1 -1 
487 43 488 171 27 25 -1 -1 -1 -1 
487 44 579 161 16 14 -1 -1 -1 -1 
488 43 493 169 23 23 -1 -1 -1 -1 
488 44 579 164 16 14 -1 -1 -1 -1 
489 43 498 167 22 23 -1 -1 -1 -1 
489 44 579 166 17 13 -1 -1 -1 -1 
490 43 499 167 22 21 -1 -1 -1 -1 
490 44 580 167 17 13 -1 -1 -1 -1 
491 43 499 164 24 21 -1 -1 -1 -1 
491 44 581 167 16 14 -1 -1 -1 -1 
492 43 502 164 22 18 -1 -1 -1 -1 
492 44 582 168 16 14 -1 -1 -1 -1 
493 43 504 160 22 20 -1 -1 -1 -1 
493 44 582 168 16 16 -1 -1 -1 -1 
494 43 507 159 20 19 -1 -1 -1 -1 
494 44 582 169 17 17 -1 -1 -1 -1 
495 43 510 157 20 19 -1 -1 -1 -1 
495 44 582 170 17 18 -1 -1 -1 -1 
496 43 510 157 20 19 -1 -1 -1 -1 
496 44 582 170 17 18 -1 -1 -1 -1 
497 43 511 157 20 17 -1 -1 -1 -1 
497 44 583 171 18 19 -1 -1 -1 -1 
498 43 512 155 19 18 -1 -1 -1 -1 
498 44 584 173 18 18 -1 -1 -1 -1 
499 43 516 155 16 16 -1 -1 -1 -1 
499 44 585 175 17 18 -1 -1 -1 -1 
499 46 180 344 184 135 -1 -1 -1 -1 
500 43 516 155 16 16 -1 -1 -1 -1 
500 44 585 175 17 18 -1 -1 -1 -1 
500 46 180 344 184 135 -1 -1 -1 -1 
501 43 517 155 16 14 -1 -1 -1 -1 
501 44 586 176 18 20 -1 -1 -1 -1 
501 46 231 319 157 123 -1 -1 -1 -1 
502 43 519 154 15 14 -1 -1 -1 -1 
502 44 586 177 19 21 -1 -1 -1 -1 
502 46 271 297 137 108 -1 -1 -1 -1 
503 43 519 154 15 14 -1 -1 -1 -1 
503 44 586 179 20 21 -1 -1 -1 -1 
504 44 586 181 22 22 -1 -1 -1 -1 
504 46 330 260 108 89 -1 -1 -1 -1 
505 44 586 181 22 22 -1 -1 -1 -1 
505 46 330 260 108 89 -1 -1 -1 -1 
506 44 587 182 22 23 -1 -1 -1 -1 
506 46 357 250 92 76 -1 -1 -1 -1 
507 44 588 183 21 25 -1 -1 -1 -1 
507 46 377 240 82 69 -1 -1 -1 -1 
508 44 588 183 21 25 -1 -1 -1 -1 
508 46 377 240 82 69 -1 -1 -1 -1 
509 44 590 186 21 25 -1 -1 -1 -1 
509 46 396 229 70 63 -1 -1 -1 -1 
510 44 591 188 21 26 -1 -1 -1 -1 
510 46 408 220 68 62 -1 -1 -1 -1 
511 44 591 191 25 27 -1 -1 -1 -1 
511 46 419 215 62 55 -1 -1 -1 -1 
512 44 592 192 28 31 -1 -1 -1 -1 
512 46 429 209 57 53 -1 -1 -1 -1 
513 44 592 192 28 31 -1 -1 -1 -1 
513 46 429 209 57 53 -1 -1 -1 -1 
514 44 593 195 29 32 -1 -1 -1 -1 
514 46 435 208 56 42 -1 -1 -1 -1 
515 44 595 200 29 31 -1 -1 -1 -1 
515 46 444 202 51 42 -1 -1 -1 -1 
516 44 595 200 29 31 -1 -1 -1 -1 
516 46 444 202 51 42 -1 -1 -1 -1 
517 44 597 203 28 32 -1 -1 -1 -1 
517 46 452 195 46 44 -1 -1 -1 -1 
518 44 598 207 31 35 -1 -1 -1 -1 
519 44 598 207 31 35 -1 -1 -1 -1 
520 44 598 207 31 35 -1 -1 -1 -1 
521 44 601 215 34 38 -1 -1 -1 -1 
522 44 601 215 34 38 -1 -1 -1 -1 
522 48 470 186 37 35 -1 -1 -1 -1 
523 44 603 218 36 45 -1 -1 -1 -1 
523 48 473 185 37 33 -1 -1 -1 -1 
524 44 603 223 36 47 -1 -1 -1 -1 
524 48 476 182 35 32 -1 -1 -1 -1 
525 44 606 229 33 49 -1 -1 -1 -1 
525 48 481 180 31 29 -1 -1 -1 -1 
526 44 606 229 33 49 -1 -1 -1 -1 
526 48 481 180 31 29 -1 -1 -1 -1 
527 44 608 233 31 53 -1 -1 -1 -1 
527 48 485 178 30 28 -1 -1 -1 -1 
528 44 612 241 27 58 -1 -1 -1 -1 
528 48 488 174 28 28 -1 -1 -1 -1 
529 44 612 241 27 58 -1 -1 -1 -1 
529 48 488 174 28 28 -1 -1 -1 -1 
529 49 1 357 114 119 -1 -1 -1 -1 
530 44 612 241 27 58 -1 -1 -1 -1 
530 48 492 172 26 26 -1 -1 -1 -1 
531 48 494 172 25 25 -1 -1 -1 -1 
531 49 22 306 189 131 -1 -1 -1 -1 
532 48 494 172 25 25 -1 -1 -1 -1 
532 49 22 306 189 131 -1 -1 -1 -1 
533 48 497 170 24 24 -1 -1 -1 -1 
533 49 80 288 170 113 -1 -1 -1 -1 
534 48 498 169 25 23 -1 -1 -1 -1 
534 49 132 271 152 101 -1 -1 -1 -1 
535 48 499 168 25 22 -1 -1 -1 -1 
535 49 176 255 134 92 -1 -1 -1 -1 
536 48 499 168 25 22 -1 -1 -1 -1 
536 49 176 255 134 92 -1 -1 -1 -1 
537 48 503 166 22 22 -1 -1 -1 -1 
537 49 214 243 117 82 -1 -1 -1 -1 
538 48 503 166 22 22 -1 -1 -1 -1 
538 49 214 243 117 82 -1 -1 -1 -1 
539 48 504 163 22 22 -1 -1 -1 -1 
539 49 244 231 106 75 -1 -1 -1 -1 
540 48 505 163 23 20 -1 -1 -1 -1 
540 49 271 223 94 68 -1 -1 -1 -1 
541 48 505 163 23 20 -1 -1 -1 -1 
541 49 271 223 94 68 -1 -1 -1 -1 
542 48 509 161 20 20 -1 -1 -1 -1 
542 49 294 215 88 61 -1 -1 -1 -1 
543 48 510 160 20 20 -1 -1 -1 -1 
543 49 317 205 76 62 -1 -1 -1 -1 
544 48 510 160 20 20 -1 -1 -1 -1 
544 49 317 205 76 62 -1 -1 -1 -1 
545 48 511 160 20 18 -1 -1 -1 -1 
545 49 335 202 70 52 -1 -1 -1 -1 
546 48 512 159 20 18 -1 -1 -1 -1 
546 49 350 196 64 52 -1 -1 -1 -1 
547 48 512 159 20 18 -1 -1 -1 -1 
547 49 350 196 64 52 -1 -1 -1 -1 
548 48 512 158 21 18 -1 -1 -1 -1 
548 49 364 194 60 46 -1 -1 -1 -1 
549 48 515 156 19 19 -1 -1 -1 -1 
549 49 375 191 55 42 -1 -1 -1 -1 
550 48 515 156 19 19 -1 -1 -1 -1 
550 49 375 191 55 42 -1 -1 -1 -1 
551 48 516 156 18 18 -1 -1 -1 -1 
551 49 385 187 53 40 -1 -1 -1 -1 
552 48 516 156 18 18 -1 -1 -1 -1 
552 49 385 187 53 40 -1 -1 -1 -1 
553 48 517 156 17 15 -1 -1 -1 -1 
553 49 394 183 51 39 -1 -1 -1 -1 
554 48 519 155 16 15 -1 -1 -1 -1 
554 49 405 182 46 34 -1 -1 -1 -1 
555 48 519 155 16 15 -1 -1 -1 -1 
555 49 405 182 46 34 -1 -1 -1 -1 
556 48 520 153 16 16 -1 -1 -1 -1 
556 49 412 178 43 34 -1 -1 -1 -1 
557 48 520 152 16 15 -1 -1 -1 -1 
557 49 419 176 40 32 -1 -1 -1 -1 
558 48 520 152 16 15 -1 -1 -1 -1 
558 49 419 176 40 32 -1 -1 -1 -1 
559 48 521 151 16 16 -1 -1 -1 -1 
559 49 426 174 37 30 -1 -1 -1 -1 
560 48 521 151 16 16 -1 -1 -1 -1 
560 49 426 174 37 30 -1 -1 -1 -1 
561 48 521 151 16 16 -1 -1 -1 -1 
562 49 438 169 33 28 -1 -1 -1 -1 
563 49 438 169 33 28 -1 -1 -1 -1 
564 49 442 168 34 27 -1 -1 -1 -1 
565 49 442 168 34 27 -1 -1 -1 -1 
566 49 447 166 33 27 -1 -1 -1 -1 
567 49 451 164 32 26 -1 -1 -1 -1 
568 49 451 164 32 26 -1 -1 -1 -1 
569 49 456 164 29 25 -1 -1 -1 -1 
570 49 456 164 29 25 -1 -1 -1 -1 
571 49 459 165 27 22 -1 -1 -1 -1 
572 49 462 162 26 23 -1 -1 -1 -1 
573 49 462 162 26 23 -1 -1 -1 -1 
574 49 465 158 26 25 -1 -1 -1 -1 
575 49 465 158 26 25 -1 -1 -1 -1 
576 49 468 158 26 22 -1 -1 -1 -1 
577 49 472 157 23 21 -1 -1 -1 -1 
578 49 472 157 23 21 -1 -1 -1 -1 
579 49 473 156 25 21 -1 -1 -1 -1 
580 49 473 156 25 21 -1 -1 -1 -1 
581 49 478 154 22 21 -1 -1 -1 -1 
582 49 478 154 23 20 -1 -1 -1 -1 
583 49 478 154 23 20 -1 -1 -1 -1 
584 49 482 153 22 20 -1 -1 -1 -1 
584 52 24 381 246 96 -1 -1 -1 -1 
585 49 484 153 20 18 -1 -1 -1 -1 
585 52 98 346 214 132 -1 -1 -1 -1 
586 49 487 152 19 18 -1 -1 -1 -1 
586 52 165 318 184 128 -1 -1 -1 -1 
587 49 487 152 19 18 -1 -1 -1 -1 
587 52 165 318 184 128 -1 -1 -1 -1 
588 49 488 151 19 18 -1 -1 -1 -1 
588 52 219 294 156 110 -1 -1 -1 -1 
589 49 488 151 19 18 -1 -1 -1 -1 
589 52 219 294 156 110 -1 -1 -1 -1 
590 49 490 151 18 17 -1 -1 -1 -1 
590 52 263 269 134 101 -1 -1 -1 -1 
591 49 492 151 17 15 -1 -1 -1 -1 
591 52 300 259 115 83 -1 -1 -1 -1 
592 49 492 151 17 15 -1 -1 -1 -1 
592 52 300 259 115 83 -1 -1 -1 -1 
593 49 492 151 17 15 -1 -1 -1 -1 
594 52 327 246 99 73 -1 -1 -1 -1 
595 49 495 149 17 14 -1 -1 -1 -1 
595 52 354 235 86 65 -1 -1 -1 -1 
596 49 497 149 16 14 -1 -1 -1 -1 
596 52 375 225 75 58 -1 -1 -1 -1 
597 49 497 149 16 14 -1 -1 -1 -1 
597 52 375 225 75 58 -1 -1 -1 -1 
598 49 497 149 16 14 -1 -1 -1 -1 
599 52 389 215 71 57 -1 -1 -1 -1 
600 52 403 208 65 53 -1 -1 -1 -1 
601 52 414 205 58 46 -1 -1 -1 -1 
602 52 414 205 58 46 -1 -1 -1 -1 
603 52 426 200 52 42 -1 -1 -1 -1 
604 52 426 200 52 42 -1 -1 -1 -1 
605 52 433 195 51 40 -1 -1 -1 -1 
606 52 442 192 46 36 -1 -1 -1 -1 
607 52 442 192 46 36 -1 -1 -1 -1 
608 52 450 189 42 33 -1 -1 -1 -1 
609 52 455 185 40 32 -1 -1 -1 -1 
610 52 455 185 40 32 -1 -1 -1 -1 
611 52 462 182 35 30 -1 -1 -1 -1 
611 54 588 156 14 13 -1 -1 -1 -1 
612 49 510 145 13 9 -1 -1 -1 -1 
612 52 466 180 35 28 -1 -1 -1 -1 
612 54 589 156 14 14 -1 -1 -1 -1 
613 49 510 145 13 9 -1 -1 -1 -1 
613 52 466 180 35 28 -1 -1 -1 -1 
613 54 589 156 14 14 -1 -1 -1 -1 
614 49 510 145 13 9 -1 -1 -1 -1 
614 52 472 176 31 28 -1 -1 -1 -1 
615 52 472 176 31 28 -1 -1 -1 -1 
615 54 589 157 14 13 -1 -1 -1 -1 
616 52 475 174 31 27 -1 -1 -1 -1 
616 54 590 157 14 13 -1 -1 -1 -1 
617 52 479 173 30 24 -1 -1 -1 -1 
618 52 479 173 30 24 -1 -1 -1 -1 
619 52 483 170 28 25 -1 -1 -1 -1 
620 52 486 168 26 24 -1 -1 -1 -1 
620 54 591 157 15 17 -1 -1 -1 -1 
621 52 486 168 26 24 -1 -1 -1 -1 
621 54 591 157 15 17 -1 -1 -1 -1 
622 52 488 166 26 24 -1 -1 -1 -1 
622 54 592 159 15 18 -1 -1 -1 -1 
623 52 488 166 26 24 -1 -1 -1 -1 
623 54 592 159 15 18 -1 -1 -1 -1 
624 52 493 166 23 21 -1 -1 -1 -1 
625 52 495 165 23 19 -1 -1 -1 -1 
625 54 594 161 15 19 -1 -1 -1 -1 
626 52 495 165 23 19 -1 -1 -1 -1 
626 54 594 161 15 19 -1 -1 -1 -1 
627 52 498 163 21 18 -1 -1 -1 -1 
627 54 594 163 15 17 -1 -1 -1 -1 
628 52 499 162 21 19 -1 -1 -1 -1 
628 54 595 166 15 15 -1 -1 -1 -1 
629 52 501 161 21 16 -1 -1 -1 -1 
629 54 595 166 15 16 -1 -1 -1 -1 
630 52 501 161 21 16 -1 -1 -1 -1 
630 54 595 166 15 16 -1 -1 -1 -1 
631 52 504 159 19 17 -1 -1 -1 -1 
631 54 596 166 15 17 -1 -1 -1 -1 
632 52 504 159 19 17 -1 -1 -1 -1 
632 54 596 166 15 17 -1 -1 -1 -1 
633 52 506 156 20 18 -1 -1 -1 -1 
633 54 596 167 15 17 -1 -1 -1 -1 
634 52 508 155 18 18 -1 -1 -1 -1 
634 54 596 167 16 18 -1 -1 -1 -1 
635 52 508 155 18 18 -1 -1 -1 -1 
635 54 596 167 16 18 -1 -1 -1 -1 
636 52 509 156 17 16 -1 -1 -1 -1 
636 54 597 168 16 18 -1 -1 -1 -1 
637 52 511 155 16 15 -1 -1 -1 -1 
637 54 598 169 17 19 -1 -1 -1 -1 
638 52 511 155 16 15 -1 -1 -1 -1 
638 54 598 169 17 19 -1 -1 -1 -1 
639 52 511 154 18 16 -1 -1 -1 -1 
639 54 599 172 17 17 -1 -1 -1 -1 
640 52 511 154 18 16 -1 -1 -1 -1 
640 54 599 172 17 17 -1 -1 -1 -1 
641 52 513 154 17 14 -1 -1 -1 -1 
641 54 599 172 17 19 -1 -1 -1 -1 
642 52 514 153 17 14 -1 -1 -1 -1 
642 54 599 173 19 20 -1 -1 -1 -1 
643 52 514 153 17 14 -1 -1 -1 -1 
643 54 599 173 19 20 -1 -1 -1 -1 
644 52 515 151 17 15 -1 -1 -1 -1 
644 54 600 174 19 20 -1 -1 -1 -1 
645 52 515 151 17 15 -1 -1 -1 -1 
645 54 600 174 19 20 -1 -1 -1 -1 
646 52 517 151 16 12 -1 -1 -1 -1 
646 54 601 175 19 21 -1 -1 -1 -1 
647 52 517 151 16 11 -1 -1 -1 -1 
647 54 601 176 20 21 -1 -1 -1 -1 
648 52 517 151 16 11 -1 -1 -1 -1 
648 54 601 176 20 21 -1 -1 -1 -1 
649 52 519 149 15 13 -1 -1 -1 -1 
649 54 602 177 20 22 -1 -1 -1 -1 
650 52 520 148 16 13 -1 -1 -1 -1 
650 54 602 176 20 24 -1 -1 -1 -1 
651 52 520 148 16 13 -1 -1 -1 -1 
651 54 602 176 20 24 -1 -1 -1 -1 
652 52 521 147 16 12 -1 -1 -1 -1 
652 54 604 177 19 24 -1 -1 -1 -1 
653 52 577 152 13 15 -1 -1 -1 -1 
653 54 606 179 18 24 -1 -1 -1 -1 
654 52 577 152 13 15 -1 -1 -1 -1 
654 54 606 179 18 24 -1 -1 -1 -1 
655 52 577 153 13 15 -1 -1 -1 -1 
655 54 606 182 20 23 -1 -1 -1 -1 
656 52 577 153 13 15 -1 -1 -1 -1 
656 54 606 182 20 23 -1 -1 -1 -1 
657 52 578 153 14 16 -1 -1 -1 -1 
657 54 606 184 22 23 -1 -1 -1 -1 
658 52 578 153 14 16 -1 -1 -1 -1 
659 54 607 186 23 24 -1 -1 -1 -1 
660 54 608 188 24 24 -1 -1 -1 -1 
661 54 609 188 24 28 -1 -1 -1 -1 
662 54 609 188 24 28 -1 -1 -1 -1 
663 54 609 190 26 29 -1 -1 -1 -1 
664 54 609 190 26 29 -1 -1 -1 -1 
665 54 611 191 27 30 -1 -1 -1 -1 
666 54 612 191 27 33 -1 -1 -1 -1 
667 54 612 191 27 33 -1 -1 -1 -1 
668 54 614 194 25 34 -1 -1 -1 -1 
669 54 614 194 25 34 -1 -1 -1 -1 
670 54 615 195 24 36 -1 -1 -1 -1 
671 52 580 163 16 15 -1 -1 -1 -1 
671 54 615 195 24 36 -1 -1 -1 -1 
672 52 580 163 16 15 -1 -1 -1 -1 
673 52 580 164 16 14 -1 -1 -1 -1 
673 57 90 380 225 97 -1 -1 -1 -1 
674 52 580 164 17 16 -1 -1 -1 -1 
674 57 158 344 191 135 -1 -1 -1 -1 
675 52 580 164 17 16 -1 -1 -1 -1 
675 57 158 344 191 135 -1 -1 -1 -1 
676 52 580 165 16 16 -1 -1 -1 -1 
676 57 216 317 160 131 -1 -1 -1 -1 
676 58 621 204 18 37 -1 -1 -1 -1 
677 52 581 166 16 15 -1 -1 -1 -1 
677 57 261 295 138 115 -1 -1 -1 -1 
678 52 581 166 16 15 -1 -1 -1 -1 
678 57 261 295 138 115 -1 -1 -1 -1 
679 52 581 166 17 17 -1 -1 -1 -1 
679 57 297 268 118 109 -1 -1 -1 -1 
680 52 581 166 17 17 -1 -1 -1 -1 
680 57 297 268 118 109 -1 -1 -1 -1 
681 52 581 166 17 18 -1 -1 -1 -1 
681 57 326 257 104 94 -1 -1 -1 -1 
682 52 582 168 17 18 -1 -1 -1 -1 
682 57 355 248 87 81 -1 -1 -1 -1 
683 52 582 168 17 18 -1 -1 -1 -1 
683 57 355 248 87 81 -1 -1 -1 -1 
684 52 582 168 17 19 -1 -1 -1 -1 
684 57 373 236 82 74 -1 -1 -1 -1 
685 52 582 168 17 19 -1 -1 -1 -1 
685 57 373 236 82 74 -1 -1 -1 -1 
686 52 583 168 16 20 -1 -1 -1 -1 
686 57 391 227 72 66 -1 -1 -1 -1 
687 52 585 168 16 21 -1 -1 -1 -1 
687 57 404 220 68 62 -1 -1 -1 -1 
688 52 585 168 16 21 -1 -1 -1 -1 
688 57 404 220 68 62 -1 -1 -1 -1 
689 52 585 170 17 22 -1 -1 -1 -1 
689 57 415 211 64 58 -1 -1 -1 -1 
690 52 585 170 17 22 -1 -1 -1 -1 
690 57 415 211 64 58 -1 -1 -1 -1 
691 52 585 173 18 20 -1 -1 -1 -1 
691 57 426 206 57 54 -1 -1 -1 -1 
692 52 586 174 18 21 -1 -1 -1 -1 
692 57 434 202 55 48 -1 -1 -1 -1 
693 52 586 174 18 21 -1 -1 -1 -1 
693 57 434 202 55 48 -1 -1 -1 -1 
694 52 585 174 20 23 -1 -1 -1 -1 
694 57 444 197 50 47 -1 -1 -1 -1 
695 52 587 177 19 21 -1 -1 -1 -1 
695 57 452 194 44 42 -1 -1 -1 -1 
696 52 587 177 19 21 -1 -1 -1 -1 
696 57 452 194 44 42 -1 -1 -1 -1 
697 52 586 177 21 22 -1 -1 -1 -1 
697 57 458 191 41 39 -1 -1 -1 -1 
698 52 587 178 21 24 -1 -1 -1 -1 
698 57 465 185 37 39 -1 -1 -1 -1 
699 52 587 178 21 24 -1 -1 -1 -1 
699 57 465 185 37 39 -1 -1 -1 -1 
700 52 587 179 21 25 -1 -1 -1 -1 
700 57 469 183 37 37 -1 -1 -1 -1 
701 52 588 180 22 26 -1 -1 -1 -1 
701 57 474 181 33 34 -1 -1 -1 -1 
702 52 589 180 21 28 -1 -1 -1 -1 
702 57 476 178 35 33 -1 -1 -1 -1 
703 52 589 180 21 28 -1 -1 -1 -1 
703 57 476 178 35 33 -1 -1 -1 -1 
704 52 590 182 23 29 -1 -1 -1 -1 
704 57 482 176 30 32 -1 -1 -1 -1 
705 52 591 185 23 28 -1 -1 -1 -1 
705 57 484 175 30 29 -1 -1 -1 -1 
706 52 591 185 23 28 -1 -1 -1 -1 
706 57 484 175 30 29 -1 -1 -1 -1 
707 52 591 186 26 32 -1 -1 -1 -1 
707 57 487 172 28 29 -1 -1 -1 -1 
708 52 591 188 29 33 -1 -1 -1 -1 
708 57 492 171 26 26 -1 -1 -1 -1 
709 52 591 188 29 33 -1 -1 -1 -1 
709 57 492 171 26 26 -1 -1 -1 -1 
710 52 591 188 29 33 -1 -1 -1 -1 
711 57 498 168 23 24 -1 -1 -1 -1 
712 57 498 168 23 24 -1 -1 -1 -1 
713 57 498 166 25 25 -1 -1 -1 -1 
714 57 499 164 25 24 -1 -1 -1 -1 
715 57 499 164 25 24 -1 -1 -1 -1 
715 60 598 196 29 38 -1 -1 -1 -1 
716 57 504 162 22 23 -1 -1 -1 -1 
716 60 599 199 30 40 -1 -1 -1 -1 
717 57 505 161 22 22 -1 -1 -1 -1 
718 57 505 161 22 22 -1 -1 -1 -1 
719 57 508 160 19 21 -1 -1 -1 -1 
720 57 510 160 19 20 -1 -1 -1 -1 
721 57 511 158 19 20 -1 -1 -1 -1 
721 60 602 211 37 46 -1 -1 -1 -1 
722 57 512 156 20 21 -1 -1 -1 -1 
722 60 603 216 36 46 -1 -1 -1 -1 
723 57 512 156 20 21 -1 -1 -1 -1 
723 60 603 216 36 46 -1 -1 -1 -1 
724 57 512 156 21 20 -1 -1 -1 -1 
724 60 605 218 34 51 -1 -1 -1 -1 
725 57 515 155 19 19 -1 -1 -1 -1 
726 57 515 155 19 19 -1 -1 -1 -1 
727 57 516 155 18 17 -1 -1 -1 -1 
728 57 516 155 18 17 -1 -1 -1 -1 
729 57 518 155 17 15 -1 -1 -1 -1 
730 57 519 154 17 15 -1 -1 -1 -1 
731 57 521 152 16 16 -1 -1 -1 -1 
732 57 521 152 16 16 -1 -1 -1 -1 
733 57 521 151 17 15 -1 -1 -1 -1 
775 57 521 151 17 15 -1 -1 -1 -1 
777 63 74 393 246 84 -1 -1 -1 -1 
778 63 118 369 226 110 -1 -1 -1 -1 
779 63 118 369 226 110 -1 -1 -1 -1 
780 63 164 350 201 129 -1 -1 -1 -1 
781 63 207 330 174 142 -1 -1 -1 -1 
782 63 207 330 174 142 -1 -1 -1 -1 
783 63 240 309 159 131 -1 -1 -1 -1 
784 63 268 298 144 116 -1 -1 -1 -1 
785 63 294 280 129 111 -1 -1 -1 -1 
786 63 317 265 116 105 -1 -1 -1 -1 
786 65 45 314 186 126 -1 -1 -1 -1 
787 63 317 265 116 105 -1 -1 -1 -1 
787 65 45 314 186 126 -1 -1 -1 -1 
788 63 336 258 107 95 -1 -1 -1 -1 
788 65 105 289 167 115 -1 -1 -1 -1 
789 63 352 253 99 83 -1 -1 -1 -1 
789 65 160 271 143 101 -1 -1 -1 -1 
790 63 352 253 99 83 -1 -1 -1 -1 
790 65 160 271 143 101 -1 -1 -1 -1 
791 63 368 245 90 78 -1 -1 -1 -1 
791 65 206 256 123 87 -1 -1 -1 -1 
792 63 380 237 83 73 -1 -1 -1 -1 
792 65 239 242 112 79 -1 -1 -1 -1 
793 63 380 237 83 73 -1 -1 -1 -1 
793 65 239 242 112 79 -1 -1 -1 -1 
794 63 391 230 78 70 -1 -1 -1 -1 
794 65 270 229 100 73 -1 -1 -1 -1 
795 63 402 222 72 68 -1 -1 -1 -1 
795 65 297 219 88 65 -1 -1 -1 -1 
796 63 409 216 71 66 -1 -1 -1 -1 
796 65 318 213 82 60 -1 -1 -1 -1 
797 63 418 213 65 61 -1 -1 -1 -1 
797 65 340 204 67 55 -1 -1 -1 -1 
798 63 418 213 65 61 -1 -1 -1 -1 
798 65 340 204 67 55 -1 -1 -1 -1 
799 63 426 208 61 59 -1 -1 -1 -1 
799 65 355 200 66 50 -1 -1 -1 -1 
800 63 432 206 59 55 -1 -1 -1 -1 
800 65 369 194 61 46 -1 -1 -1 -1 
801 63 432 206 59 55 -1 -1 -1 -1 
801 65 369 194 61 46 -1 -1 -1 -1 
801 68 369 196 60 46 -1 -1 -1 -1 
802 63 438 205 54 47 -1 -1 -1 -1 
802 65 382 192 55 42 -1 -1 -1 -1 
803 63 442 201 53 47 -1 -1 -1 -1 
803 65 392 189 55 39 -1 -1 -1 -1 
804 63 448 199 50 44 -1 -1 -1 -1 
804 65 403 185 47 36 -1 -1 -1 -1 
805 63 448 199 50 44 -1 -1 -1 -1 
805 65 403 185 47 36 -1 -1 -1 -1 
806 63 454 197 44 43 -1 -1 -1 -1 
806 65 411 182 45 35 -1 -1 -1 -1 
807 63 458 193 44 41 -1 -1 -1 -1 
807 65 419 177 43 34 -1 -1 -1 -1 
808 63 461 191 42 39 -1 -1 -1 -1 
808 65 428 177 36 30 -1 -1 -1 -1 
809 63 461 191 42 39 -1 -1 -1 -1 
809 65 428 177 36 30 -1 -1 -1 -1 
810 63 464 190 39 36 -1 -1 -1 -1 
810 65 433 175 36 27 -1 -1 -1 -1 
810 69 597 166 14 13 -1 -1 -1 -1 
810 70 574 151 16 18 -1 -1 -1 -1 
811 63 464 190 39 36 -1 -1 -1 -1 
811 65 433 175 36 27 -1 -1 -1 -1 
811 69 597 166 14 13 -1 -1 -1 -1 
811 70 574 151 16 18 -1 -1 -1 -1 
812 63 469 186 38 38 -1 -1 -1 -1 
812 65 439 171 35 28 -1 -1 -1 -1 
812 69 598 167 13 14 -1 -1 -1 -1 
812 70 575 153 14 17 -1 -1 -1 -1 
813 63 471 185 37 35 -1 -1 -1 -1 
813 65 444 171 33 24 -1 -1 -1 -1 
813 69 598 168 14 13 -1 -1 -1 -1 
813 70 576 154 14 16 -1 -1 -1 -1 
814 63 474 184 35 34 -1 -1 -1 -1 
814 65 450 167 31 26 -1 -1 -1 -1 
814 69 599 168 13 14 -1 -1 -1 -1 
814 70 575 155 15 16 -1 -1 -1 -1 
815 63 477 182 34 32 -1 -1 -1 -1 
815 65 454 167 28 24 -1 -1 -1 -1 
815 69 600 170 14 13 -1 -1 -1 -1 
815 70 575 155 16 16 -1 -1 -1 -1 
816 63 477 182 34 32 -1 -1 -1 -1 
816 65 454 167 28 24 -1 -1 -1 -1 
816 69 600 170 14 13 -1 -1 -1 -1 
816 70 575 155 16 16 -1 -1 -1 -1 
817 63 480 179 31 32 -1 -1 -1 -1 
817 65 459 165 27 24 -1 -1 -1 -1 
817 69 600 171 15 12 -1 -1 -1 -1 
817 70 576 154 15 19 -1 -1 -1 -1 
818 63 480 179 31 32 -1 -1 -1 -1 
818 65 459 165 27 24 -1 -1 -1 -1 
818 69 600 171 15 12 -1 -1 -1 -1 
818 70 576 154 15 19 -1 -1 -1 -1 
819 63 483 177 30 32 -1 -1 -1 -1 
819 65 462 166 27 20 -1 -1 -1 -1 
819 69 602 172 13 13 -1 -1 -1 -1 
819 70 575 154 17 22 -1 -1 -1 -1 
820 63 484 176 30 30 -1 -1 -1 -1 
820 65 465 163 26 21 -1 -1 -1 -1 
820 69 603 173 13 13 -1 -1 -1 -1 
820 70 575 154 17 22 -1 -1 -1 -1 
821 63 484 176 30 30 -1 -1 -1 -1 
821 65 465 163 26 21 -1 -1 -1 -1 
821 69 603 173 13 13 -1 -1 -1 -1 
822 63 487 176 28 27 -1 -1 -1 -1 
822 65 470 164 23 17 -1 -1 -1 -1 
822 69 603 174 15 14 -1 -1 -1 -1 
823 63 490 175 27 26 -1 -1 -1 -1 
823 65 473 160 22 19 -1 -1 -1 -1 
823 69 577 165 15 16 -1 -1 -1 -1 
823 70 604 175 15 15 -1 -1 -1 -1 
824 63 490 175 27 26 -1 -1 -1 -1 
824 65 473 160 22 19 -1 -1 -1 -1 
824 69 577 165 15 16 -1 -1 -1 -1 
824 70 604 175 15 15 -1 -1 -1 -1 
825 63 492 173 27 26 -1 -1 -1 -1 
825 65 475 157 22 21 -1 -1 -1 -1 
825 69 577 165 15 16 -1 -1 -1 -1 
826 63 493 171 26 27 -1 -1 -1 -1 
826 65 477 156 23 21 -1 -1 -1 -1 
826 69 606 177 15 15 -1 -1 -1 -1 
826 70 577 165 15 17 -1 -1 -1 -1 
827 63 493 171 26 27 -1 -1 -1 -1 
827 65 477 156 23 21 -1 -1 -1 -1 
827 69 606 177 15 15 -1 -1 -1 -1 
827 70 577 165 15 17 -1 -1 -1 -1 
828 63 496 170 23 26 -1 -1 -1 -1 
828 65 477 156 23 21 -1 -1 -1 -1 
828 69 607 178 15 15 -1 -1 -1 -1 
829 63 498 169 22 24 -1 -1 -1 -1 
829 65 484 154 19 19 -1 -1 -1 -1 
829 69 607 177 15 19 -1 -1 -1 -1 
829 70 577 168 17 20 -1 -1 -1 -1 
830 63 499 168 23 24 -1 -1 -1 -1 
830 65 486 154 18 17 -1 -1 -1 -1 
830 69 607 177 16 20 -1 -1 -1 -1 
830 70 577 169 18 20 -1 -1 -1 -1 
831 63 499 168 23 24 -1 -1 -1 -1 
831 65 486 154 18 17 -1 -1 -1 -1 
831 69 607 177 16 20 -1 -1 -1 -1 
831 70 577 169 18 20 -1 -1 -1 -1 
832 63 499 168 24 23 -1 -1 -1 -1 
832 65 489 155 16 15 -1 -1 -1 -1 
832 69 608 178 17 21 -1 -1 -1 -1 
833 63 499 167 24 22 -1 -1 -1 -1 
833 65 489 155 19 15 -1 -1 -1 -1 
833 69 609 182 18 19 -1 -1 -1 -1 
834 63 499 167 24 22 -1 -1 -1 -1 
834 65 489 155 19 15 -1 -1 -1 -1 
834 69 609 182 18 19 -1 -1 -1 -1 
835 63 500 166 24 22 -1 -1 -1 -1 
835 65 491 154 19 15 -1 -1 -1 -1 
835 69 578 173 19 20 -1 -1 -1 -1 
836 63 503 164 22 22 -1 -1 -1 -1 
836 65 494 152 16 14 -1 -1 -1 -1 
836 69 577 174 20 20 -1 -1 -1 -1 
837 63 503 164 22 22 -1 -1 -1 -1 
837 65 494 152 16 14 -1 -1 -1 -1 
837 69 577 174 20 20 -1 -1 -1 -1 
837 72 611 187 18 17 -1 -1 -1 -1 
838 63 504 163 21 22 -1 -1 -1 -1 
838 65 497 153 15 11 -1 -1 -1 -1 
838 69 578 174 20 23 -1 -1 -1 -1 
838 72 612 188 20 18 -1 -1 -1 -1 
839 63 505 162 20 21 -1 -1 -1 -1 
839 65 497 153 15 11 -1 -1 -1 -1 
839 69 578 179 22 22 -1 -1 -1 -1 
839 72 614 189 19 20 -1 -1 -1 -1 
840 63 507 162 18 19 -1 -1 -1 -1 
840 69 579 181 22 21 -1 -1 -1 -1 
840 72 615 188 20 23 -1 -1 -1 -1 
841 63 507 162 18 19 -1 -1 -1 -1 
841 69 579 181 22 21 -1 -1 -1 -1 
841 72 615 188 20 23 -1 -1 -1 -1 
841 74 0 348 139 123 -1 -1 -1 -1 
842 63 507 162 18 19 -1 -1 -1 -1 
842 69 579 184 23 21 -1 -1 -1 -1 
842 72 617 189 20 24 -1 -1 -1 -1 
843 69 580 184 23 25 -1 -1 -1 -1 
843 72 618 192 21 23 -1 -1 -1 -1 
843 74 59 306 157 104 -1 -1 -1 -1 
844 69 507 156 19 23 -1 -1 -1 -1 
844 72 619 193 20 26 -1 -1 -1 -1 
844 74 104 292 144 93 -1 -1 -1 -1 
845 69 508 157 19 21 -1 -1 -1 -1 
845 72 621 195 18 27 -1 -1 -1 -1 
845 74 144 278 130 83 -1 -1 -1 -1 
846 69 508 157 19 21 -1 -1 -1 -1 
846 72 621 195 18 27 -1 -1 -1 -1 
846 74 144 278 130 83 -1 -1 -1 -1 
846 75 582 185 25 29 -1 -1 -1 -1 
847 69 509 157 18 21 -1 -1 -1 -1 
847 72 622 196 17 27 -1 -1 -1 -1 
847 74 181 266 117 73 -1 -1 -1 -1 
847 75 582 189 27 29 -1 -1 -1 -1 
848 69 509 156 17 21 -1 -1 -1 -1 
848 72 623 198 16 27 -1 -1 -1 -1 
848 74 212 254 106 68 -1 -1 -1 -1 
848 75 583 187 27 34 -1 -1 -1 -1 
849 69 509 156 17 21 -1 -1 -1 -1 
849 72 623 198 16 27 -1 -1 -1 -1 
849 74 212 254 106 68 -1 -1 -1 -1 
849 75 583 187 27 34 -1 -1 -1 -1 
850 69 510 157 17 18 -1 -1 -1 -1 
850 72 624 199 15 30 -1 -1 -1 -1 
850 74 238 245 98 62 -1 -1 -1 -1 
850 75 583 191 29 33 -1 -1 -1 -1 
851 69 511 154 17 20 -1 -1 -1 -1 
851 72 626 207 13 25 -1 -1 -1 -1 
851 74 262 236 90 56 -1 -1 -1 -1 
851 75 584 192 28 37 -1 -1 -1 -1 
852 69 511 154 17 20 -1 -1 -1 -1 
852 72 626 207 13 25 -1 -1 -1 -1 
852 74 262 236 90 56 -1 -1 -1 -1 
852 75 584 192 28 37 -1 -1 -1 -1 
853 69 511 154 17 20 -1 -1 -1 -1 
853 72 626 207 13 25 -1 -1 -1 -1 
854 74 283 226 83 54 -1 -1 -1 -1 
854 75 586 194 28 39 -1 -1 -1 -1 
855 74 300 219 77 50 -1 -1 -1 -1 
856 69 585 174 20 21 -1 -1 -1 -1 
856 74 318 215 70 46 -1 -1 -1 -1 
857 69 585 174 20 21 -1 -1 -1 -1 
857 74 318 215 70 46 -1 -1 -1 -1 
858 69 587 173 20 24 -1 -1 -1 -1 
858 74 333 209 65 44 -1 -1 -1 -1 
859 69 587 173 20 24 -1 -1 -1 -1 
859 74 346 205 61 40 -1 -1 -1 -1 
860 74 346 205 61 40 -1 -1 -1 -1 
860 77 0 228 47 44 -1 -1 -1 -1 
861 74 356 200 59 40 -1 -1 -1 -1 
861 77 0 221 65 52 -1 -1 -1 -1 
862 74 368 198 53 34 -1 -1 -1 -1 
862 77 0 216 80 58 -1 -1 -1 -1 
863 74 379 195 48 33 -1 -1 -1 -1 
863 77 0 213 95 55 -1 -1 -1 -1 
864 74 379 195 48 33 -1 -1 -1 -1 
864 77 0 213 95 55 -1 -1 -1 -1 
864 78 594 218 43 63 -1 -1 -1 -1 
865 69 518 142 15 23 -1 -1 -1 -1 
865 74 386 192 50 33 -1 -1 -1 -1 
865 77 7 210 105 53 -1 -1 -1 -1 
865 78 594 225 45 66 -1 -1 -1 -1 
865 79 590 175 21 36 -1 -1 -1 -1 
866 69 518 144 15 20 -1 -1 -1 -1 
866 74 395 187 43 32 -1 -1 -1 -1 
866 77 25 206 97 51 -1 -1 -1 -1 
866 78 595 231 44 74 -1 -1 -1 -1 
866 79 592 178 20 35 -1 -1 -1 -1 
867 69 518 144 15 20 -1 -1 -1 -1 
867 74 403 185 39 29 -1 -1 -1 -1 
867 77 41 202 94 49 -1 -1 -1 -1 
867 78 597 238 42 79 -1 -1 -1 -1 
867 79 591 177 23 38 -1 -1 -1 -1 
868 74 416 179 36 28 -1 -1 -1 -1 
868 77 70 194 89 48 -1 -1 -1 -1 
868 78 601 256 38 97 -1 -1 -1 -1 
868 79 592 191 28 33 -1 -1 -1 -1 
868 80 203 339 169 137 -1 -1 -1 -1 
868 81 579 167 18 15 -1 -1 -1 -1 
869 74 422 178 32 26 -1 -1 -1 -1 
869 77 82 190 88 50 -1 -1 -1 -1 
869 78 603 266 36 106 -1 -1 -1 -1 
869 79 593 194 29 34 -1 -1 -1 -1 
869 80 238 320 152 122 -1 -1 -1 -1 
869 81 580 168 18 16 -1 -1 -1 -1 
870 74 422 178 32 26 -1 -1 -1 -1 
870 77 82 190 88 50 -1 -1 -1 -1 
870 78 603 266 36 106 -1 -1 -1 -1 
870 79 593 194 29 34 -1 -1 -1 -1 
870 80 238 320 152 122 -1 -1 -1 -1 
870 81 580 168 18 16 -1 -1 -1 -1 
870 83 82 283 159 99 -1 -1 -1 -1 
871 74 427 176 32 26 -1 -1 -1 -1 
871 77 99 190 81 45 -1 -1 -1 -1 
871 78 603 266 36 106 -1 -1 -1 -1 
871 79 594 197 30 34 -1 -1 -1 -1 
871 80 269 305 137 110 -1 -1 -1 -1 
871 81 579 168 20 17 -1 -1 -1 -1 
872 69 520 145 15 16 -1 -1 -1 -1 
872 74 431 174 32 25 -1 -1 -1 -1 
872 77 110 187 81 43 -1 -1 -1 -1 
872 79 595 200 29 33 -1 -1 -1 -1 
872 80 295 290 122 100 -1 -1 -1 -1 
872 81 581 169 17 16 -1 -1 -1 -1 
872 83 164 255 131 83 -1 -1 -1 -1 
873 69 520 145 15 16 -1 -1 -1 -1 
873 74 435 173 31 23 -1 -1 -1 -1 
873 77 122 185 78 41 -1 -1 -1 -1 
873 79 597 206 30 35 -1 -1 -1 -1 
873 80 318 275 111 94 -1 -1 -1 -1 
873 81 581 170 17 17 -1 -1 -1 -1 
874 74 440 170 29 23 -1 -1 -1 -1 
874 77 132 182 75 40 -1 -1 -1 -1 
874 79 598 207 31 37 -1 -1 -1 -1 
874 80 338 264 101 88 -1 -1 -1 -1 
874 81 581 170 17 18 -1 -1 -1 -1 
874 83 229 233 105 68 -1 -1 -1 -1 
875 74 440 170 29 23 -1 -1 -1 -1 
875 77 132 182 75 40 -1 -1 -1 -1 
875 79 598 207 31 37 -1 -1 -1 -1 
875 80 338 264 101 88 -1 -1 -1 -1 
875 81 581 170 17 18 -1 -1 -1 -1 
875 83 229 233 105 68 -1 -1 -1 -1 
876 74 444 169 30 23 -1 -1 -1 -1 
876 77 145 181 70 39 -1 -1 -1 -1 
876 79 598 213 33 40 -1 -1 -1 -1 
876 80 352 257 96 76 -1 -1 -1 -1 
876 81 581 170 18 19 -1 -1 -1 -1 
876 83 255 223 96 64 -1 -1 -1 -1 
877 74 448 167 28 23 -1 -1 -1 -1 
877 77 150 178 76 40 -1 -1 -1 -1 
877 79 601 215 35 43 -1 -1 -1 -1 
877 80 369 249 87 71 -1 -1 -1 -1 
877 81 581 170 19 21 -1 -1 -1 -1 
877 83 277 214 89 61 -1 -1 -1 -1 
878 74 448 167 28 23 -1 -1 -1 -1 
878 77 150 178 76 40 -1 -1 -1 -1 
878 79 601 215 35 43 -1 -1 -1 -1 
878 80 369 249 87 71 -1 -1 -1 -1 
878 81 581 170 19 21 -1 -1 -1 -1 
878 83 277 214 89 61 -1 -1 -1 -1 
878 84 599 189 25 26 -1 -1 -1 -1 
879 74 452 166 27 22 -1 -1 -1 -1 
879 77 165 177 63 37 -1 -1 -1 -1 
879 79 602 218 37 46 -1 -1 -1 -1 
879 80 381 242 82 66 -1 -1 -1 -1 
879 81 582 171 19 21 -1 -1 -1 -1 
879 83 297 212 80 52 -1 -1 -1 -1 
879 84 600 189 24 30 -1 -1 -1 -1 
880 74 452 166 27 22 -1 -1 -1 -1 
880 77 165 177 63 37 -1 -1 -1 -1 
880 79 602 218 37 46 -1 -1 -1 -1 
880 80 381 242 82 66 -1 -1 -1 -1 
880 81 582 171 19 21 -1 -1 -1 -1 
880 83 297 212 80 52 -1 -1 -1 -1 
880 84 600 189 24 30 -1 -1 -1 -1 
881 74 455 165 26 22 -1 -1 -1 -1 
881 77 172 175 62 37 -1 -1 -1 -1 
881 79 603 225 36 50 -1 -1 -1 -1 
881 80 393 236 72 59 -1 -1 -1 -1 
881 81 582 173 20 20 -1 -1 -1 -1 
881 83 314 203 75 53 -1 -1 -1 -1 
881 84 601 189 26 34 -1 -1 -1 -1 
882 74 456 164 27 20 -1 -1 -1 -1 
882 77 184 173 55 35 -1 -1 -1 -1 
882 79 607 230 32 51 -1 -1 -1 -1 
882 80 404 229 69 57 -1 -1 -1 -1 
882 81 583 174 18 21 -1 -1 -1 -1 
882 83 329 200 70 48 -1 -1 -1 -1 
882 84 602 192 29 38 -1 -1 -1 -1 
883 74 456 164 27 20 -1 -1 -1 -1 
883 77 184 173 55 35 -1 -1 -1 -1 
883 79 607 230 32 51 -1 -1 -1 -1 
883 80 404 229 69 57 -1 -1 -1 -1 
883 81 583 174 18 21 -1 -1 -1 -1 
883 83 329 200 70 48 -1 -1 -1 -1 
883 84 602 192 29 38 -1 -1 -1 -1 
884 74 460 162 25 20 -1 -1 -1 -1 
884 77 191 173 51 33 -1 -1 -1 -1 
884 79 607 236 32 56 -1 -1 -1 -1 
884 80 411 221 67 58 -1 -1 -1 -1 
884 81 583 175 20 22 -1 -1 -1 -1 
884 83 343 195 65 44 -1 -1 -1 -1 
884 84 602 194 30 41 -1 -1 -1 -1 
885 74 464 161 23 19 -1 -1 -1 -1 
885 77 198 171 46 33 -1 -1 -1 -1 
885 79 609 239 30 63 -1 -1 -1 -1 
885 80 424 214 58 56 -1 -1 -1 -1 
885 81 584 178 20 20 -1 -1 -1 -1 
885 83 356 193 61 40 -1 -1 -1 -1 
886 74 464 161 23 19 -1 -1 -1 -1 
886 77 198 171 46 33 -1 -1 -1 -1 
886 79 609 239 30 63 -1 -1 -1 -1 
886 80 424 214 58 56 -1 -1 -1 -1 
886 81 584 178 20 20 -1 -1 -1 -1 
886 83 356 193 61 40 -1 -1 -1 -1 
887 74 467 160 21 19 -1 -1 -1 -1 
887 77 198 171 46 33 -1 -1 -1 -1 
887 79 611 251 28 64 -1 -1 -1 -1 
887 80 428 211 56 52 -1 -1 -1 -1 
887 81 585 178 20 23 -1 -1 -1 -1 
887 83 367 189 56 38 -1 -1 -1 -1 
888 74 467 160 21 19 -1 -1 -1 -1 
888 79 611 251 28 64 -1 -1 -1 -1 
888 80 428 211 56 52 -1 -1 -1 -1 
888 81 585 178 20 23 -1 -1 -1 -1 
888 83 367 189 56 38 -1 -1 -1 -1 
888 84 605 202 30 41 -1 -1 -1 -1 
889 74 469 160 20 17 -1 -1 -1 -1 
889 79 612 259 27 68 -1 -1 -1 -1 
889 80 433 207 54 51 -1 -1 -1 -1 
889 81 584 179 21 24 -1 -1 -1 -1 
889 83 376 187 54 34 -1 -1 -1 -1 
889 84 608 204 31 44 -1 -1 -1 -1 
890 74 472 160 20 16 -1 -1 -1 -1 
890 79 613 269 26 75 -1 -1 -1 -1 
890 80 437 206 53 44 -1 -1 -1 -1 
890 81 585 180 21 24 -1 -1 -1 -1 
890 83 386 184 51 34 -1 -1 -1 -1 
890 84 608 204 31 44 -1 -1 -1 -1 
891 74 472 160 20 16 -1 -1 -1 -1 
891 79 613 269 26 75 -1 -1 -1 -1 
891 80 437 206 53 44 -1 -1 -1 -1 
891 81 585 180 21 24 -1 -1 -1 -1 
891 83 386 184 51 34 -1 -1 -1 -1 
891 86 1 385 196 94 -1 -1 -1 -1 
892 74 473 158 21 17 -1 -1 -1 -1 
892 78 609 207 30 52 -1 -1 -1 -1 
892 79 618 281 21 81 -1 -1 -1 -1 
892 80 445 204 48 42 -1 -1 -1 -1 
892 81 585 181 22 25 -1 -1 -1 -1 
892 83 395 182 47 31 -1 -1 -1 -1 
892 86 49 356 188 123 -1 -1 -1 -1 
893 74 476 155 20 19 -1 -1 -1 -1 
893 78 609 207 30 52 -1 -1 -1 -1 
893 79 623 296 16 88 -1 -1 -1 -1 
893 80 451 201 46 40 -1 -1 -1 -1 
893 81 585 182 23 26 -1 -1 -1 -1 
893 83 402 178 45 30 -1 -1 -1 -1 
894 74 476 155 20 19 -1 -1 -1 -1 
894 79 623 296 16 88 -1 -1 -1 -1 
894 80 451 201 46 40 -1 -1 -1 -1 
894 81 585 182 23 26 -1 -1 -1 -1 
894 83 402 178 45 30 -1 -1 -1 -1 
894 86 103 330 169 123 -1 -1 -1 -1 
895 74 478 156 20 18 -1 -1 -1 -1 
895 79 623 296 16 88 -1 -1 -1 -1 
895 80 455 198 43 38 -1 -1 -1 -1 
895 81 588 183 21 27 -1 -1 -1 -1 
895 83 409 177 41 30 -1 -1 -1 -1 
896 74 480 155 19 17 -1 -1 -1 -1 
896 80 459 195 41 38 -1 -1 -1 -1 
896 81 587 185 23 28 -1 -1 -1 -1 
896 83 417 175 40 28 -1 -1 -1 -1 
896 86 195 289 132 97 -1 -1 -1 -1 
897 74 480 155 19 17 -1 -1 -1 -1 
897 80 459 195 41 38 -1 -1 -1 -1 
897 81 587 185 23 28 -1 -1 -1 -1 
897 83 417 175 40 28 -1 -1 -1 -1 
897 86 195 289 132 97 -1 -1 -1 -1 
898 74 482 154 19 16 -1 -1 -1 -1 
898 80 463 192 38 36 -1 -1 -1 -1 
898 81 587 189 24 27 -1 -1 -1 -1 
898 83 421 173 39 25 -1 -1 -1 -1 
898 86 230 273 117 87 -1 -1 -1 -1 
899 74 484 153 17 16 -1 -1 -1 -1 
899 80 467 190 37 37 -1 -1 -1 -1 
899 81 588 190 24 28 -1 -1 -1 -1 
899 83 429 171 35 25 -1 -1 -1 -1 
899 86 230 273 117 87 -1 -1 -1 -1 
900 74 484 153 17 16 -1 -1 -1 -1 
900 80 467 190 37 37 -1 -1 -1 -1 
900 81 588 190 24 28 -1 -1 -1 -1 
900 83 429 171 35 25 -1 -1 -1 -1 
900 88 261 163 43 23 -1 -1 -1 -1 
901 74 485 152 16 16 -1 -1 -1 -1 
901 80 471 188 35 32 -1 -1 -1 -1 
901 81 589 192 25 29 -1 -1 -1 -1 
901 83 433 170 33 24 -1 -1 -1 -1 
901 86 286 248 96 69 -1 -1 -1 -1 
901 88 263 159 42 25 -1 -1 -1 -1 
902 74 487 152 15 15 -1 -1 -1 -1 
902 80 473 186 35 32 -1 -1 -1 -1 
902 81 590 193 27 32 -1 -1 -1 -1 
902 83 439 168 30 23 -1 -1 -1 -1 
902 86 308 239 84 63 -1 -1 -1 -1 
902 88 268 158 39 26 -1 -1 -1 -1 
903 74 487 152 15 15 -1 -1 -1 -1 
903 80 473 186 35 32 -1 -1 -1 -1 
903 81 590 193 27 32 -1 -1 -1 -1 
903 83 439 168 30 23 -1 -1 -1 -1 
903 86 308 239 84 63 -1 -1 -1 -1 
903 88 268 158 39 26 -1 -1 -1 -1 
904 74 488 150 16 16 -1 -1 -1 -1 
904 80 475 185 33 30 -1 -1 -1 -1 
904 81 590 194 28 34 -1 -1 -1 -1 
904 83 442 166 30 25 -1 -1 -1 -1 
904 86 328 229 75 57 -1 -1 -1 -1 
904 88 273 159 33 24 -1 -1 -1 -1 
905 74 488 150 16 16 -1 -1 -1 -1 
905 80 475 185 33 30 -1 -1 -1 -1 
905 81 590 194 28 34 -1 -1 -1 -1 
905 83 442 166 30 25 -1 -1 -1 -1 
905 86 328 229 75 57 -1 -1 -1 -1 
905 88 273 159 33 24 -1 -1 -1 -1 
906 74 490 151 14 14 -1 -1 -1 -1 
906 80 478 183 33 29 -1 -1 -1 -1 
906 81 593 196 26 35 -1 -1 -1 -1 
906 83 448 166 28 21 -1 -1 -1 -1 
906 86 344 222 70 51 -1 -1 -1 -1 
906 88 278 157 31 24 -1 -1 -1 -1 
907 74 490 151 14 14 -1 -1 -1 -1 
907 80 480 181 32 27 -1 -1 -1 -1 
907 81 593 196 26 35 -1 -1 -1 -1 
908 80 480 181 32 27 -1 -1 -1 -1 
908 83 451 164 28 21 -1 -1 -1 -1 
908 86 360 215 63 50 -1 -1 -1 -1 
909 74 493 150 14 12 -1 -1 -1 -1 
909 80 483 179 30 28 -1 -1 -1 -1 
909 83 455 164 27 20 -1 -1 -1 -1 
910 74 493 150 14 12 -1 -1 -1 -1 
910 80 483 179 30 28 -1 -1 -1 -1 
910 83 455 164 27 20 -1 -1 -1 -1 
911 74 493 150 14 12 -1 -1 -1 -1 
911 80 485 179 29 25 -1 -1 -1 -1 
911 83 459 162 26 20 -1 -1 -1 -1 
911 86 382 204 59 44 -1 -1 -1 -1 
912 80 486 177 29 26 -1 -1 -1 -1 
912 81 596 209 29 38 -1 -1 -1 -1 
912 83 462 160 26 20 -1 -1 -1 -1 
912 86 392 200 55 41 -1 -1 -1 -1 
913 80 486 177 29 26 -1 -1 -1 -1 
913 81 596 209 29 38 -1 -1 -1 -1 
913 83 462 160 26 20 -1 -1 -1 -1 
913 86 392 200 55 41 -1 -1 -1 -1 
914 80 489 174 27 26 -1 -1 -1 -1 
914 81 597 212 30 39 -1 -1 -1 -1 
914 83 465 159 26 19 -1 -1 -1 -1 
914 86 400 197 51 38 -1 -1 -1 -1 
915 80 492 173 26 24 -1 -1 -1 -1 
915 81 597 214 32 43 -1 -1 -1 -1 
915 83 468 159 24 17 -1 -1 -1 -1 
915 86 408 193 47 36 -1 -1 -1 -1 
916 80 492 173 26 24 -1 -1 -1 -1 
916 81 597 214 32 43 -1 -1 -1 -1 
916 83 468 159 24 17 -1 -1 -1 -1 
916 86 408 193 47 36 -1 -1 -1 -1 
917 74 497 147 15 13 -1 -1 -1 -1 
917 80 493 171 27 24 -1 -1 -1 -1 
917 81 598 218 34 46 -1 -1 -1 -1 
917 83 472 157 23 17 -1 -1 -1 -1 
917 86 416 190 42 35 -1 -1 -1 -1 
918 74 497 147 15 13 -1 -1 -1 -1 
918 80 496 170 25 23 -1 -1 -1 -1 
918 81 599 221 38 47 -1 -1 -1 -1 
918 83 474 156 23 18 -1 -1 -1 -1 
919 80 497 170 25 23 -1 -1 -1 -1 
919 81 600 226 39 52 -1 -1 -1 -1 
919 83 477 155 22 18 -1 -1 -1 -1 
919 86 428 184 39 32 -1 -1 -1 -1 
920 80 497 170 25 23 -1 -1 -1 -1 
920 81 600 226 39 52 -1 -1 -1 -1 
920 83 477 155 22 18 -1 -1 -1 -1 
920 86 428 184 39 32 -1 -1 -1 -1 
921 80 497 168 26 24 -1 -1 -1 -1 
921 81 601 232 38 53 -1 -1 -1 -1 
921 83 479 155 22 16 -1 -1 -1 -1 
921 86 434 181 35 30 -1 -1 -1 -1 
922 80 499 168 25 22 -1 -1 -1 -1 
922 81 603 236 36 57 -1 -1 -1 -1 
922 83 483 153 20 17 -1 -1 -1 -1 
922 86 439 179 34 29 -1 -1 -1 -1 
923 80 499 168 25 22 -1 -1 -1 -1 
923 81 603 236 36 57 -1 -1 -1 -1 
923 83 483 153 20 17 -1 -1 -1 -1 
923 86 439 179 34 29 -1 -1 -1 -1 
924 80 500 167 24 21 -1 -1 -1 -1 
924 81 605 243 34 59 -1 -1 -1 -1 
924 83 485 153 19 16 -1 -1 -1 -1 
924 86 442 177 34 27 -1 -1 -1 -1 
925 80 502 166 23 20 -1 -1 -1 -1 
925 81 606 248 33 64 -1 -1 -1 -1 
925 83 487 152 18 16 -1 -1 -1 -1 
925 86 448 176 31 26 -1 -1 -1 -1 
926 80 502 166 23 20 -1 -1 -1 -1 
926 81 606 248 33 64 -1 -1 -1 -1 
926 83 487 152 18 16 -1 -1 -1 -1 
926 86 448 176 31 26 -1 -1 -1 -1 
927 80 504 165 22 20 -1 -1 -1 -1 
927 81 608 255 31 69 -1 -1 -1 -1 
927 83 489 151 17 16 -1 -1 -1 -1 
927 86 451 173 31 25 -1 -1 -1 -1 
928 80 505 163 22 20 -1 -1 -1 -1 
928 81 611 264 28 71 -1 -1 -1 -1 
928 83 491 151 17 14 -1 -1 -1 -1 
928 86 455 173 29 23 -1 -1 -1 -1 
929 80 505 163 22 20 -1 -1 -1 -1 
929 81 611 264 28 71 -1 -1 -1 -1 
929 83 491 151 17 14 -1 -1 -1 -1 
929 86 455 173 29 23 -1 -1 -1 -1 
930 80 507 164 20 17 -1 -1 -1 -1 
930 81 612 272 27 81 -1 -1 -1 -1 
930 83 493 150 17 14 -1 -1 -1 -1 
930 86 459 170 28 23 -1 -1 -1 -1 
931 80 508 163 19 18 -1 -1 -1 -1 
931 81 612 272 27 81 -1 -1 -1 -1 
931 83 495 150 15 12 -1 -1 -1 -1 
932 80 510 161 18 19 -1 -1 -1 -1 
932 83 498 149 14 12 -1 -1 -1 -1 
932 86 465 168 24 21 -1 -1 -1 -1 
933 80 510 161 18 19 -1 -1 -1 -1 
933 83 498 149 14 12 -1 -1 -1 -1 
933 86 465 168 24 21 -1 -1 -1 -1 
934 80 510 159 20 20 -1 -1 -1 -1 
934 83 500 149 14 12 -1 -1 -1 -1 
934 86 467 167 25 20 -1 -1 -1 -1 
935 80 510 159 20 20 -1 -1 -1 -1 
935 83 500 149 14 12 -1 -1 -1 -1 
935 86 467 167 25 20 -1 -1 -1 -1 
936 80 511 159 20 19 -1 -1 -1 -1 
936 83 500 148 16 13 -1 -1 -1 -1 
936 86 470 165 24 19 -1 -1 -1 -1 
937 80 512 158 19 19 -1 -1 -1 -1 
937 83 502 147 16 13 -1 -1 -1 -1 
937 86 474 163 21 19 -1 -1 -1 -1 
938 80 512 158 19 19 -1 -1 -1 -1 
938 83 502 147 16 13 -1 -1 -1 -1 
938 86 474 163 21 19 -1 -1 -1 -1 
939 80 512 159 20 16 -1 -1 -1 -1 
939 83 504 147 16 13 -1 -1 -1 -1 
939 86 477 162 21 18 -1 -1 -1 -1 
