4 2 453 163 30 23 -1 -1 -1 -1 
5 2 453 163 30 23 -1 -1 -1 -1 
6 2 456 162 29 23 -1 -1 -1 -1 
7 2 459 161 26 21 -1 -1 -1 -1 
8 2 459 161 26 21 -1 -1 -1 -1 
9 2 462 160 26 21 -1 -1 -1 -1 
10 2 462 160 26 21 -1 -1 -1 -1 
11 2 464 158 26 22 -1 -1 -1 -1 
12 2 466 158 24 20 -1 -1 -1 -1 
13 2 466 158 24 20 -1 -1 -1 -1 
14 2 468 158 23 18 -1 -1 -1 -1 
15 2 471 156 22 21 -1 -1 -1 -1 
16 2 471 156 22 21 -1 -1 -1 -1 
17 2 472 155 23 20 -1 -1 -1 -1 
18 2 474 154 22 20 -1 -1 -1 -1 
19 2 474 154 22 20 -1 -1 -1 -1 
20 2 477 153 22 19 -1 -1 -1 -1 
21 2 477 153 22 19 -1 -1 -1 -1 
22 2 478 153 21 19 -1 -1 -1 -1 
23 2 479 153 22 18 -1 -1 -1 -1 
24 2 479 153 22 18 -1 -1 -1 -1 
25 2 482 153 20 17 -1 -1 -1 -1 
26 2 482 153 20 17 -1 -1 -1 -1 
27 2 483 152 20 18 -1 -1 -1 -1 
28 2 484 152 19 17 -1 -1 -1 -1 
29 2 484 152 19 17 -1 -1 -1 -1 
30 2 485 151 18 16 -1 -1 -1 -1 
31 2 485 151 18 16 -1 -1 -1 -1 
32 2 487 151 18 15 -1 -1 -1 -1 
33 2 488 151 18 15 -1 -1 -1 -1 
34 2 488 151 18 15 -1 -1 -1 -1 
35 2 490 150 18 15 -1 -1 -1 -1 
36 2 491 150 18 14 -1 -1 -1 -1 
37 2 491 150 18 14 -1 -1 -1 -1 
38 2 493 150 17 13 -1 -1 -1 -1 
39 2 493 150 17 13 -1 -1 -1 -1 
40 2 493 150 18 13 -1 -1 -1 -1 
41 2 494 149 18 14 -1 -1 -1 -1 
42 2 494 149 18 14 -1 -1 -1 -1 
43 2 495 149 18 14 -1 -1 -1 -1 
44 2 497 148 16 13 -1 -1 -1 -1 
45 2 497 148 16 13 -1 -1 -1 -1 
46 2 498 148 16 13 -1 -1 -1 -1 
47 2 498 148 16 13 -1 -1 -1 -1 
48 2 499 147 16 14 -1 -1 -1 -1 
49 2 500 148 15 12 -1 -1 -1 -1 
50 2 500 148 15 12 -1 -1 -1 -1 
51 2 501 148 14 12 -1 -1 -1 -1 
52 2 501 148 14 12 -1 -1 -1 -1 
94 2 501 148 14 12 -1 -1 -1 -1 
96 5 30 366 261 112 -1 -1 -1 -1 
97 5 101 338 225 139 -1 -1 -1 -1 
98 5 101 338 225 139 -1 -1 -1 -1 
99 5 162 312 194 140 -1 -1 -1 -1 
100 5 212 291 164 119 -1 -1 -1 -1 
101 5 212 291 164 119 -1 -1 -1 -1 
102 5 259 268 136 109 -1 -1 -1 -1 
103 5 289 258 123 93 -1 -1 -1 -1 
104 5 289 258 123 93 -1 -1 -1 -1 
104 6 288 258 124 93 -1 -1 -1 -1 
105 5 316 247 109 84 -1 -1 -1 -1 
106 5 340 235 97 82 -1 -1 -1 -1 
107 5 359 227 87 79 -1 -1 -1 -1 
108 5 359 227 87 79 -1 -1 -1 -1 
109 5 377 219 78 65 -1 -1 -1 -1 
110 5 389 212 75 62 -1 -1 -1 -1 
111 5 389 212 75 62 -1 -1 -1 -1 
112 5 401 205 68 64 -1 -1 -1 -1 
113 5 413 203 62 56 -1 -1 -1 -1 
114 5 422 196 59 53 -1 -1 -1 -1 
115 5 422 196 59 53 -1 -1 -1 -1 
116 5 430 193 55 51 -1 -1 -1 -1 
117 5 437 191 51 47 -1 -1 -1 -1 
118 5 437 191 51 47 -1 -1 -1 -1 
120 8 111 369 229 109 -1 -1 -1 -1 
121 5 456 182 43 41 -1 -1 -1 -1 
121 8 176 339 195 139 -1 -1 -1 -1 
122 5 461 179 40 38 -1 -1 -1 -1 
122 8 230 313 166 131 -1 -1 -1 -1 
123 5 465 176 38 38 -1 -1 -1 -1 
123 8 274 293 139 108 -1 -1 -1 -1 
124 5 465 176 38 38 -1 -1 -1 -1 
124 8 274 293 139 108 -1 -1 -1 -1 
125 5 469 176 35 33 -1 -1 -1 -1 
125 8 309 268 123 104 -1 -1 -1 -1 
126 5 472 174 34 31 -1 -1 -1 -1 
126 8 341 255 102 91 -1 -1 -1 -1 
127 5 475 172 33 30 -1 -1 -1 -1 
127 8 362 246 94 79 -1 -1 -1 -1 
128 5 478 171 30 27 -1 -1 -1 -1 
128 8 379 234 86 74 -1 -1 -1 -1 
129 5 478 171 30 27 -1 -1 -1 -1 
129 8 379 234 86 74 -1 -1 -1 -1 
130 5 481 168 31 28 -1 -1 -1 -1 
130 8 397 224 76 68 -1 -1 -1 -1 
131 5 487 166 28 27 -1 -1 -1 -1 
131 8 421 216 67 55 -1 -1 -1 -1 
132 5 489 165 26 25 -1 -1 -1 -1 
132 8 432 210 58 50 -1 -1 -1 -1 
133 5 489 165 26 25 -1 -1 -1 -1 
133 8 432 210 58 50 -1 -1 -1 -1 
133 10 207 321 186 153 -1 -1 -1 -1 
134 5 491 163 25 25 -1 -1 -1 -1 
134 8 440 205 56 47 -1 -1 -1 -1 
134 10 258 299 155 132 -1 -1 -1 -1 
135 5 496 161 24 21 -1 -1 -1 -1 
135 8 455 197 46 40 -1 -1 -1 -1 
135 10 258 299 155 132 -1 -1 -1 -1 
136 5 498 160 23 21 -1 -1 -1 -1 
136 8 461 192 43 39 -1 -1 -1 -1 
137 5 498 160 23 21 -1 -1 -1 -1 
137 8 461 192 43 39 -1 -1 -1 -1 
137 12 352 248 105 92 -1 -1 -1 -1 
138 5 499 158 23 21 -1 -1 -1 -1 
138 8 467 189 42 38 -1 -1 -1 -1 
138 12 373 237 93 82 -1 -1 -1 -1 
139 5 501 158 22 19 -1 -1 -1 -1 
139 8 471 185 39 37 -1 -1 -1 -1 
139 12 392 227 81 80 -1 -1 -1 -1 
140 5 501 158 22 19 -1 -1 -1 -1 
140 8 471 185 39 37 -1 -1 -1 -1 
140 12 392 227 81 80 -1 -1 -1 -1 
141 5 503 158 21 17 -1 -1 -1 -1 
141 8 474 183 38 35 -1 -1 -1 -1 
141 12 404 220 75 69 -1 -1 -1 -1 
142 5 505 155 20 19 -1 -1 -1 -1 
142 8 479 179 35 34 -1 -1 -1 -1 
142 12 419 212 68 67 -1 -1 -1 -1 
143 5 506 155 19 17 -1 -1 -1 -1 
143 8 482 177 35 32 -1 -1 -1 -1 
143 12 430 207 60 61 -1 -1 -1 -1 
144 5 508 154 18 16 -1 -1 -1 -1 
144 8 486 174 32 31 -1 -1 -1 -1 
144 12 439 202 54 57 -1 -1 -1 -1 
145 5 508 154 18 16 -1 -1 -1 -1 
145 8 486 174 32 31 -1 -1 -1 -1 
145 12 439 202 54 57 -1 -1 -1 -1 
146 5 510 153 17 17 -1 -1 -1 -1 
146 8 490 173 29 29 -1 -1 -1 -1 
146 12 447 200 49 50 -1 -1 -1 -1 
147 5 511 153 17 16 -1 -1 -1 -1 
147 8 493 171 28 27 -1 -1 -1 -1 
147 12 454 193 45 52 -1 -1 -1 -1 
148 5 511 152 17 15 -1 -1 -1 -1 
148 8 497 170 25 25 -1 -1 -1 -1 
148 12 462 189 42 46 -1 -1 -1 -1 
149 5 511 152 17 15 -1 -1 -1 -1 
149 8 497 170 25 25 -1 -1 -1 -1 
149 12 462 189 42 46 -1 -1 -1 -1 
150 5 512 151 18 15 -1 -1 -1 -1 
150 8 497 168 27 27 -1 -1 -1 -1 
150 12 467 186 41 45 -1 -1 -1 -1 
151 5 513 150 17 16 -1 -1 -1 -1 
151 8 499 167 28 25 -1 -1 -1 -1 
151 12 470 184 40 42 -1 -1 -1 -1 
152 5 513 150 17 16 -1 -1 -1 -1 
152 8 504 167 24 23 -1 -1 -1 -1 
153 8 504 167 24 23 -1 -1 -1 -1 
153 12 477 181 34 35 -1 -1 -1 -1 
154 8 505 165 25 23 -1 -1 -1 -1 
154 12 479 178 37 38 -1 -1 -1 -1 
155 8 507 164 22 20 -1 -1 -1 -1 
155 12 484 177 32 35 -1 -1 -1 -1 
156 8 507 164 22 20 -1 -1 -1 -1 
156 12 484 177 32 35 -1 -1 -1 -1 
157 8 507 164 22 20 -1 -1 -1 -1 
158 12 491 176 26 29 -1 -1 -1 -1 
159 12 491 176 26 29 -1 -1 -1 -1 
160 12 493 171 27 31 -1 -1 -1 -1 
161 12 497 168 25 31 -1 -1 -1 -1 
162 12 498 167 24 29 -1 -1 -1 -1 
163 12 502 166 23 27 -1 -1 -1 -1 
164 12 502 166 23 27 -1 -1 -1 -1 
165 12 503 163 27 28 -1 -1 -1 -1 
166 12 503 163 27 28 -1 -1 -1 -1 
167 12 504 162 26 28 -1 -1 -1 -1 
168 12 504 162 26 28 -1 -1 -1 -1 
169 13 1 231 154 228 -1 -1 -1 -1 
170 12 509 160 24 24 -1 -1 -1 -1 
170 13 1 221 181 245 -1 -1 -1 -1 
171 12 510 161 24 21 -1 -1 -1 -1 
171 13 0 211 208 239 -1 -1 -1 -1 
172 12 510 161 24 21 -1 -1 -1 -1 
172 13 0 211 208 239 -1 -1 -1 -1 
173 12 513 158 22 22 -1 -1 -1 -1 
173 13 1 207 230 236 -1 -1 -1 -1 
174 12 514 156 20 23 -1 -1 -1 -1 
174 13 0 194 267 230 -1 -1 -1 -1 
175 12 516 154 22 24 -1 -1 -1 -1 
175 13 4 194 268 261 -1 -1 -1 -1 
176 12 516 154 22 24 -1 -1 -1 -1 
176 13 4 194 268 261 -1 -1 -1 -1 
177 12 517 152 21 24 -1 -1 -1 -1 
177 13 3 187 289 265 -1 -1 -1 -1 
178 12 518 152 21 21 -1 -1 -1 -1 
178 13 4 182 304 279 -1 -1 -1 -1 
179 12 520 151 20 20 -1 -1 -1 -1 
179 13 3 169 320 270 -1 -1 -1 -1 
180 12 520 151 20 20 -1 -1 -1 -1 
180 13 3 169 320 270 -1 -1 -1 -1 
181 12 521 149 20 22 -1 -1 -1 -1 
181 13 3 169 331 248 -1 -1 -1 -1 
182 12 521 149 20 22 -1 -1 -1 -1 
182 13 3 169 331 248 -1 -1 -1 -1 
183 12 522 147 20 23 -1 -1 -1 -1 
183 13 23 168 324 231 -1 -1 -1 -1 
184 12 522 147 20 21 -1 -1 -1 -1 
184 13 64 166 291 216 -1 -1 -1 -1 
185 12 523 147 18 21 -1 -1 -1 -1 
185 13 89 166 277 199 -1 -1 -1 -1 
186 12 523 147 18 21 -1 -1 -1 -1 
186 13 89 166 277 199 -1 -1 -1 -1 
187 12 523 147 18 21 -1 -1 -1 -1 
188 13 120 165 255 185 -1 -1 -1 -1 
189 13 148 162 235 175 -1 -1 -1 -1 
190 13 172 160 222 164 -1 -1 -1 -1 
191 13 172 160 222 164 -1 -1 -1 -1 
192 13 198 158 202 154 -1 -1 -1 -1 
193 13 198 158 202 154 -1 -1 -1 -1 
194 13 216 158 187 144 -1 -1 -1 -1 
195 13 233 157 175 135 -1 -1 -1 -1 
196 13 233 157 175 135 -1 -1 -1 -1 
