3 1 502 158 28 23 -1 -1 -1 -1 
4 1 504 158 27 20 -1 -1 -1 -1 
5 1 504 158 27 20 -1 -1 -1 -1 
6 1 505 155 28 21 -1 -1 -1 -1 
7 1 505 155 28 21 -1 -1 -1 -1 
8 1 507 154 26 21 -1 -1 -1 -1 
9 1 507 154 26 21 -1 -1 -1 -1 
10 1 508 154 27 20 -1 -1 -1 -1 
11 1 508 154 27 20 -1 -1 -1 -1 
12 1 512 152 22 20 -1 -1 -1 -1 
13 1 512 152 22 20 -1 -1 -1 -1 
14 1 514 150 21 19 -1 -1 -1 -1 
15 1 516 150 20 18 -1 -1 -1 -1 
16 1 516 150 20 18 -1 -1 -1 -1 
17 1 517 149 19 17 -1 -1 -1 -1 
18 1 518 149 19 15 -1 -1 -1 -1 
19 1 518 149 19 15 -1 -1 -1 -1 
20 1 520 148 17 15 -1 -1 -1 -1 
